Unique identification number of the institution,Level of student,Grand total,Grand total men,Grand total women,American Indian or Alaska Native total,American Indian or Alaska Native men,American Indian or Alaska Native women,Asian total,Asian men,Asian women,Black or African American total,Black or African American men,Black or African American women,Hispanic or Latino total,Hispanic or Latino men,Hispanic or Latino women,Native Hawaiian or Other Pacific Islander total,Native Hawaiian or Other Pacific Islander men,Native Hawaiian or Other Pacific Islander women,White total,White men,White women,Two or more races total,Two or more races men,Two or more races women,Race/ethnicity unknown total,Race/ethnicity unknown men,Race/ethnicity unknown women,Nonresident alien total,Nonresident alien men,Nonresident alien women
100654,Total students enrolled for credit,6392,2655,3737,15,4,11,23,14,9,5703,2365,3338,43,19,24,11,5,6,288,117,171,224,82,142,14,5,9,71,44,27
100654,Undergraduate students,5207,2286,2921,11,3,8,12,6,6,4742,2063,2679,36,18,18,10,5,5,137,82,55,210,82,128,11,4,7,38,23,15
100654,Graduate student,1185,369,816,4,1,3,11,8,3,961,302,659,7,1,6,1,0,1,151,35,116,14,0,14,3,1,2,33,21,12
100663,Total students enrolled for credit,23196,9031,14165,62,26,36,1214,522,692,5047,1543,3504,718,284,434,15,7,8,13952,5580,8372,791,300,491,374,156,218,1023,613,410
100663,Undergraduate students,13308,5528,7780,36,15,21,743,326,417,3497,1142,2355,429,186,243,4,1,3,7515,3327,4188,522,210,312,198,89,109,364,232,132
100663,Graduate student,9888,3503,6385,26,11,15,471,196,275,1550,401,1149,289,98,191,11,6,5,6437,2253,4184,269,90,179,176,67,109,659,381,278
100690,Total students enrolled for credit,868,341,527,2,1,1,3,1,2,347,87,260,87,32,55,5,0,5,159,96,63,0,0,0,265,124,141,0,0,0
100690,Undergraduate students,431,177,254,0,0,0,2,1,1,195,56,139,44,19,25,1,0,1,66,37,29,0,0,0,123,64,59,0,0,0
100690,Graduate student,437,164,273,2,1,1,1,0,1,152,31,121,43,13,30,4,0,4,93,59,34,0,0,0,142,60,82,0,0,0
100706,Total students enrolled for credit,9897,5555,4342,113,69,44,375,201,174,1015,420,595,377,197,180,3,2,1,6573,3847,2726,149,69,80,710,352,358,582,398,184
100706,Undergraduate students,7519,4287,3232,90,58,32,304,167,137,813,350,463,313,170,143,3,2,1,5055,3034,2021,129,62,67,595,302,293,217,142,75
100706,Graduate student,2378,1268,1110,23,11,12,71,34,37,202,70,132,64,27,37,0,0,0,1518,813,705,20,7,13,115,50,65,365,256,109
100724,Total students enrolled for credit,5916,2223,3693,9,2,7,31,15,16,5379,1987,3392,63,32,31,2,0,2,212,85,127,70,24,46,54,25,29,96,53,43
100724,Undergraduate students,5229,2024,3205,8,2,6,17,8,9,4867,1854,3013,59,29,30,2,0,2,83,42,41,63,21,42,51,22,29,79,46,33
100724,Graduate student,687,199,488,1,0,1,14,7,7,512,133,379,4,3,1,0,0,0,129,43,86,7,3,4,3,3,0,17,7,10
100751,Total students enrolled for credit,41834,18459,23375,164,76,88,542,231,311,4743,1620,3123,1729,733,996,42,19,23,31597,14203,17394,1150,441,709,201,98,103,1666,1038,628
100751,Undergraduate students,35625,15883,19742,134,63,71,451,202,249,3909,1411,2498,1527,648,879,33,15,18,27372,12423,14949,1036,404,632,133,71,62,1030,646,384
100751,Graduate student,6209,2576,3633,30,13,17,91,29,62,834,209,625,202,85,117,9,4,5,4225,1780,2445,114,37,77,68,27,41,636,392,244
100760,Total students enrolled for credit,2419,1051,1368,11,6,5,5,0,5,616,199,417,26,18,8,1,0,1,1726,812,914,18,7,11,13,6,7,3,3,0
100760,Undergraduate students,2419,1051,1368,11,6,5,5,0,5,616,199,417,26,18,8,1,0,1,1726,812,914,18,7,11,13,6,7,3,3,0
100812,Total students enrolled for credit,4113,1454,2659,56,18,38,34,13,21,601,201,400,100,37,63,4,0,4,3111,1109,2002,73,18,55,130,55,75,4,3,1
100812,Undergraduate students,4070,1428,2642,56,18,38,33,12,21,596,198,398,100,37,63,4,0,4,3076,1088,1988,71,17,54,130,55,75,4,3,1
100812,Graduate student,43,26,17,0,0,0,1,1,0,5,3,2,0,0,0,0,0,0,35,21,14,2,1,1,0,0,0,0,0,0
100830,Total students enrolled for credit,5775,2046,3729,27,12,15,142,54,88,2001,543,1458,76,31,45,4,1,3,2907,1153,1754,162,55,107,188,52,136,268,145,123
100830,Undergraduate students,5004,1795,3209,27,12,15,133,51,82,1794,485,1309,72,29,43,4,1,3,2578,1036,1542,157,54,103,33,16,17,206,111,95
100830,Graduate student,771,251,520,0,0,0,9,3,6,207,58,149,4,2,2,0,0,0,329,117,212,5,1,4,155,36,119,62,34,28
100858,Total students enrolled for credit,30392,15498,14894,141,59,82,751,399,352,2139,997,1142,976,449,527,14,7,7,23179,11559,11620,402,181,221,169,101,68,2621,1746,875
100858,Undergraduate students,23846,12374,11472,113,46,67,586,331,255,1636,808,828,775,353,422,8,5,3,19001,9718,9283,314,144,170,135,78,57,1278,891,387
100858,Graduate student,6546,3124,3422,28,13,15,165,68,97,503,189,314,201,96,105,6,2,4,4178,1841,2337,88,37,51,34,23,11,1343,855,488
100937,Total students enrolled for credit,1325,649,676,9,3,6,64,25,39,157,79,78,30,13,17,0,0,0,1047,522,525,15,6,9,3,1,2,0,0,0
100937,Undergraduate students,1325,649,676,9,3,6,64,25,39,157,79,78,30,13,17,0,0,0,1047,522,525,15,6,9,3,1,2,0,0,0
101028,Total students enrolled for credit,2149,863,1286,10,4,6,21,9,12,885,323,562,126,55,71,7,5,2,1027,430,597,53,25,28,20,12,8,0,0,0
101028,Undergraduate students,2149,863,1286,10,4,6,21,9,12,885,323,562,126,55,71,7,5,2,1027,430,597,53,25,28,20,12,8,0,0,0
101073,Total students enrolled for credit,345,178,167,0,0,0,0,0,0,316,159,157,1,1,0,0,0,0,15,8,7,0,0,0,1,1,0,12,9,3
101073,Undergraduate students,345,178,167,0,0,0,0,0,0,316,159,157,1,1,0,0,0,0,15,8,7,0,0,0,1,1,0,12,9,3
101116,Total students enrolled for credit,818,210,608,5,0,5,10,4,6,546,139,407,16,5,11,5,0,5,223,56,167,0,0,0,13,6,7,0,0,0
101116,Undergraduate students,643,170,473,2,0,2,8,4,4,421,104,317,16,5,11,5,0,5,179,52,127,0,0,0,12,5,7,0,0,0
101116,Graduate student,175,40,135,3,0,3,2,0,2,125,35,90,0,0,0,0,0,0,44,4,40,0,0,0,1,1,0,0,0,0
101143,Total students enrolled for credit,2458,1252,1206,19,10,9,44,35,9,569,261,308,126,67,59,7,2,5,1615,836,779,65,35,30,13,6,7,0,0,0
101143,Undergraduate students,2458,1252,1206,19,10,9,44,35,9,569,261,308,126,67,59,7,2,5,1615,836,779,65,35,30,13,6,7,0,0,0
101161,Total students enrolled for credit,7048,2677,4371,114,46,68,91,35,56,1293,423,870,204,71,133,8,3,5,5170,2033,3137,141,50,91,16,8,8,11,8,3
101161,Undergraduate students,7048,2677,4371,114,46,68,91,35,56,1293,423,870,204,71,133,8,3,5,5170,2033,3137,141,50,91,16,8,8,11,8,3
101189,Total students enrolled for credit,4105,1638,2467,29,14,15,29,17,12,1902,517,1385,86,46,40,8,5,3,1844,912,932,67,30,37,72,40,32,68,57,11
101189,Undergraduate students,3143,1235,1908,15,7,8,20,14,6,1494,417,1077,66,37,29,8,5,3,1370,643,727,60,28,32,49,30,19,61,54,7
101189,Graduate student,962,403,559,14,7,7,9,3,6,408,100,308,20,9,11,0,0,0,474,269,205,7,2,5,23,10,13,7,3,4
101240,Total students enrolled for credit,7080,2833,4247,59,21,38,46,22,24,1405,545,860,246,94,152,7,2,5,4953,1992,2961,161,53,108,27,16,11,176,88,88
101240,Undergraduate students,7080,2833,4247,59,21,38,46,22,24,1405,545,860,246,94,152,7,2,5,4953,1992,2961,161,53,108,27,16,11,176,88,88
101277,Total students enrolled for credit,118,5,113,0,0,0,0,0,0,2,0,2,10,1,9,0,0,0,106,4,102,0,0,0,0,0,0,0,0,0
101277,Undergraduate students,118,5,113,0,0,0,0,0,0,2,0,2,10,1,9,0,0,0,106,4,102,0,0,0,0,0,0,0,0,0
101286,Total students enrolled for credit,6098,2167,3931,24,13,11,48,20,28,1694,486,1208,170,62,108,8,3,5,4042,1548,2494,98,31,67,12,2,10,2,2,0
101286,Undergraduate students,6098,2167,3931,24,13,11,48,20,28,1694,486,1208,170,62,108,8,3,5,4042,1548,2494,98,31,67,12,2,10,2,2,0
101295,Total students enrolled for credit,7270,2728,4542,73,23,50,49,15,34,427,132,295,256,117,139,2,1,1,6206,2326,3880,40,18,22,148,62,86,69,34,35
101295,Undergraduate students,7270,2728,4542,73,23,50,49,15,34,427,132,295,256,117,139,2,1,1,6206,2326,3880,40,18,22,148,62,86,69,34,35
101301,Total students enrolled for credit,2765,1006,1759,6,4,2,8,7,1,1818,601,1217,20,10,10,0,0,0,833,339,494,20,10,10,30,8,22,30,27,3
101301,Undergraduate students,2765,1006,1759,6,4,2,8,7,1,1818,601,1217,20,10,10,0,0,0,833,339,494,20,10,10,30,8,22,30,27,3
101365,Total students enrolled for credit,958,290,668,5,2,3,1,0,1,569,84,485,19,7,12,0,0,0,292,174,118,6,3,3,66,20,46,0,0,0
101365,Undergraduate students,938,282,656,5,2,3,1,0,1,556,80,476,19,7,12,0,0,0,289,171,118,6,3,3,62,19,43,0,0,0
101365,Graduate student,20,8,12,0,0,0,0,0,0,13,4,9,0,0,0,0,0,0,3,3,0,0,0,0,4,1,3,0,0,0
101435,Total students enrolled for credit,1321,662,659,14,3,11,10,4,6,290,134,156,54,27,27,2,1,1,828,444,384,50,24,26,71,25,46,2,0,2
101435,Undergraduate students,1321,662,659,14,3,11,10,4,6,290,134,156,54,27,27,2,1,1,828,444,384,50,24,26,71,25,46,2,0,2
101453,Total students enrolled for credit,102,97,5,5,4,1,1,1,0,10,10,0,2,2,0,1,1,0,77,73,4,2,2,0,2,2,0,2,2,0
101453,Undergraduate students,66,62,4,2,2,0,1,1,0,8,8,0,1,1,0,1,1,0,49,45,4,2,2,0,1,1,0,1,1,0
101453,Graduate student,36,35,1,3,2,1,0,0,0,2,2,0,1,1,0,0,0,0,28,28,0,0,0,0,1,1,0,1,1,0
101462,Total students enrolled for credit,1203,575,628,12,7,5,8,6,2,655,236,419,30,14,16,0,0,0,429,276,153,41,22,19,6,3,3,22,11,11
101462,Undergraduate students,1203,575,628,12,7,5,8,6,2,655,236,419,30,14,16,0,0,0,429,276,153,41,22,19,6,3,3,22,11,11
101471,Total students enrolled for credit,817,601,216,4,3,1,2,1,1,413,366,47,10,9,1,0,0,0,388,222,166,0,0,0,0,0,0,0,0,0
101471,Undergraduate students,817,601,216,4,3,1,2,1,1,413,366,47,10,9,1,0,0,0,388,222,166,0,0,0,0,0,0,0,0,0
101480,Total students enrolled for credit,10166,4297,5869,71,20,51,62,20,42,2062,810,1252,81,40,41,9,5,4,7095,3012,4083,0,0,0,513,251,262,273,139,134
101480,Undergraduate students,8847,3807,5040,57,17,40,57,17,40,1731,706,1025,73,39,34,8,5,3,6247,2678,3569,0,0,0,464,236,228,210,109,101
101480,Graduate student,1319,490,829,14,3,11,5,3,2,331,104,227,8,1,7,1,0,1,848,334,514,0,0,0,49,15,34,63,30,33
101499,Total students enrolled for credit,1486,705,781,30,14,16,31,9,22,463,212,251,14,8,6,0,0,0,800,338,462,32,12,20,116,112,4,0,0,0
101499,Undergraduate students,1486,705,781,30,14,16,31,9,22,463,212,251,14,8,6,0,0,0,800,338,462,32,12,20,116,112,4,0,0,0
101505,Total students enrolled for credit,13564,5377,8187,39,16,23,246,119,127,2909,961,1948,488,180,308,15,9,6,9091,3766,5325,397,146,251,145,70,75,234,110,124
101505,Undergraduate students,13564,5377,8187,39,16,23,246,119,127,2909,961,1948,488,180,308,15,9,6,9091,3766,5325,397,146,251,145,70,75,234,110,124
101514,Total students enrolled for credit,15185,7065,8120,193,88,105,369,154,215,2643,1132,1511,681,284,397,10,5,5,10387,4995,5392,604,251,353,175,93,82,123,63,60
101514,Undergraduate students,15185,7065,8120,193,88,105,369,154,215,2643,1132,1511,681,284,397,10,5,5,10387,4995,5392,604,251,353,175,93,82,123,63,60
101541,Total students enrolled for credit,467,8,459,3,1,2,7,1,6,70,1,69,4,0,4,0,0,0,281,4,277,2,0,2,100,1,99,0,0,0
101541,Undergraduate students,467,8,459,3,1,2,7,1,6,70,1,69,4,0,4,0,0,0,281,4,277,2,0,2,100,1,99,0,0,0
101569,Total students enrolled for credit,4588,1895,2693,10,4,6,32,14,18,3713,1379,2334,69,32,37,5,3,2,709,435,274,31,18,13,6,2,4,13,8,5
101569,Undergraduate students,4588,1895,2693,10,4,6,32,14,18,3713,1379,2334,69,32,37,5,3,2,709,435,274,31,18,13,6,2,4,13,8,5
101587,Total students enrolled for credit,6029,1709,4320,39,11,28,13,6,7,2210,609,1601,69,27,42,3,0,3,3159,844,2315,92,37,55,267,79,188,177,96,81
101587,Undergraduate students,2282,1027,1255,6,4,2,5,3,2,968,399,569,42,20,22,2,0,2,1012,461,551,42,25,17,88,42,46,117,73,44
101587,Graduate student,3747,682,3065,33,7,26,8,3,5,1242,210,1032,27,7,20,1,0,1,2147,383,1764,50,12,38,179,37,142,60,23,37
101602,Total students enrolled for credit,2319,968,1351,14,10,4,12,4,8,504,172,332,39,24,15,0,0,0,1696,734,962,36,14,22,11,6,5,7,4,3
101602,Undergraduate students,2319,968,1351,14,10,4,12,4,8,504,172,332,39,24,15,0,0,0,1696,734,962,36,14,22,11,6,5,7,4,3
101648,Total students enrolled for credit,448,350,98,3,3,0,20,14,6,87,66,21,48,36,12,1,1,0,263,213,50,23,15,8,3,2,1,0,0,0
101648,Undergraduate students,448,350,98,3,3,0,20,14,6,87,66,21,48,36,12,1,1,0,263,213,50,23,15,8,3,2,1,0,0,0
101675,Total students enrolled for credit,2065,1046,1019,2,1,1,2,2,0,1882,928,954,12,4,8,0,0,0,41,35,6,22,12,10,104,64,40,0,0,0
101675,Undergraduate students,2065,1046,1019,2,1,1,2,2,0,1882,928,954,12,4,8,0,0,0,41,35,6,22,12,10,104,64,40,0,0,0
101693,Total students enrolled for credit,1725,593,1132,22,4,18,19,5,14,450,115,335,35,9,26,1,1,0,1029,380,649,46,17,29,55,20,35,68,42,26
101693,Undergraduate students,1576,567,1009,17,3,14,18,5,13,384,107,277,34,9,25,1,1,0,966,366,600,46,17,29,44,19,25,66,40,26
101693,Graduate student,149,26,123,5,1,4,1,0,1,66,8,58,1,0,1,0,0,0,63,14,49,0,0,0,11,1,10,2,2,0
101709,Total students enrolled for credit,3063,955,2108,11,3,8,24,8,16,467,143,324,121,48,73,0,0,0,2169,651,1518,83,24,59,144,54,90,44,24,20
101709,Undergraduate students,2580,833,1747,11,3,8,22,8,14,402,126,276,110,44,66,0,0,0,1800,563,1237,78,23,55,120,46,74,37,20,17
101709,Graduate student,483,122,361,0,0,0,2,0,2,65,17,48,11,4,7,0,0,0,369,88,281,5,1,4,24,8,16,7,4,3
101736,Total students enrolled for credit,5167,2203,2964,46,14,32,24,12,12,586,226,360,242,100,142,4,1,3,4127,1784,2343,16,8,8,91,41,50,31,17,14
101736,Undergraduate students,5167,2203,2964,46,14,32,24,12,12,586,226,360,242,100,142,4,1,3,4127,1784,2343,16,8,8,91,41,50,31,17,14
101879,Total students enrolled for credit,8315,3359,4956,87,31,56,56,19,37,1149,491,658,204,91,113,5,2,3,6048,2358,3690,195,78,117,236,110,126,335,179,156
101879,Undergraduate students,6873,2780,4093,73,26,47,36,9,27,966,433,533,185,86,99,5,2,3,4963,1921,3042,175,68,107,219,102,117,251,133,118
101879,Graduate student,1442,579,863,14,5,9,20,10,10,183,58,125,19,5,14,0,0,0,1085,437,648,20,10,10,17,8,9,84,46,38
101897,Total students enrolled for credit,3680,1443,2237,112,47,65,16,5,11,71,27,44,316,127,189,0,0,0,3116,1220,1896,38,12,26,1,0,1,10,5,5
101897,Undergraduate students,3680,1443,2237,112,47,65,16,5,11,71,27,44,316,127,189,0,0,0,3116,1220,1896,38,12,26,1,0,1,10,5,5
101912,Total students enrolled for credit,1935,817,1118,9,5,4,5,2,3,1640,713,927,70,25,45,0,0,0,20,1,19,0,0,0,69,23,46,122,48,74
101912,Undergraduate students,1877,789,1088,9,5,4,4,1,3,1602,690,912,68,24,44,0,0,0,9,1,8,0,0,0,66,21,45,119,47,72
101912,Graduate student,58,28,30,0,0,0,1,1,0,38,23,15,2,1,1,0,0,0,11,0,11,0,0,0,3,2,1,3,1,2
101949,Total students enrolled for credit,1857,812,1045,22,9,13,3,1,2,799,332,467,17,10,7,0,0,0,987,447,540,15,3,12,14,10,4,0,0,0
101949,Undergraduate students,1857,812,1045,22,9,13,3,1,2,799,332,467,17,10,7,0,0,0,987,447,540,15,3,12,14,10,4,0,0,0
101994,Total students enrolled for credit,701,252,449,8,2,6,0,0,0,396,100,296,2,2,0,1,0,1,285,146,139,7,1,6,2,1,1,0,0,0
101994,Undergraduate students,701,252,449,8,2,6,0,0,0,396,100,296,2,2,0,1,0,1,285,146,139,7,1,6,2,1,1,0,0,0
102030,Total students enrolled for credit,4763,1932,2831,46,12,34,99,41,58,2879,1092,1787,90,45,45,3,3,0,1456,650,806,77,27,50,17,4,13,96,58,38
102030,Undergraduate students,4763,1932,2831,46,12,34,99,41,58,2879,1092,1787,90,45,45,3,3,0,1456,650,806,77,27,50,17,4,13,96,58,38
102049,Total students enrolled for credit,5956,2122,3834,21,9,12,99,30,69,581,208,373,187,75,112,1,0,1,4729,1640,3089,102,42,60,90,33,57,146,85,61
102049,Undergraduate students,3446,1197,2249,6,2,4,41,15,26,256,119,137,135,52,83,0,0,0,2831,923,1908,62,25,37,26,12,14,89,49,40
102049,Graduate student,2510,925,1585,15,7,8,58,15,43,325,89,236,52,23,29,1,0,1,1898,717,1181,40,17,23,64,21,43,57,36,21
102058,Total students enrolled for credit,405,176,229,0,0,0,0,0,0,388,162,226,6,5,1,0,0,0,10,9,1,0,0,0,1,0,1,0,0,0
102058,Undergraduate students,389,165,224,0,0,0,0,0,0,372,151,221,6,5,1,0,0,0,10,9,1,0,0,0,1,0,1,0,0,0
102058,Graduate student,16,11,5,0,0,0,0,0,0,16,11,5,0,0,0,0,0,0,0,0,0,0,0,0,0,0,0,0,0,0
102067,Total students enrolled for credit,7449,3210,4239,20,11,9,70,28,42,2632,918,1714,13,5,8,4,2,2,4183,1984,2199,137,47,90,258,125,133,132,90,42
102067,Undergraduate students,7449,3210,4239,20,11,9,70,28,42,2632,918,1714,13,5,8,4,2,2,4183,1984,2199,137,47,90,258,125,133,132,90,42
102076,Total students enrolled for credit,3534,1332,2202,84,31,53,30,15,15,291,124,167,295,108,187,5,2,3,2745,1012,1733,0,0,0,44,24,20,40,16,24
102076,Undergraduate students,3534,1332,2202,84,31,53,30,15,15,291,124,167,295,108,187,5,2,3,2745,1012,1733,0,0,0,44,24,20,40,16,24
102094,Total students enrolled for credit,18481,7168,11313,139,53,86,602,235,367,3732,1223,2509,536,185,351,30,15,15,11119,4008,7111,456,163,293,620,225,395,1247,1061,186
102094,Undergraduate students,12848,5877,6971,94,40,54,390,181,209,2827,1087,1740,384,158,226,17,9,8,7336,3149,4187,367,142,225,374,170,204,1059,941,118
102094,Graduate student,5633,1291,4342,45,13,32,212,54,158,905,136,769,152,27,125,13,6,7,3783,859,2924,89,21,68,246,55,191,188,120,68
102234,Total students enrolled for credit,1579,598,981,11,5,6,24,7,17,225,69,156,51,25,26,5,3,2,1103,427,676,64,15,49,51,16,35,45,31,14
102234,Undergraduate students,1442,533,909,9,3,6,20,5,15,209,65,144,46,22,24,5,3,2,999,378,621,64,15,49,50,16,34,40,26,14
102234,Graduate student,137,65,72,2,2,0,4,2,2,16,4,12,5,3,2,0,0,0,104,49,55,0,0,0,1,0,1,5,5,0
102270,Total students enrolled for credit,801,363,438,1,1,0,3,2,1,664,293,371,6,3,3,0,0,0,56,36,20,0,0,0,71,28,43,0,0,0
102270,Undergraduate students,801,363,438,1,1,0,3,2,1,664,293,371,6,3,3,0,0,0,56,36,20,0,0,0,71,28,43,0,0,0
102298,Total students enrolled for credit,932,484,448,2,1,1,0,0,0,789,416,373,43,23,20,1,0,1,33,9,24,26,11,15,16,9,7,22,15,7
102298,Undergraduate students,932,484,448,2,1,1,0,0,0,789,416,373,43,23,20,1,0,1,33,9,24,26,11,15,16,9,7,22,15,7
102313,Total students enrolled for credit,2348,1167,1181,3,0,3,37,26,11,1551,686,865,39,25,14,0,0,0,713,427,286,3,2,1,2,1,1,0,0,0
102313,Undergraduate students,2348,1167,1181,3,0,3,37,26,11,1551,686,865,39,25,14,0,0,0,713,427,286,3,2,1,2,1,1,0,0,0
102368,Total students enrolled for credit,22125,8632,13493,126,54,72,173,87,86,6962,2153,4809,793,358,435,30,17,13,10149,4193,5956,578,224,354,2241,941,1300,1073,605,468
102368,Undergraduate students,16979,6868,10111,100,45,55,143,79,64,5383,1800,3583,634,294,340,25,16,9,8661,3664,4997,486,194,292,790,367,423,757,409,348
102368,Graduate student,5146,1764,3382,26,9,17,30,8,22,1579,353,1226,159,64,95,5,1,4,1488,529,959,92,30,62,1451,574,877,316,196,120
102377,Total students enrolled for credit,3219,1224,1995,11,10,1,24,15,9,2537,842,1695,42,10,32,25,10,15,40,19,21,28,16,12,512,302,210,0,0,0
102377,Undergraduate students,2740,1005,1735,9,8,1,15,10,5,2174,698,1476,31,7,24,20,9,11,25,13,12,25,14,11,441,246,195,0,0,0
102377,Graduate student,479,219,260,2,2,0,9,5,4,363,144,219,11,3,8,5,1,4,15,6,9,3,2,1,71,56,15,0,0,0
102395,Total students enrolled for credit,652,449,203,3,2,1,7,4,3,114,81,33,44,33,11,2,2,0,416,285,131,19,11,8,47,31,16,0,0,0
102395,Undergraduate students,258,199,59,1,1,0,3,2,1,31,23,8,28,24,4,1,1,0,159,120,39,12,7,5,23,21,2,0,0,0
102395,Graduate student,394,250,144,2,1,1,4,2,2,83,58,25,16,9,7,1,1,0,257,165,92,7,4,3,24,10,14,0,0,0
102429,Total students enrolled for credit,5505,2216,3289,13,5,8,20,4,16,841,270,571,101,45,56,0,0,0,4413,1829,2584,36,9,27,80,53,27,1,1,0
102429,Undergraduate students,5505,2216,3289,13,5,8,20,4,16,841,270,571,101,45,56,0,0,0,4413,1829,2584,36,9,27,80,53,27,1,1,0
102553,Total students enrolled for credit,25009,10121,14888,1608,604,1004,1489,593,896,757,317,440,1766,692,1074,165,65,100,14911,6075,8836,2153,775,1378,1770,810,960,390,190,200
102553,Undergraduate students,23824,9757,14067,1536,589,947,1441,577,864,731,306,425,1689,672,1017,158,65,93,14111,5824,8287,2069,751,1318,1726,795,931,363,178,185
102553,Graduate student,1185,364,821,72,15,57,48,16,32,26,11,15,77,20,57,7,0,7,800,251,549,84,24,60,44,15,29,27,12,15
102580,Total students enrolled for credit,51,32,19,3,2,1,1,0,1,1,1,0,2,1,1,0,0,0,38,23,15,3,2,1,3,3,0,0,0,0
102580,Undergraduate students,51,32,19,3,2,1,1,0,1,1,1,0,2,1,1,0,0,0,38,23,15,3,2,1,3,3,0,0,0,0
102614,Total students enrolled for credit,13263,5421,7842,2454,761,1693,246,93,153,283,126,157,698,272,426,107,41,66,6146,2610,3536,683,251,432,2379,1110,1269,267,157,110
102614,Undergraduate students,11866,4846,7020,2374,748,1626,216,82,134,262,113,149,652,251,401,103,40,63,5344,2289,3055,622,234,388,2158,1012,1146,135,77,58
102614,Graduate student,1397,575,822,80,13,67,30,11,19,21,13,8,46,21,25,4,1,3,802,321,481,61,17,44,221,98,123,132,80,52
102632,Total students enrolled for credit,4375,1504,2871,507,166,341,145,43,102,47,20,27,236,79,157,31,8,23,2367,839,1528,299,91,208,692,243,449,51,15,36
102632,Undergraduate students,3874,1378,2496,464,155,309,139,42,97,43,18,25,216,76,140,29,7,22,2065,761,1304,275,88,187,607,218,389,36,13,23
102632,Graduate student,501,126,375,43,11,32,6,1,5,4,2,2,20,3,17,2,1,1,302,78,224,24,3,21,85,25,60,15,2,13
102669,Total students enrolled for credit,622,240,382,103,36,67,17,8,9,20,8,12,10,4,6,3,0,3,335,137,198,66,23,43,68,24,44,0,0,0
102669,Undergraduate students,346,130,216,52,16,36,8,3,5,14,7,7,5,1,4,2,0,2,189,79,110,45,14,31,31,10,21,0,0,0
102669,Graduate student,276,110,166,51,20,31,9,5,4,6,1,5,5,3,2,1,0,1,146,58,88,21,9,12,37,14,23,0,0,0
102711,Total students enrolled for credit,1687,1389,298,371,287,84,17,13,4,12,10,2,55,42,13,6,5,1,758,669,89,84,73,11,382,290,92,2,0,2
102711,Undergraduate students,1687,1389,298,371,287,84,17,13,4,12,10,2,55,42,13,6,5,1,758,669,89,84,73,11,382,290,92,2,0,2
102845,Total students enrolled for credit,4540,1112,3428,459,100,359,12,6,6,284,91,193,1221,225,996,250,65,185,1838,513,1325,225,44,181,251,68,183,0,0,0
102845,Undergraduate students,4524,1108,3416,459,100,359,12,6,6,284,91,193,1218,223,995,249,65,184,1827,511,1316,225,44,181,250,68,182,0,0,0
102845,Graduate student,16,4,12,0,0,0,0,0,0,0,0,0,3,2,1,1,0,1,11,2,9,0,0,0,1,0,1,0,0,0
103501,Total students enrolled for credit,637,121,516,96,10,86,138,30,108,74,22,52,63,16,47,2,0,2,240,42,198,17,1,16,6,0,6,1,0,1
103501,Undergraduate students,637,121,516,96,10,86,138,30,108,74,22,52,63,16,47,2,0,2,240,42,198,17,1,16,6,0,6,1,0,1
103741,Total students enrolled for credit,179,9,170,7,0,7,0,0,0,14,1,13,76,5,71,1,0,1,45,2,43,15,1,14,21,0,21,0,0,0
103741,Undergraduate students,179,9,170,7,0,7,0,0,0,14,1,13,76,5,71,1,0,1,45,2,43,15,1,14,21,0,21,0,0,0
103778,Total students enrolled for credit,332,191,141,2,1,1,17,6,11,16,7,9,41,26,15,2,2,0,132,77,55,5,4,1,7,6,1,110,62,48
103778,Graduate student,332,191,141,2,1,1,17,6,11,16,7,9,41,26,15,2,2,0,132,77,55,5,4,1,7,6,1,110,62,48
103811,Total students enrolled for credit,921,794,127,8,6,2,10,10,0,266,222,44,152,140,12,20,19,1,390,330,60,71,64,7,4,3,1,0,0,0
103811,Undergraduate students,921,794,127,8,6,2,10,10,0,266,222,44,152,140,12,20,19,1,390,330,60,71,64,7,4,3,1,0,0,0
103893,Total students enrolled for credit,1080,149,931,90,9,81,10,3,7,72,8,64,599,88,511,6,0,6,269,34,235,20,5,15,14,2,12,0,0,0
103893,Undergraduate students,1080,149,931,90,9,81,10,3,7,72,8,64,599,88,511,6,0,6,269,34,235,20,5,15,14,2,12,0,0,0
103909,Total students enrolled for credit,928,145,783,129,9,120,16,7,9,58,11,47,353,65,288,5,2,3,344,48,296,23,3,20,0,0,0,0,0,0
103909,Undergraduate students,928,145,783,129,9,120,16,7,9,58,11,47,353,65,288,5,2,3,344,48,296,23,3,20,0,0,0,0,0,0
103927,Total students enrolled for credit,496,81,415,27,1,26,5,2,3,22,3,19,304,49,255,1,0,1,118,23,95,6,1,5,13,2,11,0,0,0
103927,Undergraduate students,496,81,415,27,1,26,5,2,3,22,3,19,304,49,255,1,0,1,118,23,95,6,1,5,13,2,11,0,0,0
103945,Total students enrolled for credit,136,17,119,76,5,71,0,0,0,3,0,3,8,2,6,1,1,0,30,7,23,18,2,16,0,0,0,0,0,0
103945,Undergraduate students,136,17,119,76,5,71,0,0,0,3,0,3,8,2,6,1,1,0,30,7,23,18,2,16,0,0,0,0,0,0
103954,Total students enrolled for credit,130,11,119,7,0,7,2,0,2,12,2,10,59,5,54,0,0,0,34,3,31,15,1,14,1,0,1,0,0,0
103954,Undergraduate students,130,11,119,7,0,7,2,0,2,12,2,10,59,5,54,0,0,0,34,3,31,15,1,14,1,0,1,0,0,0
103963,Total students enrolled for credit,1244,1159,85,206,167,39,9,8,1,99,97,2,429,412,17,3,3,0,477,451,26,0,0,0,21,21,0,0,0,0
103963,Undergraduate students,1244,1159,85,206,167,39,9,8,1,99,97,2,429,412,17,3,3,0,477,451,26,0,0,0,21,21,0,0,0,0
104090,Total students enrolled for credit,1829,324,1505,106,10,96,72,21,51,355,59,296,539,93,446,14,2,12,677,126,551,52,13,39,14,0,14,0,0,0
104090,Undergraduate students,1691,305,1386,104,10,94,63,18,45,340,58,282,517,91,426,13,2,11,596,114,482,50,12,38,8,0,8,0,0,0
104090,Graduate student,138,19,119,2,0,2,9,3,6,15,1,14,22,2,20,1,0,1,81,12,69,2,1,1,6,0,6,0,0,0
104151,Total students enrolled for credit,56958,32755,24203,632,283,349,3754,2086,1668,2057,1060,997,9937,5091,4846,111,48,63,27975,15887,12088,2042,1029,1013,607,377,230,9843,6894,2949
104151,Undergraduate students,46038,26309,19729,524,233,291,3191,1793,1398,1790,919,871,8925,4564,4361,103,46,57,23258,13295,9963,1833,913,920,304,179,125,6110,4367,1743
104151,Graduate student,10920,6446,4474,108,50,58,563,293,270,267,141,126,1012,527,485,8,2,6,4717,2592,2125,209,116,93,303,198,105,3733,2527,1206
104160,Total students enrolled for credit,11653,5258,6395,160,63,97,126,51,75,406,315,91,7746,3260,4486,52,35,17,2281,1154,1127,190,90,100,442,216,226,250,74,176
104160,Undergraduate students,11653,5258,6395,160,63,97,126,51,75,406,315,91,7746,3260,4486,52,35,17,2281,1154,1127,190,90,100,442,216,226,250,74,176
104179,Total students enrolled for credit,47648,23075,24573,605,215,390,2646,1272,1374,1813,898,915,10868,4687,6181,112,62,50,23687,11360,12327,2262,993,1269,1184,617,567,4471,2971,1500
104179,Undergraduate students,36862,17993,18869,443,163,280,1967,976,991,1478,749,729,9369,4117,5252,105,59,46,18505,8971,9534,1916,843,1073,334,174,160,2745,1941,804
104179,Graduate student,10786,5082,5704,162,52,110,679,296,383,335,149,186,1499,570,929,7,3,4,5182,2389,2793,346,150,196,850,443,407,1726,1030,696
104188,Total students enrolled for credit,155,84,71,7,5,2,1,0,1,6,5,1,65,33,32,0,0,0,73,40,33,0,0,0,3,1,2,0,0,0
104188,Undergraduate students,148,81,67,7,5,2,1,0,1,5,5,0,65,33,32,0,0,0,67,37,30,0,0,0,3,1,2,0,0,0
104188,Graduate student,7,3,4,0,0,0,0,0,0,1,0,1,0,0,0,0,0,0,6,3,3,0,0,0,0,0,0,0,0,0
104346,Total students enrolled for credit,9741,3959,5782,505,189,316,206,71,135,675,294,381,3019,1208,1811,47,17,30,4042,1709,2333,314,108,206,897,353,544,36,10,26
104346,Undergraduate students,9741,3959,5782,505,189,316,206,71,135,675,294,381,3019,1208,1811,47,17,30,4042,1709,2333,314,108,206,897,353,544,36,10,26
104364,Total students enrolled for credit,230,111,119,12,3,9,3,1,2,20,14,6,111,54,57,1,1,0,79,36,43,0,0,0,4,2,2,0,0,0
104364,Undergraduate students,230,111,119,12,3,9,3,1,2,20,14,6,111,54,57,1,1,0,79,36,43,0,0,0,4,2,2,0,0,0
104391,Total students enrolled for credit,91,7,84,4,2,2,2,0,2,2,0,2,7,0,7,2,1,1,72,4,68,1,0,1,1,0,1,0,0,0
104391,Undergraduate students,91,7,84,4,2,2,2,0,2,2,0,2,7,0,7,2,1,1,72,4,68,1,0,1,1,0,1,0,0,0
104425,Total students enrolled for credit,11630,7354,4276,73,47,26,350,245,105,845,581,264,3526,1869,1657,74,53,21,6084,4161,1923,396,233,163,205,128,77,77,37,40
104425,Undergraduate students,11630,7354,4276,73,47,26,350,245,105,845,581,264,3526,1869,1657,74,53,21,6084,4161,1923,396,233,163,205,128,77,77,37,40
104434,Total students enrolled for credit,58,4,54,10,2,8,0,0,0,0,0,0,13,1,12,0,0,0,25,1,24,2,0,2,8,0,8,0,0,0
104434,Undergraduate students,58,4,54,10,2,8,0,0,0,0,0,0,13,1,12,0,0,0,25,1,24,2,0,2,8,0,8,0,0,0
104443,Total students enrolled for credit,106,10,96,8,1,7,0,0,0,22,1,21,25,5,20,1,0,1,38,2,36,5,1,4,7,0,7,0,0,0
104443,Undergraduate students,106,10,96,8,1,7,0,0,0,22,1,21,25,5,20,1,0,1,38,2,36,5,1,4,7,0,7,0,0,0
104504,Total students enrolled for credit,167,44,123,5,0,5,4,0,4,18,9,9,52,15,37,0,0,0,81,18,63,2,0,2,5,2,3,0,0,0
104504,Undergraduate students,167,44,123,5,0,5,4,0,4,18,9,9,52,15,37,0,0,0,81,18,63,2,0,2,5,2,3,0,0,0
104568,Total students enrolled for credit,479,29,450,16,3,13,11,1,10,43,7,36,174,11,163,0,0,0,211,4,207,10,1,9,14,2,12,0,0,0
104568,Undergraduate students,479,29,450,16,3,13,11,1,10,43,7,36,174,11,163,0,0,0,211,4,207,10,1,9,14,2,12,0,0,0
104577,Total students enrolled for credit,8291,3938,4353,569,214,355,77,39,38,320,276,44,1682,855,827,42,22,20,5240,2373,2867,73,30,43,213,100,113,75,29,46
104577,Undergraduate students,8291,3938,4353,569,214,355,77,39,38,320,276,44,1682,855,827,42,22,20,5240,2373,2867,73,30,43,213,100,113,75,29,46
104586,Total students enrolled for credit,2616,1985,631,9,6,3,139,116,23,60,47,13,97,69,28,16,9,7,1547,1164,383,276,187,89,239,180,59,233,207,26
104586,Undergraduate students,2543,1932,611,9,6,3,136,114,22,57,44,13,93,67,26,16,9,7,1508,1137,371,272,184,88,231,174,57,221,197,24
104586,Graduate student,73,53,20,0,0,0,3,2,1,3,3,0,4,2,2,0,0,0,39,27,12,4,3,1,8,6,2,12,10,2
104665,Total students enrolled for credit,21,15,6,0,0,0,1,0,1,0,0,0,2,2,0,0,0,0,14,11,3,0,0,0,0,0,0,4,2,2
104665,Graduate student,21,15,6,0,0,0,1,0,1,0,0,0,2,2,0,0,0,0,14,11,3,0,0,0,0,0,0,4,2,2
104708,Total students enrolled for credit,27263,12547,14716,434,177,257,1239,583,656,1847,888,959,9507,4146,5361,89,45,44,11863,5593,6270,564,277,287,1512,723,789,208,115,93
104708,Undergraduate students,27263,12547,14716,434,177,257,1239,583,656,1847,888,959,9507,4146,5361,89,45,44,11863,5593,6270,564,277,287,1512,723,789,208,115,93
104717,Total students enrolled for credit,122158,32595,89563,1218,293,925,4428,1100,3328,28742,6838,21904,19050,5525,13525,659,206,453,54574,14774,39800,3624,959,2665,9863,2900,6963,0,0,0
104717,Undergraduate students,70436,19642,50794,713,175,538,2366,594,1772,13792,3290,10502,12736,3835,8901,432,136,296,32641,9219,23422,2380,679,1701,5376,1714,3662,0,0,0
104717,Graduate student,51722,12953,38769,505,118,387,2062,506,1556,14950,3548,11402,6314,1690,4624,227,70,157,21933,5555,16378,1244,280,964,4487,1186,3301,0,0,0
105145,Total students enrolled for credit,7876,3273,4603,286,139,147,297,115,182,917,343,574,3216,1291,1925,20,11,9,2581,1110,1471,137,58,79,384,182,202,38,24,14
105145,Undergraduate students,7876,3273,4603,286,139,147,297,115,182,917,343,574,3216,1291,1925,20,11,9,2581,1110,1471,137,58,79,384,182,202,38,24,14
105154,Total students enrolled for credit,30154,14543,15611,1053,453,600,1328,573,755,1908,958,950,7551,3366,4185,130,78,52,14648,7251,7397,666,339,327,2088,992,1096,782,533,249
105154,Undergraduate students,30154,14543,15611,1053,453,600,1328,573,755,1908,958,950,7551,3366,4185,130,78,52,14648,7251,7397,666,339,327,2088,992,1096,782,533,249
105206,Total students enrolled for credit,5685,1942,3743,121,33,88,108,35,73,64,31,33,1318,481,837,38,12,26,3790,1259,2531,158,67,91,40,11,29,48,13,35
105206,Undergraduate students,5685,1942,3743,121,33,88,108,35,73,64,31,33,1318,481,837,38,12,26,3790,1259,2531,158,67,91,40,11,29,48,13,35
105215,Total students enrolled for credit,1603,1529,74,45,40,5,11,11,0,56,53,3,189,181,8,13,12,1,1088,1042,46,118,112,6,81,76,5,2,2,0
105215,Undergraduate students,1603,1529,74,45,40,5,11,11,0,56,53,3,189,181,8,13,12,1,1088,1042,46,118,112,6,81,76,5,2,2,0
105297,Total students enrolled for credit,1973,637,1336,1950,623,1327,2,1,1,3,2,1,3,2,1,0,0,0,12,6,6,1,1,0,0,0,0,2,2,0
105297,Undergraduate students,1973,637,1336,1950,623,1327,2,1,1,3,2,1,3,2,1,0,0,0,12,6,6,1,1,0,0,0,0,2,2,0
105330,Total students enrolled for credit,34554,13560,20994,1008,336,672,664,233,431,1233,489,744,7565,2684,4881,97,38,59,20266,7855,12411,1803,734,1069,452,202,250,1466,989,477
105330,Undergraduate students,29609,12051,17558,800,280,520,568,204,364,1039,427,612,6788,2469,4319,87,36,51,17009,6861,10148,1643,680,963,344,164,180,1331,930,401
105330,Graduate student,4945,1509,3436,208,56,152,96,29,67,194,62,132,777,215,562,10,2,8,3257,994,2263,160,54,106,108,38,70,135,59,76
105349,Total students enrolled for credit,6098,2407,3691,1662,550,1112,65,17,48,95,54,41,739,334,405,23,9,14,3089,1292,1797,135,54,81,290,97,193,0,0,0
105349,Undergraduate students,6098,2407,3691,1662,550,1112,65,17,48,95,54,41,739,334,405,23,9,14,3089,1292,1797,135,54,81,290,97,193,0,0,0
105367,Total students enrolled for credit,1085,312,773,22,4,18,81,45,36,112,29,83,185,42,143,1,0,1,568,152,416,48,18,30,68,22,46,0,0,0
105367,Undergraduate students,564,171,393,11,2,9,9,7,2,61,18,43,114,32,82,1,0,1,312,91,221,30,15,15,26,6,20,0,0,0
105367,Graduate student,521,141,380,11,2,9,72,38,34,51,11,40,71,10,61,0,0,0,256,61,195,18,3,15,42,16,26,0,0,0
105428,Total students enrolled for credit,17100,6310,10790,530,181,349,570,231,339,1648,689,959,8229,2849,5380,39,12,27,4447,1662,2785,214,81,133,1297,540,757,126,65,61
105428,Undergraduate students,17100,6310,10790,530,181,349,570,231,339,1648,689,959,8229,2849,5380,39,12,27,4447,1662,2785,214,81,133,1297,540,757,126,65,61
105482,Total students enrolled for credit,176,50,126,8,2,6,6,0,6,5,1,4,42,13,29,0,0,0,89,30,59,4,0,4,22,4,18,0,0,0
105482,Undergraduate students,176,50,126,8,2,6,6,0,6,5,1,4,42,13,29,0,0,0,89,30,59,4,0,4,22,4,18,0,0,0
105525,Total students enrolled for credit,34308,16105,18203,790,311,479,989,422,567,1478,754,724,14067,6196,7871,127,71,56,13896,6641,7255,1196,537,659,1242,871,371,523,302,221
105525,Undergraduate students,34308,16105,18203,790,311,479,989,422,567,1478,754,724,14067,6196,7871,127,71,56,13896,6641,7255,1196,537,659,1242,871,371,523,302,221
105534,Total students enrolled for credit,3333,728,2605,54,3,51,163,61,102,228,52,176,1305,250,1055,21,10,11,1307,290,1017,166,38,128,87,22,65,2,2,0
105534,Undergraduate students,3333,728,2605,54,3,51,163,61,102,228,52,176,1305,250,1055,21,10,11,1307,290,1017,166,38,128,87,22,65,2,2,0
105543,Total students enrolled for credit,1348,275,1073,176,24,152,20,9,11,37,16,21,792,143,649,1,0,1,278,73,205,23,5,18,21,5,16,0,0,0
105543,Undergraduate students,1348,275,1073,176,24,152,20,9,11,37,16,21,792,143,649,1,0,1,278,73,205,23,5,18,21,5,16,0,0,0
105589,Total students enrolled for credit,871,281,590,27,4,23,7,2,5,16,5,11,48,11,37,3,0,3,651,221,430,55,15,40,51,22,29,13,1,12
105589,Undergraduate students,459,184,275,17,3,14,5,2,3,8,4,4,29,10,19,0,0,0,319,131,188,33,12,21,45,21,24,3,1,2
105589,Graduate student,412,97,315,10,1,9,2,0,2,8,1,7,19,1,18,3,0,3,332,90,242,22,3,19,6,1,5,10,0,10
105659,Total students enrolled for credit,1125,1106,19,88,84,4,11,11,0,116,116,0,319,314,5,10,10,0,467,460,7,32,31,1,81,79,2,1,1,0
105659,Undergraduate students,1125,1106,19,88,84,4,11,11,0,116,116,0,319,314,5,10,10,0,467,460,7,32,31,1,81,79,2,1,1,0
105668,Total students enrolled for credit,43882,17415,26467,818,274,544,1615,630,985,3212,1223,1989,9387,3686,5701,155,60,95,22070,8770,13300,634,230,404,5132,2005,3127,859,537,322
105668,Undergraduate students,43882,17415,26467,818,274,544,1615,630,985,3212,1223,1989,9387,3686,5701,155,60,95,22070,8770,13300,634,230,404,5132,2005,3127,859,537,322
105677,Total students enrolled for credit,59,58,1,1,1,0,1,1,0,1,1,0,3,3,0,0,0,0,53,52,1,0,0,0,0,0,0,0,0,0
105677,Undergraduate students,59,58,1,1,1,0,1,1,0,1,1,0,3,3,0,0,0,0,53,52,1,0,0,0,0,0,0,0,0,0
105701,Total students enrolled for credit,58,4,54,0,0,0,0,0,0,2,1,1,18,0,18,0,0,0,36,3,33,0,0,0,2,0,2,0,0,0
105701,Undergraduate students,58,4,54,0,0,0,0,0,0,2,1,1,18,0,18,0,0,0,36,3,33,0,0,0,2,0,2,0,0,0
105747,Total students enrolled for credit,14023,6457,7566,719,274,445,513,213,300,635,356,279,2443,1087,1356,52,23,29,8317,3874,4443,325,151,174,892,420,472,127,59,68
105747,Undergraduate students,14023,6457,7566,719,274,445,513,213,300,635,356,279,2443,1087,1356,52,23,29,8317,3874,4443,325,151,174,892,420,472,127,59,68
105792,Total students enrolled for credit,5707,2390,3317,278,74,204,184,93,91,959,413,546,3006,1196,1810,11,6,5,831,388,443,89,39,50,284,127,157,65,54,11
105792,Undergraduate students,5707,2390,3317,278,74,204,184,93,91,959,413,546,3006,1196,1810,11,6,5,831,388,443,89,39,50,284,127,157,65,54,11
105899,Total students enrolled for credit,926,554,372,7,3,4,13,5,8,158,125,33,162,104,58,6,2,4,460,244,216,51,30,21,51,26,25,18,15,3
105899,Undergraduate students,926,554,372,7,3,4,13,5,8,158,125,33,162,104,58,6,2,4,460,244,216,51,30,21,51,26,25,18,15,3
105987,Total students enrolled for credit,182,81,101,10,6,4,6,1,5,14,5,9,98,47,51,1,1,0,48,19,29,2,1,1,3,1,2,0,0,0
105987,Undergraduate students,182,81,101,10,6,4,6,1,5,14,5,9,98,47,51,1,1,0,48,19,29,2,1,1,3,1,2,0,0,0
106041,Total students enrolled for credit,2583,2503,80,157,149,8,64,63,1,78,74,4,726,710,16,70,68,2,1202,1164,38,223,213,10,61,60,1,2,2,0
106041,Undergraduate students,2583,2503,80,157,149,8,64,63,1,78,74,4,726,710,16,70,68,2,1202,1164,38,223,213,10,61,60,1,2,2,0
106102,Total students enrolled for credit,2376,880,1496,40,15,25,53,24,29,500,135,365,341,141,200,15,6,9,1030,402,628,150,63,87,247,94,153,0,0,0
106102,Undergraduate students,1742,612,1130,29,11,18,24,7,17,408,108,300,266,111,155,12,5,7,729,266,463,100,42,58,174,62,112,0,0,0
106102,Graduate student,634,268,366,11,4,7,29,17,12,92,27,65,75,30,45,3,1,2,301,136,165,50,21,29,73,32,41,0,0,0
106111,Total students enrolled for credit,171,14,157,5,1,4,0,0,0,47,4,43,38,3,35,2,0,2,28,4,24,0,0,0,51,2,49,0,0,0
106111,Undergraduate students,171,14,157,5,1,4,0,0,0,47,4,43,38,3,35,2,0,2,28,4,24,0,0,0,51,2,49,0,0,0
106148,Total students enrolled for credit,10000,4255,5745,202,79,123,89,26,63,80,52,28,1847,786,1061,19,6,13,5283,2240,3043,105,47,58,2356,1004,1352,19,15,4
106148,Undergraduate students,10000,4255,5745,202,79,123,89,26,63,80,52,28,1847,786,1061,19,6,13,5283,2240,3043,105,47,58,2356,1004,1352,19,15,4
106245,Total students enrolled for credit,14292,5566,8726,34,16,18,276,133,143,3213,892,2321,1005,368,637,0,0,0,7976,3300,4676,1088,445,643,172,77,95,528,335,193
106245,Undergraduate students,10686,4168,6518,24,11,13,208,104,104,2531,736,1795,884,326,558,0,0,0,5807,2433,3374,963,402,561,85,45,40,184,111,73
106245,Graduate student,3606,1398,2208,10,5,5,68,29,39,682,156,526,121,42,79,0,0,0,2169,867,1302,125,43,82,87,32,55,344,224,120
106263,Total students enrolled for credit,3147,1002,2145,17,10,7,142,62,80,249,56,193,96,25,71,2,1,1,2314,724,1590,78,20,58,177,73,104,72,31,41
106263,Undergraduate students,747,150,597,3,2,1,20,4,16,92,15,77,36,5,31,1,0,1,549,111,438,23,5,18,19,6,13,4,2,2
106263,Graduate student,2400,852,1548,14,8,6,122,58,64,157,41,116,60,20,40,1,1,0,1765,613,1152,55,15,40,158,67,91,68,29,39
106306,Total students enrolled for credit,1096,779,317,0,0,0,2,2,0,1038,727,311,10,8,2,0,0,0,45,41,4,0,0,0,0,0,0,1,1,0
106306,Undergraduate students,1096,779,317,0,0,0,2,2,0,1038,727,311,10,8,2,0,0,0,45,41,4,0,0,0,0,0,0,1,1,0
106315,Total students enrolled for credit,206,13,193,0,0,0,0,0,0,182,13,169,5,0,5,0,0,0,17,0,17,0,0,0,2,0,2,0,0,0
106315,Undergraduate students,206,13,193,0,0,0,0,0,0,182,13,169,5,0,5,0,0,0,17,0,17,0,0,0,2,0,2,0,0,0
106324,Total students enrolled for credit,37,2,35,0,0,0,0,0,0,2,0,2,4,0,4,0,0,0,31,2,29,0,0,0,0,0,0,0,0,0
106324,Undergraduate students,37,2,35,0,0,0,0,0,0,2,0,2,4,0,4,0,0,0,31,2,29,0,0,0,0,0,0,0,0,0
106342,Total students enrolled for credit,705,378,327,13,8,5,15,9,6,47,34,13,54,28,26,0,0,0,512,258,254,0,0,0,43,25,18,21,16,5
106342,Undergraduate students,705,378,327,13,8,5,15,9,6,47,34,13,54,28,26,0,0,0,512,258,254,0,0,0,43,25,18,21,16,5
106351,Total students enrolled for credit,369,280,89,0,0,0,0,0,0,212,129,83,0,0,0,1,1,0,14,9,5,1,1,0,141,140,1,0,0,0
106351,Undergraduate students,369,280,89,0,0,0,0,0,0,212,129,83,0,0,0,1,1,0,14,9,5,1,1,0,141,140,1,0,0,0
106360,Total students enrolled for credit,56,1,55,2,0,2,3,0,3,8,0,8,2,0,2,0,0,0,41,1,40,0,0,0,0,0,0,0,0,0
106360,Undergraduate students,56,1,55,2,0,2,3,0,3,8,0,8,2,0,2,0,0,0,41,1,40,0,0,0,0,0,0,0,0,0
106397,Total students enrolled for credit,29958,14535,15423,340,154,186,726,370,356,1534,767,767,2280,1031,1249,30,16,14,22218,10731,11487,925,403,522,237,106,131,1668,957,711
106397,Undergraduate students,24344,11653,12691,255,114,141,607,302,305,1211,618,593,2000,887,1113,20,13,7,18400,8811,9589,820,355,465,161,65,96,870,488,382
106397,Graduate student,5614,2882,2732,85,40,45,119,68,51,323,149,174,280,144,136,10,3,7,3818,1920,1898,105,48,57,76,41,35,798,469,329
106412,Total students enrolled for credit,3106,1288,1818,4,4,0,14,10,4,2791,1129,1662,58,27,31,0,0,0,158,74,84,20,7,13,5,3,2,56,34,22
106412,Undergraduate students,2968,1216,1752,4,4,0,11,8,3,2701,1093,1608,56,25,31,0,0,0,137,58,79,20,7,13,4,3,1,35,18,17
106412,Graduate student,138,72,66,0,0,0,3,2,1,90,36,54,2,2,0,0,0,0,21,16,5,0,0,0,1,0,1,21,16,5
106449,Total students enrolled for credit,5491,2310,3181,36,20,16,47,23,24,363,158,205,247,122,125,12,8,4,4464,1830,2634,216,99,117,74,34,40,32,16,16
106449,Undergraduate students,5491,2310,3181,36,20,16,47,23,24,363,158,205,247,122,125,12,8,4,4464,1830,2634,216,99,117,74,34,40,32,16,16
106458,Total students enrolled for credit,19148,7341,11807,84,29,55,155,66,89,2711,841,1870,465,211,254,12,9,3,14026,5249,8777,328,129,199,297,106,191,1070,701,369
106458,Undergraduate students,11527,4787,6740,38,17,21,102,44,58,1618,548,1070,294,149,145,8,5,3,8425,3422,5003,235,99,136,99,38,61,708,465,243
106458,Graduate student,7621,2554,5067,46,12,34,53,22,31,1093,293,800,171,62,109,4,4,0,5601,1827,3774,93,30,63,198,68,130,362,236,126
106467,Total students enrolled for credit,13677,5934,7743,116,53,63,174,76,98,1066,503,563,884,372,512,5,5,0,10472,4401,6071,436,187,249,0,0,0,524,337,187
106467,Undergraduate students,12426,5548,6878,111,49,62,160,70,90,918,460,458,837,361,476,5,5,0,9554,4137,5417,409,181,228,0,0,0,432,285,147
106467,Graduate student,1251,386,865,5,4,1,14,6,8,148,43,105,47,11,36,0,0,0,918,264,654,27,6,21,0,0,0,92,52,40
106485,Total students enrolled for credit,4702,1881,2821,15,5,10,27,14,13,1176,461,715,151,69,82,2,1,1,3127,1257,1870,138,53,85,10,6,4,56,15,41
106485,Undergraduate students,4278,1735,2543,14,5,9,25,13,12,1114,438,676,148,67,81,2,1,1,2799,1145,1654,131,50,81,7,4,3,38,12,26
106485,Graduate student,424,146,278,1,0,1,2,1,1,62,23,39,3,2,1,0,0,0,328,112,216,7,3,4,3,2,1,18,3,15
106494,Total students enrolled for credit,107,11,96,1,0,1,0,0,0,26,4,22,2,0,2,0,0,0,77,7,70,1,0,1,0,0,0,0,0,0
106494,Undergraduate students,107,11,96,1,0,1,0,0,0,26,4,22,2,0,2,0,0,0,77,7,70,1,0,1,0,0,0,0,0,0
106546,Total students enrolled for credit,926,114,812,4,0,4,13,5,8,189,15,174,19,6,13,1,0,1,670,85,585,28,3,25,2,0,2,0,0,0
106546,Undergraduate students,926,114,812,4,0,4,13,5,8,189,15,174,19,6,13,1,0,1,670,85,585,28,3,25,2,0,2,0,0,0
106625,Total students enrolled for credit,1845,669,1176,8,1,7,2,1,1,59,16,43,34,11,23,1,0,1,1723,634,1089,12,4,8,6,2,4,0,0,0
106625,Undergraduate students,1845,669,1176,8,1,7,2,1,1,59,16,43,34,11,23,1,0,1,1723,634,1089,12,4,8,6,2,4,0,0,0
106704,Total students enrolled for credit,13347,5145,8202,67,25,42,254,109,145,2069,758,1311,611,265,346,11,4,7,8965,3314,5651,420,176,244,91,35,56,859,459,400
106704,Undergraduate students,10928,4538,6390,55,23,32,222,95,127,1834,693,1141,551,249,302,11,4,7,7038,2870,4168,375,161,214,61,23,38,781,420,361
106704,Graduate student,2419,607,1812,12,2,10,32,14,18,235,65,170,60,16,44,0,0,0,1927,444,1483,45,15,30,30,12,18,78,39,39
106713,Total students enrolled for credit,952,504,448,11,6,5,1,1,0,195,110,85,25,18,7,2,0,2,682,347,335,10,5,5,5,2,3,21,15,6
106713,Undergraduate students,952,504,448,11,6,5,1,1,0,195,110,85,25,18,7,2,0,2,682,347,335,10,5,5,5,2,3,21,15,6
106795,Total students enrolled for credit,2122,772,1350,30,8,22,10,4,6,201,50,151,514,214,300,1,0,1,1300,472,828,66,24,42,0,0,0,0,0,0
106795,Undergraduate students,2122,772,1350,30,8,22,10,4,6,201,50,151,514,214,300,1,0,1,1300,472,828,66,24,42,0,0,0,0,0,0
106810,Total students enrolled for credit,248,134,114,0,0,0,0,0,0,10,10,0,4,1,3,0,0,0,234,123,111,0,0,0,0,0,0,0,0,0
106810,Undergraduate students,248,134,114,0,0,0,0,0,0,10,10,0,4,1,3,0,0,0,234,123,111,0,0,0,0,0,0,0,0,0
106829,Total students enrolled for credit,246,135,111,0,0,0,0,0,0,144,78,66,4,1,3,0,0,0,93,52,41,2,1,1,3,3,0,0,0,0
106829,Undergraduate students,246,135,111,0,0,0,0,0,0,144,78,66,4,1,3,0,0,0,93,52,41,2,1,1,3,3,0,0,0,0
106883,Total students enrolled for credit,1657,589,1068,11,6,5,18,9,9,557,174,383,30,19,11,3,1,2,1007,358,649,12,6,6,0,0,0,19,16,3
106883,Undergraduate students,1657,589,1068,11,6,5,18,9,9,557,174,383,30,19,11,3,1,2,1007,358,649,12,6,6,0,0,0,19,16,3
106892,Total students enrolled for credit,391,13,378,0,0,0,0,0,0,243,8,235,10,3,7,0,0,0,138,2,136,0,0,0,0,0,0,0,0,0
106892,Undergraduate students,391,13,378,0,0,0,0,0,0,243,8,235,10,3,7,0,0,0,138,2,136,0,0,0,0,0,0,0,0,0
106908,Total students enrolled for credit,570,21,549,9,1,8,2,0,2,133,4,129,35,0,35,1,0,1,369,14,355,1,0,1,20,2,18,0,0,0
106908,Undergraduate students,570,21,549,9,1,8,2,0,2,133,4,129,35,0,35,1,0,1,369,14,355,1,0,1,20,2,18,0,0,0
106980,Total students enrolled for credit,3636,1407,2229,48,15,33,51,17,34,404,149,255,211,83,128,0,0,0,2847,1103,1744,0,0,0,73,39,34,2,1,1
106980,Undergraduate students,3636,1407,2229,48,15,33,51,17,34,404,149,255,211,83,128,0,0,0,2847,1103,1744,0,0,0,73,39,34,2,1,1
106999,Total students enrolled for credit,1750,581,1169,6,0,6,6,4,2,50,16,34,96,31,65,1,1,0,1501,499,1002,86,30,56,4,0,4,0,0,0
106999,Undergraduate students,1750,581,1169,6,0,6,6,4,2,50,16,34,96,31,65,1,1,0,1501,499,1002,86,30,56,4,0,4,0,0,0
107044,Total students enrolled for credit,6559,2702,3857,50,13,37,93,33,60,388,172,216,195,79,116,1,1,0,5303,2132,3171,135,55,80,38,8,30,356,209,147
107044,Undergraduate students,4789,2101,2688,32,10,22,36,12,24,209,121,88,154,67,87,1,1,0,3897,1644,2253,114,49,65,29,7,22,317,190,127
107044,Graduate student,1770,601,1169,18,3,15,57,21,36,179,51,128,41,12,29,0,0,0,1406,488,918,21,6,15,9,1,8,39,19,20
107071,Total students enrolled for credit,4043,1646,2397,19,10,9,27,10,17,919,406,513,172,69,103,2,0,2,2687,1058,1629,145,54,91,12,3,9,60,36,24
107071,Undergraduate students,3344,1441,1903,13,9,4,23,8,15,772,362,410,154,60,94,2,0,2,2196,921,1275,124,48,76,10,3,7,50,30,20
107071,Graduate student,699,205,494,6,1,5,4,2,2,147,44,103,18,9,9,0,0,0,491,137,354,21,6,15,2,0,2,10,6,4
107080,Total students enrolled for credit,1361,650,711,8,3,5,63,25,38,80,34,46,64,32,32,0,0,0,996,486,510,41,14,27,49,28,21,60,28,32
107080,Undergraduate students,1354,644,710,8,3,5,63,25,38,80,34,46,64,32,32,0,0,0,990,481,509,40,13,27,49,28,21,60,28,32
107080,Graduate student,7,6,1,0,0,0,0,0,0,0,0,0,0,0,0,0,0,0,6,5,1,1,1,0,0,0,0,0,0,0
107099,Total students enrolled for credit,55,1,54,0,0,0,0,0,0,4,0,4,1,0,1,0,0,0,50,1,49,0,0,0,0,0,0,0,0,0
107099,Undergraduate students,55,1,54,0,0,0,0,0,0,4,0,4,1,0,1,0,0,0,50,1,49,0,0,0,0,0,0,0,0,0
107123,Total students enrolled for credit,105,14,91,0,0,0,1,0,1,21,2,19,1,1,0,0,0,0,82,11,71,0,0,0,0,0,0,0,0,0
107123,Undergraduate students,105,14,91,0,0,0,1,0,1,21,2,19,1,1,0,0,0,0,82,11,71,0,0,0,0,0,0,0,0,0
107141,Total students enrolled for credit,3119,1235,1884,57,20,37,56,22,34,167,53,114,196,63,133,4,3,1,2333,924,1409,115,50,65,86,40,46,105,60,45
107141,Undergraduate students,2230,948,1282,39,18,21,42,15,27,72,33,39,141,43,98,2,2,0,1686,708,978,80,39,41,73,34,39,95,56,39
107141,Graduate student,889,287,602,18,2,16,14,7,7,95,20,75,55,20,35,2,1,1,647,216,431,35,11,24,13,6,7,10,4,6
107220,Total students enrolled for credit,306,23,283,2,0,2,6,0,6,30,7,23,38,5,33,0,0,0,225,11,214,0,0,0,5,0,5,0,0,0
107220,Undergraduate students,306,23,283,2,0,2,6,0,6,30,7,23,38,5,33,0,0,0,225,11,214,0,0,0,5,0,5,0,0,0
107293,Total students enrolled for credit,97,3,94,4,0,4,1,0,1,2,0,2,8,0,8,0,0,0,78,3,75,4,0,4,0,0,0,0,0,0
107293,Undergraduate students,97,3,94,4,0,4,1,0,1,2,0,2,8,0,8,0,0,0,78,3,75,4,0,4,0,0,0,0,0,0
107318,Total students enrolled for credit,2251,905,1346,12,7,5,17,8,9,1273,421,852,5,3,2,0,0,0,755,368,387,158,81,77,0,0,0,31,17,14
107318,Undergraduate students,2251,905,1346,12,7,5,17,8,9,1273,421,852,5,3,2,0,0,0,755,368,387,158,81,77,0,0,0,31,17,14
107327,Total students enrolled for credit,2067,768,1299,4,2,2,9,1,8,578,179,399,56,26,30,4,2,2,1387,547,840,29,11,18,0,0,0,0,0,0
107327,Undergraduate students,2067,768,1299,4,2,2,9,1,8,578,179,399,56,26,30,4,2,2,1387,547,840,29,11,18,0,0,0,0,0,0
107442,Total students enrolled for credit,73,48,25,0,0,0,0,0,0,71,46,25,1,1,0,0,0,0,1,1,0,0,0,0,0,0,0,0,0,0
107442,Undergraduate students,73,48,25,0,0,0,0,0,0,71,46,25,1,1,0,0,0,0,1,1,0,0,0,0,0,0,0,0,0,0
107460,Total students enrolled for credit,2399,959,1440,10,3,7,12,4,8,14,7,7,153,61,92,3,0,3,2098,841,1257,92,36,56,15,6,9,2,1,1
107460,Undergraduate students,2399,959,1440,10,3,7,12,4,8,14,7,7,153,61,92,3,0,3,2098,841,1257,92,36,56,15,6,9,2,1,1
107488,Total students enrolled for credit,301,181,120,3,2,1,5,1,4,2,1,1,54,36,18,0,0,0,232,139,93,0,0,0,5,2,3,0,0,0
107488,Undergraduate students,301,181,120,3,2,1,5,1,4,2,1,1,54,36,18,0,0,0,232,139,93,0,0,0,5,2,3,0,0,0
107512,Total students enrolled for credit,1648,782,866,11,5,6,14,7,7,143,107,36,63,29,34,2,1,1,1368,608,760,10,5,5,0,0,0,37,20,17
107512,Undergraduate students,1648,782,866,11,5,6,14,7,7,143,107,36,63,29,34,2,1,1,1368,608,760,10,5,5,0,0,0,37,20,17
107521,Total students enrolled for credit,1775,697,1078,12,5,7,5,2,3,261,60,201,71,30,41,2,1,1,1344,559,785,76,38,38,3,2,1,1,0,1
107521,Undergraduate students,1775,697,1078,12,5,7,5,2,3,261,60,201,71,30,41,2,1,1,1344,559,785,76,38,38,3,2,1,1,0,1
107549,Total students enrolled for credit,1580,451,1129,12,5,7,6,2,4,27,9,18,28,10,18,4,0,4,1503,425,1078,0,0,0,0,0,0,0,0,0
107549,Undergraduate students,1580,451,1129,12,5,7,6,2,4,27,9,18,28,10,18,4,0,4,1503,425,1078,0,0,0,0,0,0,0,0,0
107558,Total students enrolled for credit,712,348,364,6,4,2,2,0,2,44,27,17,75,41,34,0,0,0,422,210,212,39,17,22,18,7,11,106,42,64
107558,Undergraduate students,712,348,364,6,4,2,2,0,2,44,27,17,75,41,34,0,0,0,422,210,212,39,17,22,18,7,11,106,42,64
107585,Total students enrolled for credit,2684,1036,1648,7,1,6,17,9,8,270,92,178,119,56,63,0,0,0,2000,767,1233,204,81,123,21,8,13,46,22,24
107585,Undergraduate students,2684,1036,1648,7,1,6,17,9,8,270,92,178,119,56,63,0,0,0,2000,767,1233,204,81,123,21,8,13,46,22,24
107600,Total students enrolled for credit,855,326,529,0,0,0,3,1,2,785,291,494,12,7,5,1,1,0,4,3,1,21,3,18,7,4,3,22,16,6
107600,Undergraduate students,855,326,529,0,0,0,3,1,2,785,291,494,12,7,5,1,1,0,4,3,1,21,3,18,7,4,3,22,16,6
107619,Total students enrolled for credit,2227,840,1387,8,5,3,8,2,6,1004,344,660,60,24,36,0,0,0,1108,449,659,7,2,5,32,14,18,0,0,0
107619,Undergraduate students,2227,840,1387,8,5,3,8,2,6,1004,344,660,60,24,36,0,0,0,1108,449,659,7,2,5,32,14,18,0,0,0
107637,Total students enrolled for credit,1957,584,1373,11,5,6,15,8,7,1189,297,892,27,13,14,2,0,2,700,255,445,12,5,7,0,0,0,1,1,0
107637,Undergraduate students,1957,584,1373,11,5,6,15,8,7,1189,297,892,27,13,14,2,0,2,700,255,445,12,5,7,0,0,0,1,1,0
107655,Total students enrolled for credit,37,3,34,1,0,1,0,0,0,8,1,7,0,0,0,0,0,0,27,2,25,0,0,0,1,0,1,0,0,0
107655,Undergraduate students,37,3,34,1,0,1,0,0,0,8,1,7,0,0,0,0,0,0,27,2,25,0,0,0,1,0,1,0,0,0
107664,Total students enrolled for credit,9073,3286,5787,26,13,13,126,55,71,3828,1221,2607,508,172,336,12,6,6,4001,1608,2393,310,106,204,223,88,135,39,17,22
107664,Undergraduate students,9073,3286,5787,26,13,13,126,55,71,3828,1221,2607,508,172,336,12,6,6,4001,1608,2393,310,106,204,223,88,135,39,17,22
107725,Total students enrolled for credit,2104,656,1448,13,3,10,63,34,29,760,176,584,118,42,76,3,1,2,1125,396,729,7,2,5,15,2,13,0,0,0
107725,Undergraduate students,2104,656,1448,13,3,10,63,34,29,760,176,584,118,42,76,3,1,2,1125,396,729,7,2,5,15,2,13,0,0,0
107743,Total students enrolled for credit,1151,351,800,37,12,25,14,4,10,5,4,1,42,20,22,2,1,1,1007,293,714,16,7,9,18,6,12,10,4,6
107743,Undergraduate students,1151,351,800,37,12,25,14,4,10,5,4,1,42,20,22,2,1,1,1007,293,714,16,7,9,18,6,12,10,4,6
107789,Total students enrolled for credit,171,9,162,3,0,3,0,0,0,9,0,9,10,0,10,0,0,0,149,9,140,0,0,0,0,0,0,0,0,0
107789,Undergraduate students,171,9,162,3,0,3,0,0,0,9,0,9,10,0,10,0,0,0,149,9,140,0,0,0,0,0,0,0,0,0
107831,Total students enrolled for credit,107,7,100,1,0,1,0,0,0,10,1,9,1,1,0,1,0,1,94,5,89,0,0,0,0,0,0,0,0,0
107831,Undergraduate students,107,7,100,1,0,1,0,0,0,10,1,9,1,1,0,1,0,1,94,5,89,0,0,0,0,0,0,0,0,0
107840,Total students enrolled for credit,794,393,401,9,5,4,0,0,0,431,201,230,24,15,9,0,0,0,328,170,158,0,0,0,2,2,0,0,0,0
107840,Undergraduate students,794,393,401,9,5,4,0,0,0,431,201,230,24,15,9,0,0,0,328,170,158,0,0,0,2,2,0,0,0,0
107877,Total students enrolled for credit,501,251,250,0,0,0,0,0,0,40,29,11,5,4,1,3,1,2,389,177,212,58,36,22,1,0,1,5,4,1
107877,Undergraduate students,501,251,250,0,0,0,0,0,0,40,29,11,5,4,1,3,1,2,389,177,212,58,36,22,1,0,1,5,4,1
107974,Total students enrolled for credit,2099,635,1464,13,3,10,14,5,9,707,176,531,106,41,65,0,0,0,1214,396,818,25,9,16,13,3,10,7,2,5
107974,Undergraduate students,2099,635,1464,13,3,10,14,5,9,707,176,531,106,41,65,0,0,0,1214,396,818,25,9,16,13,3,10,7,2,5
107983,Total students enrolled for credit,5683,2925,2758,24,10,14,29,17,12,1145,459,686,112,49,63,20,8,12,2807,1195,1612,66,19,47,21,13,8,1459,1155,304
107983,Undergraduate students,3661,1649,2012,18,7,11,25,14,11,994,416,578,111,49,62,19,8,11,2333,1055,1278,32,12,20,1,1,0,128,87,41
107983,Graduate student,2022,1276,746,6,3,3,4,3,1,151,43,108,1,0,1,1,0,1,474,140,334,34,7,27,20,12,8,1331,1068,263
107992,Total students enrolled for credit,2056,1212,844,13,9,4,7,5,2,559,226,333,58,30,28,1,1,0,1319,873,446,83,57,26,12,7,5,4,4,0
107992,Undergraduate students,2056,1212,844,13,9,4,7,5,2,559,226,333,58,30,28,1,1,0,1319,873,446,83,57,26,12,7,5,4,4,0
108065,Total students enrolled for credit,23,3,20,0,0,0,0,0,0,23,3,20,0,0,0,0,0,0,0,0,0,0,0,0,0,0,0,0,0,0
108065,Undergraduate students,23,3,20,0,0,0,0,0,0,23,3,20,0,0,0,0,0,0,0,0,0,0,0,0,0,0,0,0,0,0
108092,Total students enrolled for credit,7586,3407,4179,191,83,108,378,187,191,315,115,200,836,370,466,8,3,5,5202,2329,2873,548,254,294,5,3,2,103,63,40
108092,Undergraduate students,7568,3396,4172,191,83,108,378,187,191,311,114,197,833,367,466,8,3,5,5192,2323,2869,547,253,294,5,3,2,103,63,40
108092,Graduate student,18,11,7,0,0,0,0,0,0,4,1,3,3,3,0,0,0,0,10,6,4,1,1,0,0,0,0,0,0,0
108232,Total students enrolled for credit,16003,6566,9437,73,27,46,946,389,557,1086,469,617,1542,701,841,93,35,58,3018,1203,1815,396,142,254,3487,1558,1929,5362,2042,3320
108232,Undergraduate students,10740,4618,6122,52,16,36,691,311,380,784,369,415,1271,590,681,78,32,46,2116,849,1267,326,116,210,2794,1307,1487,2628,1028,1600
108232,Graduate student,5263,1948,3315,21,11,10,255,78,177,302,100,202,271,111,160,15,3,12,902,354,548,70,26,44,693,251,442,2734,1014,1720
108269,Total students enrolled for credit,137,39,98,3,0,3,51,18,33,11,7,4,5,0,5,3,0,3,58,13,45,2,0,2,0,0,0,4,1,3
108269,Graduate student,137,39,98,3,0,3,51,18,33,11,7,4,5,0,5,3,0,3,58,13,45,2,0,2,0,0,0,4,1,3
108348,Total students enrolled for credit,14,6,8,0,0,0,0,0,0,1,0,1,6,2,4,0,0,0,7,4,3,0,0,0,0,0,0,0,0,0
108348,Undergraduate students,14,6,8,0,0,0,0,0,0,1,0,1,6,2,4,0,0,0,7,4,3,0,0,0,0,0,0,0,0,0
108649,Total students enrolled for credit,212,7,205,3,0,3,17,0,17,80,3,77,64,3,61,1,0,1,34,1,33,5,0,5,8,0,8,0,0,0
108649,Undergraduate students,212,7,205,3,0,3,17,0,17,80,3,77,64,3,61,1,0,1,34,1,33,5,0,5,8,0,8,0,0,0
108667,Total students enrolled for credit,10439,4495,5944,21,11,10,3363,1477,1886,2054,809,1245,2427,1044,1383,70,27,43,1544,717,827,407,180,227,429,173,256,124,57,67
108667,Undergraduate students,10439,4495,5944,21,11,10,3363,1477,1886,2054,809,1245,2427,1044,1383,70,27,43,1544,717,827,407,180,227,429,173,256,124,57,67
108807,Total students enrolled for credit,17716,8647,9069,118,65,53,756,394,362,440,292,148,9555,4379,5176,58,38,20,6032,3086,2946,655,321,334,61,43,18,41,29,12
108807,Undergraduate students,17716,8647,9069,118,65,53,756,394,362,440,292,148,9555,4379,5176,58,38,20,6032,3086,2946,655,321,334,61,43,18,41,29,12
108852,Total students enrolled for credit,338,140,198,1,0,1,4,2,2,30,16,14,3,1,2,0,0,0,141,70,71,21,8,13,26,9,17,112,34,78
108852,Undergraduate students,338,140,198,1,0,1,4,2,2,30,16,14,3,1,2,0,0,0,141,70,71,21,8,13,26,9,17,112,34,78
108861,Total students enrolled for credit,57,32,25,0,0,0,8,7,1,21,6,15,3,3,0,3,1,2,8,5,3,0,0,0,0,0,0,14,10,4
108861,Graduate student,57,32,25,0,0,0,8,7,1,21,6,15,3,3,0,3,1,2,8,5,3,0,0,0,0,0,0,14,10,4
108870,Total students enrolled for credit,374,207,167,0,0,0,21,8,13,16,9,7,28,19,9,0,0,0,129,77,52,8,4,4,29,22,7,143,68,75
108870,Graduate student,374,207,167,0,0,0,21,8,13,16,9,7,28,19,9,0,0,0,129,77,52,8,4,4,29,22,7,143,68,75
108977,Total students enrolled for credit,185,90,95,1,0,1,9,6,3,10,5,5,142,73,69,3,1,2,19,4,15,0,0,0,1,1,0,0,0,0
108977,Undergraduate students,185,90,95,1,0,1,9,6,3,10,5,5,142,73,69,3,1,2,19,4,15,0,0,0,1,1,0,0,0,0
109040,Total students enrolled for credit,2169,470,1699,3,0,3,227,68,159,255,53,202,1425,287,1138,24,6,18,98,30,68,87,15,72,50,11,39,0,0,0
109040,Undergraduate students,2169,470,1699,3,0,3,227,68,159,255,53,202,1425,287,1138,24,6,18,98,30,68,87,15,72,50,11,39,0,0,0
109086,Total students enrolled for credit,97,40,57,0,0,0,8,3,5,16,7,9,5,2,3,1,1,0,51,21,30,8,2,6,7,4,3,1,0,1
109086,Undergraduate students,61,21,40,0,0,0,6,3,3,9,3,6,1,0,1,1,1,0,32,11,21,7,2,5,4,1,3,1,0,1
109086,Graduate student,36,19,17,0,0,0,2,0,2,7,4,3,4,2,2,0,0,0,19,10,9,1,0,1,3,3,0,0,0,0
109208,Total students enrolled for credit,46012,24334,21678,254,116,138,5284,2584,2700,3830,1659,2171,10252,5346,4906,409,204,205,18750,9283,9467,2490,1073,1417,4542,3962,580,201,107,94
109208,Undergraduate students,46012,24334,21678,254,116,138,5284,2584,2700,3830,1659,2171,10252,5346,4906,409,204,205,18750,9283,9467,2490,1073,1417,4542,3962,580,201,107,94
109350,Total students enrolled for credit,18189,7418,10771,71,32,39,630,303,327,3241,1210,2031,9261,3770,5491,35,13,22,3907,1668,2239,871,343,528,152,66,86,21,13,8
109350,Undergraduate students,18189,7418,10771,71,32,39,630,303,327,3241,1210,2031,9261,3770,5491,35,13,22,3907,1668,2239,871,343,528,152,66,86,21,13,8
109651,Total students enrolled for credit,2865,1405,1460,7,3,4,924,374,550,45,27,18,321,197,124,10,6,4,476,266,210,121,59,62,27,8,19,934,465,469
109651,Undergraduate students,2606,1260,1346,7,3,4,898,357,541,39,22,17,309,188,121,9,5,4,419,230,189,111,55,56,21,6,15,793,394,399
109651,Graduate student,259,145,114,0,0,0,26,17,9,6,5,1,12,9,3,1,1,0,57,36,21,10,4,6,6,2,4,141,71,70
109721,Total students enrolled for credit,530,247,283,4,2,2,8,1,7,238,119,119,197,101,96,1,1,0,60,18,42,15,3,12,7,2,5,0,0,0
109721,Undergraduate students,530,247,283,4,2,2,8,1,7,238,119,119,197,101,96,1,1,0,60,18,42,15,3,12,7,2,5,0,0,0
109730,Total students enrolled for credit,237,182,55,6,5,1,4,4,0,70,54,16,85,65,20,9,6,3,59,46,13,0,0,0,4,2,2,0,0,0
109730,Undergraduate students,237,182,55,6,5,1,4,4,0,70,54,16,85,65,20,9,6,3,59,46,13,0,0,0,4,2,2,0,0,0
109785,Total students enrolled for credit,11559,3731,7828,40,17,23,1266,424,842,761,256,505,3323,977,2346,126,48,78,4459,1421,3038,505,198,307,780,251,529,299,139,160
109785,Undergraduate students,6263,2141,4122,12,4,8,598,206,392,329,131,198,1961,638,1323,75,33,42,2523,830,1693,482,188,294,125,38,87,158,73,85
109785,Graduate student,5296,1590,3706,28,13,15,668,218,450,432,125,307,1362,339,1023,51,15,36,1936,591,1345,23,10,13,655,213,442,141,66,75
109819,Total students enrolled for credit,31636,14366,17270,124,61,63,1320,651,669,1273,537,736,21154,9149,12005,39,19,20,6187,3017,3170,951,423,528,492,447,45,96,62,34
109819,Undergraduate students,31636,14366,17270,124,61,63,1320,651,669,1273,537,736,21154,9149,12005,39,19,20,6187,3017,3170,951,423,528,492,447,45,96,62,34
109907,Total students enrolled for credit,4930,1720,3210,32,12,20,180,52,128,764,296,468,2019,697,1322,45,16,29,1530,507,1023,273,105,168,76,26,50,11,9,2
109907,Undergraduate students,4930,1720,3210,32,12,20,180,52,128,764,296,468,2019,697,1322,45,16,29,1530,507,1023,273,105,168,76,26,50,11,9,2
109934,Total students enrolled for credit,340,73,267,1,0,1,30,7,23,61,25,36,181,31,150,5,2,3,32,6,26,26,2,24,4,0,4,0,0,0
109934,Undergraduate students,340,73,267,1,0,1,30,7,23,61,25,36,181,31,150,5,2,3,32,6,26,26,2,24,4,0,4,0,0,0
110060,Total students enrolled for credit,503,285,218,0,0,0,349,179,170,61,43,18,58,33,25,0,0,0,34,30,4,0,0,0,1,0,1,0,0,0
110060,Undergraduate students,364,221,143,0,0,0,218,119,99,56,40,16,58,33,25,0,0,0,32,29,3,0,0,0,0,0,0,0,0,0
110060,Graduate student,139,64,75,0,0,0,131,60,71,5,3,2,0,0,0,0,0,0,2,1,1,0,0,0,1,0,1,0,0,0
110097,Total students enrolled for credit,6519,2944,3575,15,7,8,1323,683,640,195,71,124,1104,383,721,13,4,9,2972,1356,1616,324,131,193,258,129,129,315,180,135
110097,Undergraduate students,4256,1545,2711,10,4,6,738,311,427,107,29,78,875,266,609,11,3,8,2017,743,1274,255,93,162,111,41,70,132,55,77
110097,Graduate student,2263,1399,864,5,3,2,585,372,213,88,42,46,229,117,112,2,1,1,955,613,342,69,38,31,147,88,59,183,125,58
110194,Total students enrolled for credit,308,307,1,0,0,0,29,29,0,9,9,0,180,179,1,3,3,0,82,82,0,0,0,0,5,5,0,0,0,0
110194,Undergraduate students,308,307,1,0,0,0,29,29,0,9,9,0,180,179,1,3,3,0,82,82,0,0,0,0,5,5,0,0,0,0
110219,Total students enrolled for credit,2592,928,1664,24,5,19,26,9,17,478,218,260,205,79,126,8,4,4,928,266,662,146,62,84,777,285,492,0,0,0
110219,Undergraduate students,2585,927,1658,24,5,19,25,9,16,476,218,258,204,79,125,8,4,4,926,266,660,146,62,84,776,284,492,0,0,0
110219,Graduate student,7,1,6,0,0,0,1,0,1,2,0,2,1,0,1,0,0,0,2,0,2,0,0,0,1,1,0,0,0,0
110246,Total students enrolled for credit,14252,6704,7548,220,93,127,827,388,439,356,202,154,3615,1641,1974,53,26,27,8097,3800,4297,576,269,307,289,136,153,219,149,70
110246,Undergraduate students,14252,6704,7548,220,93,127,827,388,439,356,202,154,3615,1641,1974,53,26,27,8097,3800,4297,576,269,307,289,136,153,219,149,70
110307,Total students enrolled for credit,376,64,312,1,0,1,10,1,9,40,7,33,119,17,102,2,0,2,161,31,130,19,4,15,22,4,18,2,0,2
110307,Graduate student,376,64,312,1,0,1,10,1,9,40,7,33,119,17,102,2,0,2,161,31,130,19,4,15,22,4,18,2,0,2
110316,Total students enrolled for credit,1752,451,1301,7,1,6,138,27,111,101,26,75,157,37,120,14,6,8,1009,267,742,121,29,92,70,27,43,135,31,104
110316,Undergraduate students,134,30,104,0,0,0,4,1,3,16,3,13,24,5,19,2,0,2,66,18,48,17,2,15,1,1,0,4,0,4
110316,Graduate student,1618,421,1197,7,1,6,134,26,108,85,23,62,133,32,101,12,6,6,943,249,694,104,27,77,69,26,43,131,31,100
110334,Total students enrolled for credit,17517,8447,9070,57,25,32,678,338,340,193,124,69,6908,3059,3849,37,20,17,8386,4238,4148,897,416,481,266,178,88,95,49,46
110334,Undergraduate students,17517,8447,9070,57,25,32,678,338,340,193,124,69,6908,3059,3849,37,20,17,8386,4238,4148,897,416,481,266,178,88,95,49,46
110361,Total students enrolled for credit,11332,3918,7414,69,21,48,564,223,341,1019,308,711,3869,1166,2703,112,41,71,4263,1588,2675,614,236,378,513,179,334,309,156,153
110361,Undergraduate students,8140,3019,5121,53,18,35,399,169,230,669,225,444,2872,915,1957,91,36,55,3077,1241,1836,488,198,290,346,139,207,145,78,67
110361,Graduate student,3192,899,2293,16,3,13,165,54,111,350,83,267,997,251,746,21,5,16,1186,347,839,126,38,88,167,40,127,164,78,86
110370,Total students enrolled for credit,2280,818,1462,8,4,4,344,103,241,124,51,73,270,98,172,14,7,7,554,229,325,0,0,0,171,56,115,795,270,525
110370,Undergraduate students,1754,636,1118,5,1,4,297,90,207,99,40,59,218,83,135,13,6,7,396,167,229,0,0,0,132,42,90,594,207,387
110370,Graduate student,526,182,344,3,3,0,47,13,34,25,11,14,52,15,37,1,1,0,158,62,96,0,0,0,39,14,25,201,63,138
110398,Total students enrolled for credit,1017,439,578,14,7,7,160,71,89,36,14,22,160,68,92,3,2,1,433,195,238,11,4,7,124,58,66,76,20,56
110398,Graduate student,1017,439,578,14,7,7,160,71,89,36,14,22,160,68,92,3,2,1,433,195,238,11,4,7,124,58,66,76,20,56
110404,Total students enrolled for credit,2279,1506,773,1,1,0,575,315,260,22,15,7,174,133,41,0,0,0,737,503,234,93,55,38,8,6,2,669,478,191
110404,Undergraduate students,1002,595,407,0,0,0,426,219,207,14,10,4,121,100,21,0,0,0,284,178,106,67,42,25,0,0,0,90,46,44
110404,Graduate student,1277,911,366,1,1,0,149,96,53,8,5,3,53,33,20,0,0,0,453,325,128,26,13,13,8,6,2,579,432,147
110413,Total students enrolled for credit,4967,2130,2837,17,5,12,222,95,127,148,87,61,1307,486,821,23,9,14,2122,860,1262,275,101,174,237,117,120,616,370,246
110413,Undergraduate students,3207,1392,1815,9,4,5,164,71,93,110,71,39,934,371,563,15,6,9,1504,645,859,223,88,135,130,64,66,118,72,46
110413,Graduate student,1760,738,1022,8,1,7,58,24,34,38,16,22,373,115,258,8,3,5,618,215,403,52,13,39,107,53,54,498,298,200
110422,Total students enrolled for credit,22168,11630,10538,33,18,15,2694,1450,1244,158,94,64,3522,1795,1727,34,19,15,12549,6513,6036,1562,796,766,1095,617,478,521,328,193
110422,Undergraduate students,21098,11100,9998,30,17,13,2604,1390,1214,153,91,62,3367,1730,1637,32,17,15,11944,6237,5707,1502,764,738,997,561,436,469,293,176
110422,Graduate student,1070,530,540,3,1,2,90,60,30,5,3,2,155,65,90,2,2,0,605,276,329,60,32,28,98,56,42,52,35,17
110468,Total students enrolled for credit,5344,1876,3468,13,6,7,356,102,254,313,117,196,1403,486,917,21,7,14,1780,521,1259,241,72,169,857,380,477,360,185,175
110468,Undergraduate students,2111,950,1161,3,1,2,82,31,51,71,41,30,743,326,417,9,4,5,336,114,222,45,20,25,717,330,387,105,83,22
110468,Graduate student,3233,926,2307,10,5,5,274,71,203,242,76,166,660,160,500,12,3,9,1444,407,1037,196,52,144,140,50,90,255,102,153
110486,Total students enrolled for credit,11152,4298,6854,62,19,43,803,372,431,665,230,435,5882,2090,3792,19,10,9,2366,932,1434,321,113,208,442,169,273,592,363,229
110486,Undergraduate students,9769,3892,5877,53,17,36,733,356,377,591,207,384,5288,1928,3360,19,10,9,1881,779,1102,266,100,166,384,147,237,554,348,206
110486,Graduate student,1383,406,977,9,2,7,70,16,54,74,23,51,594,162,432,0,0,0,485,153,332,55,13,42,58,22,36,38,15,23
110495,Total students enrolled for credit,10627,3647,6980,38,18,20,1054,398,656,234,89,145,5260,1680,3580,54,21,33,2610,947,1663,414,141,273,622,222,400,341,131,210
110495,Undergraduate students,9299,3301,5998,33,17,16,973,382,591,202,76,126,4712,1550,3162,51,20,31,2153,823,1330,363,124,239,482,180,302,330,129,201
110495,Graduate student,1328,346,982,5,1,4,81,16,65,32,13,19,548,130,418,3,1,2,457,124,333,51,17,34,140,42,98,11,2,9
110510,Total students enrolled for credit,21914,8650,13264,51,20,31,1210,600,610,1279,453,826,12934,4700,8234,43,18,25,3065,1312,1753,573,219,354,1088,434,654,1671,894,777
110510,Undergraduate students,19244,7694,11550,40,15,25,1083,551,532,1093,402,691,11910,4377,7533,39,15,24,2414,1064,1350,491,195,296,779,315,464,1395,760,635
110510,Graduate student,2670,956,1714,11,5,6,127,49,78,186,51,135,1024,323,701,4,3,1,651,248,403,82,24,58,309,119,190,276,134,142
110529,Total students enrolled for credit,26669,14524,12145,59,35,24,5928,3495,2433,893,427,466,10973,5551,5422,37,22,15,4879,2802,2077,1047,581,466,1108,622,486,1745,989,756
110529,Undergraduate students,24747,13585,11162,53,31,22,5614,3308,2306,828,398,430,10305,5271,5034,36,22,14,4376,2566,1810,998,557,441,989,560,429,1548,872,676
110529,Graduate student,1922,939,983,6,4,2,314,187,127,65,29,36,668,280,388,1,0,1,503,236,267,49,24,25,119,62,57,197,117,80
110538,Total students enrolled for credit,19004,8818,10186,113,49,64,1049,485,564,454,211,243,5614,2394,3220,36,17,19,8378,3970,4408,990,461,529,1597,730,867,773,501,272
110538,Undergraduate students,17732,8407,9325,106,47,59,994,468,526,434,206,228,5411,2343,3068,31,15,16,7717,3776,3941,937,446,491,1440,679,761,662,427,235
110538,Graduate student,1272,411,861,7,2,5,55,17,38,20,5,15,203,51,152,5,2,3,661,194,467,53,15,38,157,51,106,111,74,37
110547,Total students enrolled for credit,15580,5543,10037,19,7,12,1599,712,887,2041,599,1442,8765,3020,5745,45,15,30,1438,568,870,443,156,287,583,221,362,647,245,402
110547,Undergraduate students,13181,4894,8287,18,6,12,1274,613,661,1716,531,1185,7860,2771,5089,40,12,28,931,440,491,354,131,223,431,178,253,557,212,345
110547,Graduate student,2399,649,1750,1,1,0,325,99,226,325,68,257,905,249,656,5,3,2,507,128,379,89,25,64,152,43,109,90,33,57
110556,Total students enrolled for credit,26380,10980,15400,97,37,60,3573,1508,2065,787,340,447,12487,4794,7693,43,20,23,5549,2389,3160,742,294,448,1282,564,718,1820,1034,786
110556,Undergraduate students,23020,9846,13174,82,27,55,3259,1430,1829,671,293,378,11271,4448,6823,41,19,22,4537,2046,2491,647,262,385,1067,497,570,1445,824,621
110556,Graduate student,3360,1134,2226,15,10,5,314,78,236,116,47,69,1216,346,870,2,1,1,1012,343,669,95,32,63,215,67,148,375,210,165
110565,Total students enrolled for credit,44790,19630,25160,57,25,32,9053,4285,4768,960,348,612,17424,6881,10543,77,31,46,9713,4309,5404,1898,809,1089,1879,900,979,3729,2042,1687
110565,Undergraduate students,38279,16994,21285,48,23,25,8025,3856,4169,787,291,496,15940,6397,9543,68,26,42,7868,3672,4196,1681,738,943,1477,740,737,2385,1251,1134
110565,Graduate student,6511,2636,3875,9,2,7,1028,429,599,173,57,116,1484,484,1000,9,5,4,1845,637,1208,217,71,146,402,160,242,1344,791,553
110574,Total students enrolled for credit,17600,6829,10771,34,10,24,3902,1696,2206,1813,567,1246,5059,1681,3378,148,54,94,2939,1229,1710,932,348,584,1060,420,640,1713,824,889
110574,Undergraduate students,14691,5697,8994,29,9,20,3419,1526,1893,1571,475,1096,4704,1545,3159,129,47,82,2303,991,1312,821,306,515,776,314,462,939,484,455
110574,Graduate student,2909,1132,1777,5,1,4,483,170,313,242,92,150,355,136,219,19,7,12,636,238,398,111,42,69,284,106,178,774,340,434
110583,Total students enrolled for credit,40641,17377,23264,69,32,37,8616,3972,4644,1637,588,1049,15709,6205,9504,91,43,48,7790,3420,4370,1923,783,1140,1640,764,876,3166,1570,1596
110583,Undergraduate students,34415,15062,19353,59,30,29,7683,3601,4082,1367,516,851,13760,5558,8202,82,36,46,6121,2845,3276,1683,704,979,1242,595,647,2418,1177,1241
110583,Graduate student,6226,2315,3911,10,2,8,933,371,562,270,72,198,1949,647,1302,9,7,2,1669,575,1094,240,79,161,398,169,229,748,393,355
110592,Total students enrolled for credit,29181,12199,16982,33,17,16,4096,2000,2096,1195,450,745,17674,6843,10831,30,10,20,2276,1008,1268,568,248,320,859,385,474,2450,1238,1212
110592,Undergraduate students,24862,10478,14384,22,11,11,3552,1781,1771,998,383,615,15873,6265,9608,28,10,18,1609,759,850,473,211,262,674,306,368,1633,752,881
110592,Graduate student,4319,1721,2598,11,6,5,544,219,325,197,67,130,1801,578,1223,2,0,2,667,249,418,95,37,58,185,79,106,817,486,331
110608,Total students enrolled for credit,41909,18851,23058,54,28,26,4506,2334,2172,1962,788,1174,18185,7433,10752,47,21,26,9788,4446,5342,1407,615,792,2092,1003,1089,3868,2183,1685
110608,Undergraduate students,37184,17118,20066,45,22,23,4065,2165,1900,1803,732,1071,16844,7043,9801,41,19,22,8143,3863,4280,1243,556,687,1652,836,816,3348,1882,1466
110608,Graduate student,4725,1733,2992,9,6,3,441,169,272,159,56,103,1341,390,951,6,2,4,1645,583,1062,164,59,105,440,167,273,520,301,219
110617,Total students enrolled for credit,33379,14528,18851,114,55,59,6653,3240,3413,1886,755,1131,9667,3830,5837,240,106,134,9503,4174,5329,2055,877,1178,2105,959,1146,1156,532,624
110617,Undergraduate students,30445,13434,17011,99,47,52,6290,3085,3205,1751,707,1044,9073,3640,5433,233,103,130,8395,3789,4606,1918,837,1081,1815,841,974,871,385,486
110617,Graduate student,2934,1094,1840,15,8,7,363,155,208,135,48,87,594,190,404,7,3,4,1108,385,723,137,40,97,290,118,172,285,147,138
110635,Total students enrolled for credit,42684,21365,21319,98,40,58,12592,6165,6427,968,407,561,5546,2374,3172,56,22,34,12401,6333,6068,1752,767,985,2253,1290,963,7018,3967,3051
110635,Undergraduate students,31133,15073,16060,71,30,41,10911,5332,5579,642,266,376,4642,1945,2697,53,22,31,8135,4075,4060,1356,596,760,1264,731,533,4059,2076,1983
110635,Graduate student,11551,6292,5259,27,10,17,1681,833,848,326,141,185,904,429,475,3,0,3,4266,2258,2008,396,171,225,989,559,430,2959,1891,1068
110644,Total students enrolled for credit,38778,16326,22452,80,33,47,10560,4311,6249,894,350,544,7062,2525,4537,163,75,88,11607,4946,6661,1938,779,1159,739,324,415,5735,2983,2752
110644,Undergraduate students,31437,12937,18500,56,24,32,9550,3888,5662,742,291,451,6333,2228,4105,153,72,81,8354,3495,4859,1629,637,992,477,207,270,4143,2095,2048
110644,Graduate student,7341,3389,3952,24,9,15,1010,423,587,152,59,93,729,297,432,10,3,7,3253,1451,1802,309,142,167,262,117,145,1592,888,704
110653,Total students enrolled for credit,34754,16717,18037,26,14,12,11400,5295,6105,646,257,389,8234,3486,4748,116,58,58,6093,3169,2924,1245,608,637,806,462,344,6188,3368,2820
110653,Undergraduate students,28947,13576,15371,12,7,5,10426,4821,5605,549,208,341,7588,3189,4399,109,56,53,4171,2132,2039,1064,519,545,319,200,119,4709,2444,2265
110653,Graduate student,5807,3141,2666,14,7,7,974,474,500,97,49,48,646,297,349,7,2,5,1922,1037,885,181,89,92,487,262,225,1479,924,555
110662,Total students enrolled for credit,46298,21633,24665,97,41,56,11882,5547,6335,1565,574,991,8599,3322,5277,117,45,72,13428,6560,6868,2128,886,1242,1185,626,559,7297,4032,3265
110662,Undergraduate students,33148,14467,18681,61,22,39,9461,4247,5214,1114,410,704,7170,2703,4467,97,39,58,8857,3989,4868,1631,658,973,711,370,341,4046,2029,2017
110662,Graduate student,13150,7166,5984,36,19,17,2421,1300,1121,451,164,287,1429,619,810,20,6,14,4571,2571,2000,497,228,269,474,256,218,3251,2003,1248
110671,Total students enrolled for credit,24371,11699,12672,38,18,20,7663,3978,3685,977,367,610,8731,3466,5265,95,45,50,3693,2039,1654,955,467,488,445,281,164,1774,1038,736
110671,Undergraduate students,21017,9886,11131,32,14,18,7285,3777,3508,886,331,555,8212,3232,4980,93,44,49,2635,1462,1173,851,419,432,237,182,55,786,425,361
110671,Graduate student,3354,1813,1541,6,4,2,378,201,177,91,36,55,519,234,285,2,1,1,1058,577,481,104,48,56,208,99,109,988,613,375
110680,Total students enrolled for credit,36785,19769,17016,40,23,17,11647,6143,5504,553,246,307,5488,2690,2798,97,50,47,8117,4495,3622,1601,810,791,781,440,341,8461,4872,3589
110680,Undergraduate students,29613,15418,14195,31,18,13,10635,5563,5072,435,185,250,4927,2382,2545,84,44,40,5921,3193,2728,1365,694,671,503,298,205,5712,3041,2671
110680,Graduate student,7172,4351,2821,9,5,4,1012,580,432,118,61,57,561,308,253,13,6,7,2196,1302,894,236,116,120,278,142,136,2749,1831,918
110699,Total students enrolled for credit,3176,1167,2009,5,1,4,1037,356,681,157,63,94,387,159,228,10,3,7,1111,407,704,159,60,99,186,67,119,124,51,73
110699,Graduate student,3176,1167,2009,5,1,4,1037,356,681,157,63,94,387,159,228,10,3,7,1111,407,704,159,60,99,186,67,119,124,51,73
110705,Total students enrolled for credit,25833,12411,13422,53,23,30,4492,2250,2242,549,219,330,6254,2623,3631,33,14,19,8998,4483,4515,1975,864,1111,789,414,375,2690,1521,1169
110705,Undergraduate students,22910,10796,12114,26,14,12,4217,2113,2104,499,199,300,5986,2507,3479,28,14,14,7638,3730,3908,1944,851,1093,626,328,298,1946,1040,906
110705,Graduate student,2923,1615,1308,27,9,18,275,137,138,50,20,30,268,116,152,5,0,5,1360,753,607,31,13,18,163,86,77,744,481,263
110714,Total students enrolled for credit,19912,9950,9962,23,16,7,4013,2154,1859,382,153,229,5587,2324,3263,30,11,19,6615,3412,3203,1506,747,759,422,271,151,1334,862,472
110714,Undergraduate students,17925,8814,9111,20,14,6,3882,2082,1800,360,144,216,5359,2213,3146,30,11,19,5759,2949,2810,1408,702,706,309,199,110,798,500,298
110714,Graduate student,1987,1136,851,3,2,1,131,72,59,22,9,13,228,111,117,0,0,0,856,463,393,98,45,53,113,72,41,536,362,174
110778,Total students enrolled for credit,492,173,319,0,0,0,2,0,2,14,4,10,13,3,10,3,1,2,96,29,67,0,0,0,140,41,99,224,95,129
110778,Undergraduate students,17,3,14,0,0,0,0,0,0,0,0,0,1,0,1,1,0,1,4,0,4,0,0,0,9,2,7,2,1,1
110778,Graduate student,475,170,305,0,0,0,2,0,2,14,4,10,12,3,9,2,1,1,92,29,63,0,0,0,131,39,92,222,94,128
110875,Total students enrolled for credit,165,1,164,4,0,4,3,0,3,0,0,0,83,1,82,0,0,0,72,0,72,1,0,1,2,0,2,0,0,0
110875,Undergraduate students,165,1,164,4,0,4,3,0,3,0,0,0,83,1,82,0,0,0,72,0,72,1,0,1,2,0,2,0,0,0
110918,Total students enrolled for credit,21,17,4,1,1,0,0,0,0,1,0,1,11,10,1,0,0,0,4,4,0,2,1,1,0,0,0,2,1,1
110918,Undergraduate students,21,17,4,1,1,0,0,0,0,1,0,1,11,10,1,0,0,0,4,4,0,2,1,1,0,0,0,2,1,1
111009,Total students enrolled for credit,165,93,72,2,1,1,17,11,6,3,1,2,6,3,3,0,0,0,8,4,4,1,1,0,128,72,56,0,0,0
111009,Undergraduate students,165,93,72,2,1,1,17,11,6,3,1,2,6,3,3,0,0,0,8,4,4,1,1,0,128,72,56,0,0,0
111054,Total students enrolled for credit,343,105,238,5,1,4,19,7,12,42,18,24,173,66,107,0,0,0,84,8,76,16,5,11,1,0,1,3,0,3
111054,Undergraduate students,343,105,238,5,1,4,19,7,12,42,18,24,173,66,107,0,0,0,84,8,76,16,5,11,1,0,1,3,0,3
111081,Total students enrolled for credit,1502,639,863,7,5,2,143,46,97,83,43,40,183,86,97,3,1,2,615,303,312,46,22,24,113,37,76,309,96,213
111081,Undergraduate students,991,421,570,6,4,2,108,31,77,62,30,32,139,69,70,3,1,2,402,192,210,38,18,20,75,24,51,158,52,106
111081,Graduate student,511,218,293,1,1,0,35,15,20,21,13,8,44,17,27,0,0,0,213,111,102,8,4,4,38,13,25,151,44,107
111188,Total students enrolled for credit,1181,989,192,3,3,0,116,100,16,27,15,12,224,169,55,9,7,2,578,505,73,138,113,25,76,67,9,10,10,0
111188,Undergraduate students,1181,989,192,3,3,0,116,100,16,27,15,12,224,169,55,9,7,2,578,505,73,138,113,25,76,67,9,10,10,0
111391,Total students enrolled for credit,912,400,512,9,4,5,48,17,31,51,18,33,139,45,94,9,1,8,417,190,227,66,27,39,153,94,59,20,4,16
111391,Graduate student,912,400,512,9,4,5,48,17,31,51,18,33,139,45,94,9,1,8,417,190,227,66,27,39,153,94,59,20,4,16
111434,Total students enrolled for credit,10524,4017,6507,12,7,5,1638,635,1003,303,124,179,4606,1692,2914,145,48,97,2689,1008,1681,434,170,264,242,99,143,455,234,221
111434,Undergraduate students,10524,4017,6507,12,7,5,1638,635,1003,303,124,179,4606,1692,2914,145,48,97,2689,1008,1681,434,170,264,242,99,143,455,234,221
111461,Total students enrolled for credit,31841,17849,13992,131,86,45,3032,1709,1323,1802,1031,771,14157,7415,6742,85,53,32,10927,6475,4452,793,389,404,658,539,119,256,152,104
111461,Undergraduate students,31841,17849,13992,131,86,45,3032,1709,1323,1802,1031,771,14157,7415,6742,85,53,32,10927,6475,4452,793,389,404,658,539,119,256,152,104
111513,Total students enrolled for credit,254,4,250,2,0,2,18,1,17,17,1,16,79,2,77,3,0,3,133,0,133,2,0,2,0,0,0,0,0,0
111513,Undergraduate students,254,4,250,2,0,2,18,1,17,17,1,16,79,2,77,3,0,3,133,0,133,2,0,2,0,0,0,0,0,0
111638,Total students enrolled for credit,324,118,206,0,0,0,64,27,37,19,4,15,115,36,79,4,1,3,121,50,71,0,0,0,1,0,1,0,0,0
111638,Undergraduate students,324,118,206,0,0,0,64,27,37,19,4,15,115,36,79,4,1,3,121,50,71,0,0,0,1,0,1,0,0,0
111708,Total students enrolled for credit,350,283,67,0,0,0,40,36,4,36,32,4,213,157,56,6,5,1,48,47,1,7,6,1,0,0,0,0,0,0
111708,Undergraduate students,350,283,67,0,0,0,40,36,4,36,32,4,213,157,56,6,5,1,48,47,1,7,6,1,0,0,0,0,0,0
111717,Total students enrolled for credit,515,308,207,0,0,0,24,14,10,13,8,5,444,263,181,1,1,0,21,11,10,12,11,1,0,0,0,0,0,0
111717,Undergraduate students,515,308,207,0,0,0,24,14,10,13,8,5,444,263,181,1,1,0,21,11,10,12,11,1,0,0,0,0,0,0
111726,Total students enrolled for credit,392,267,125,0,0,0,0,0,0,1,1,0,386,262,124,0,0,0,4,3,1,1,1,0,0,0,0,0,0,0
111726,Undergraduate students,392,267,125,0,0,0,0,0,0,1,1,0,386,262,124,0,0,0,4,3,1,1,1,0,0,0,0,0,0,0
111744,Total students enrolled for credit,287,274,13,4,3,1,0,0,0,49,47,2,165,159,6,2,2,0,54,50,4,13,13,0,0,0,0,0,0,0
111744,Undergraduate students,287,274,13,4,3,1,0,0,0,49,47,2,165,159,6,2,2,0,54,50,4,13,13,0,0,0,0,0,0,0
111762,Total students enrolled for credit,181,91,90,3,3,0,0,0,0,2,2,0,173,84,89,0,0,0,3,2,1,0,0,0,0,0,0,0,0,0
111762,Undergraduate students,181,91,90,3,3,0,0,0,0,2,2,0,173,84,89,0,0,0,3,2,1,0,0,0,0,0,0,0,0,0
111799,Total students enrolled for credit,144,33,111,0,0,0,0,0,0,0,0,0,143,33,110,0,0,0,1,0,1,0,0,0,0,0,0,0,0,0
111799,Undergraduate students,144,33,111,0,0,0,0,0,0,0,0,0,143,33,110,0,0,0,1,0,1,0,0,0,0,0,0,0,0,0
111887,Total students enrolled for credit,27673,12650,15023,1799,760,1039,2425,1209,1216,520,229,291,19507,8759,10748,161,73,88,753,354,399,286,132,154,2036,1020,1016,186,114,72
111887,Undergraduate students,27673,12650,15023,1799,760,1039,2425,1209,1216,520,229,291,19507,8759,10748,161,73,88,753,354,399,286,132,154,2036,1020,1016,186,114,72
111896,Total students enrolled for credit,8683,3449,5234,121,40,81,322,97,225,455,192,263,3454,1321,2133,21,7,14,3754,1521,2233,434,157,277,113,106,7,9,8,1
111896,Undergraduate students,8683,3449,5234,121,40,81,322,97,225,455,192,263,3454,1321,2133,21,7,14,3754,1521,2233,434,157,277,113,106,7,9,8,1
111920,Total students enrolled for credit,19844,9043,10801,46,22,24,4801,2277,2524,2198,868,1330,7517,3278,4239,328,147,181,3250,1625,1625,1300,579,721,282,189,93,122,58,64
111920,Undergraduate students,19844,9043,10801,46,22,24,4801,2277,2524,2198,868,1330,7517,3278,4239,328,147,181,3250,1625,1625,1300,579,721,282,189,93,122,58,64
111939,Total students enrolled for credit,28430,11898,16532,51,25,26,1751,814,937,2426,999,1427,17927,7275,10652,70,28,42,4397,1898,2499,932,426,506,644,299,345,232,134,98
111939,Undergraduate students,28430,11898,16532,51,25,26,1751,814,937,2426,999,1427,17927,7275,10652,70,28,42,4397,1898,2499,932,426,506,644,299,345,232,134,98
111948,Total students enrolled for credit,9187,3659,5528,22,9,13,1130,418,712,170,56,114,1379,540,839,27,11,16,4859,1961,2898,540,186,354,444,174,270,616,304,312
111948,Undergraduate students,6756,2686,4070,15,5,10,742,248,494,118,38,80,999,390,609,21,7,14,3785,1552,2233,444,157,287,306,116,190,326,173,153
111948,Graduate student,2431,973,1458,7,4,3,388,170,218,52,18,34,380,150,230,6,4,2,1074,409,665,96,29,67,138,58,80,290,131,159
111966,Total students enrolled for credit,743,208,535,0,0,0,187,60,127,262,67,195,186,51,135,1,0,1,50,15,35,21,4,17,28,9,19,8,2,6
111966,Undergraduate students,163,74,89,0,0,0,25,18,7,60,23,37,56,23,33,1,0,1,11,5,6,2,1,1,6,2,4,2,2,0
111966,Graduate student,580,134,446,0,0,0,162,42,120,202,44,158,130,28,102,0,0,0,39,10,29,19,3,16,22,7,15,6,0,6
112075,Total students enrolled for credit,6055,2544,3511,23,9,14,353,101,252,376,187,189,1146,415,731,20,10,10,3160,1389,1771,255,114,141,530,212,318,192,107,85
112075,Undergraduate students,2112,772,1340,9,4,5,147,44,103,85,27,58,472,164,308,8,5,3,1001,356,645,112,42,70,163,60,103,115,70,45
112075,Graduate student,3943,1772,2171,14,5,9,206,57,149,291,160,131,674,251,423,12,5,7,2159,1033,1126,143,72,71,367,152,215,77,37,40
112084,Total students enrolled for credit,873,401,472,5,2,3,24,15,9,94,44,50,217,99,118,15,9,6,404,186,218,56,22,34,50,19,31,8,5,3
112084,Undergraduate students,832,392,440,5,2,3,24,15,9,91,43,48,210,97,113,15,9,6,376,181,195,54,21,33,49,19,30,8,5,3
112084,Graduate student,41,9,32,0,0,0,0,0,0,3,1,2,7,2,5,0,0,0,28,5,23,2,1,1,1,0,1,0,0,0
112127,Total students enrolled for credit,96,48,48,0,0,0,2,1,1,2,2,0,3,3,0,0,0,0,80,33,47,4,4,0,3,3,0,2,2,0
112127,Graduate student,96,48,48,0,0,0,2,1,1,2,2,0,3,3,0,0,0,0,80,33,47,4,4,0,3,3,0,2,2,0
112172,Total students enrolled for credit,18524,8506,10018,34,19,15,1632,816,816,772,386,386,11539,5073,6466,26,15,11,3201,1501,1700,525,251,274,101,49,52,694,396,298
112172,Undergraduate students,18524,8506,10018,34,19,15,1632,816,816,772,386,386,11539,5073,6466,26,15,11,3201,1501,1700,525,251,274,101,49,52,694,396,298
112181,Total students enrolled for credit,162,2,160,4,0,4,3,0,3,5,0,5,17,1,16,2,0,2,123,1,122,3,0,3,5,0,5,0,0,0
112181,Undergraduate students,162,2,160,4,0,4,3,0,3,5,0,5,17,1,16,2,0,2,123,1,122,3,0,3,5,0,5,0,0,0
112190,Total students enrolled for credit,33231,15240,17991,82,37,45,11427,5090,6337,2510,1114,1396,8239,3798,4441,224,114,110,7569,3624,3945,1690,811,879,454,218,236,1036,434,602
112190,Undergraduate students,33231,15240,17991,82,37,45,11427,5090,6337,2510,1114,1396,8239,3798,4441,224,114,110,7569,3624,3945,1690,811,879,454,218,236,1036,434,602
112251,Total students enrolled for credit,2223,994,1229,10,2,8,224,93,131,124,51,73,311,110,201,13,6,7,768,342,426,76,30,46,210,84,126,487,276,211
112251,Graduate student,2223,994,1229,10,2,8,224,93,131,124,51,73,311,110,201,13,6,7,768,342,426,76,30,46,210,84,126,487,276,211
112260,Total students enrolled for credit,1364,697,667,1,0,1,140,60,80,62,35,27,195,94,101,2,0,2,573,323,250,79,38,41,79,43,36,233,104,129
112260,Undergraduate students,1364,697,667,1,0,1,140,60,80,62,35,27,195,94,101,2,0,2,573,323,250,79,38,41,79,43,36,233,104,129
112288,Total students enrolled for credit,625,59,566,5,0,5,16,3,13,14,1,13,473,38,435,0,0,0,100,15,85,16,2,14,1,0,1,0,0,0
112288,Undergraduate students,625,59,566,5,0,5,16,3,13,14,1,13,473,38,435,0,0,0,100,15,85,16,2,14,1,0,1,0,0,0
112367,Total students enrolled for credit,790,94,696,8,0,8,132,17,115,46,3,43,380,44,336,38,9,29,155,17,138,0,0,0,31,4,27,0,0,0
112367,Undergraduate students,790,94,696,8,0,8,132,17,115,46,3,43,380,44,336,38,9,29,155,17,138,0,0,0,31,4,27,0,0,0
112385,Total students enrolled for credit,19877,11511,8366,132,88,44,3986,1774,2212,2205,1673,532,5907,3758,2149,80,56,24,6115,3359,2756,876,447,429,257,175,82,319,181,138
112385,Undergraduate students,19877,11511,8366,132,88,44,3986,1774,2212,2205,1673,532,5907,3758,2149,80,56,24,6115,3359,2756,876,447,429,257,175,82,319,181,138
112394,Total students enrolled for credit,740,525,215,4,3,1,148,103,45,31,24,7,149,105,44,9,6,3,263,187,76,75,51,24,49,36,13,12,10,2
112394,Undergraduate students,740,525,215,4,3,1,148,103,45,31,24,7,149,105,44,9,6,3,263,187,76,75,51,24,49,36,13,12,10,2
112446,Total students enrolled for credit,540,508,32,4,3,1,74,70,4,49,48,1,104,100,4,12,11,1,207,197,10,13,12,1,18,18,0,59,49,10
112446,Undergraduate students,464,443,21,4,3,1,70,67,3,45,44,1,101,97,4,12,11,1,202,192,10,13,12,1,17,17,0,0,0,0
112446,Graduate student,76,65,11,0,0,0,4,3,1,4,4,0,3,3,0,0,0,0,5,5,0,0,0,0,1,1,0,59,49,10
112455,Total students enrolled for credit,87,3,84,0,0,0,1,0,1,4,0,4,46,2,44,0,0,0,25,0,25,0,0,0,11,1,10,0,0,0
112455,Undergraduate students,87,3,84,0,0,0,1,0,1,4,0,4,46,2,44,0,0,0,25,0,25,0,0,0,11,1,10,0,0,0
112525,Total students enrolled for credit,3886,1517,2369,8,4,4,1252,496,756,109,38,71,448,158,290,9,4,5,1482,617,865,271,99,172,228,71,157,79,30,49
112525,Graduate student,3886,1517,2369,8,4,4,1252,496,756,109,38,71,448,158,290,9,4,5,1482,617,865,271,99,172,228,71,157,79,30,49
112561,Total students enrolled for credit,3586,1598,1988,58,28,30,65,25,40,88,65,23,642,294,348,17,12,5,2672,1153,1519,19,5,14,25,16,9,0,0,0
112561,Undergraduate students,3586,1598,1988,58,28,30,65,25,40,88,65,23,642,294,348,17,12,5,2672,1153,1519,19,5,14,25,16,9,0,0,0
112570,Total students enrolled for credit,502,305,197,3,1,2,23,17,6,64,45,19,117,72,45,0,0,0,227,134,93,15,6,9,18,8,10,35,22,13
112570,Undergraduate students,502,305,197,3,1,2,23,17,6,64,45,19,117,72,45,0,0,0,227,134,93,15,6,9,18,8,10,35,22,13
112686,Total students enrolled for credit,12310,4398,7912,14,7,7,727,290,437,3321,1048,2273,7241,2679,4562,73,21,52,440,165,275,396,134,262,30,10,20,68,44,24
112686,Undergraduate students,12310,4398,7912,14,7,7,727,290,437,3321,1048,2273,7241,2679,4562,73,21,52,440,165,275,396,134,262,30,10,20,68,44,24
112826,Total students enrolled for credit,10016,4049,5967,20,10,10,1859,781,1078,1929,766,1163,4257,1655,2602,49,20,29,1041,414,627,593,253,340,77,30,47,191,120,71
112826,Undergraduate students,10016,4049,5967,20,10,10,1859,781,1078,1929,766,1163,4257,1655,2602,49,20,29,1041,414,627,593,253,340,77,30,47,191,120,71
113096,Total students enrolled for credit,20097,8815,11282,89,40,49,5566,2651,2915,2428,925,1503,5209,2259,2950,353,147,206,4751,2046,2705,1304,568,736,265,113,152,132,66,66
113096,Undergraduate students,20097,8815,11282,89,40,49,5566,2651,2915,2428,925,1503,5209,2259,2950,353,147,206,4751,2046,2705,1304,568,736,265,113,152,132,66,66
113111,Total students enrolled for credit,8288,3764,4524,31,19,12,497,253,244,357,156,201,3852,1728,2124,21,11,10,3053,1390,1663,437,189,248,26,12,14,14,6,8
113111,Undergraduate students,8288,3764,4524,31,19,12,497,253,244,357,156,201,3852,1728,2124,21,11,10,3053,1390,1663,437,189,248,26,12,14,14,6,8
113193,Total students enrolled for credit,14878,7318,7560,86,43,43,501,224,277,304,217,87,4598,2187,2411,21,14,7,8256,4049,4207,808,404,404,261,152,109,43,28,15
113193,Undergraduate students,14878,7318,7560,86,43,43,501,224,277,304,217,87,4598,2187,2411,21,14,7,8256,4049,4207,808,404,404,261,152,109,43,28,15
113218,Total students enrolled for credit,14316,6462,7854,69,32,37,859,400,459,897,464,433,4740,2107,2633,57,24,33,6494,2885,3609,993,421,572,107,52,55,100,77,23
113218,Undergraduate students,14316,6462,7854,69,32,37,859,400,459,897,464,433,4740,2107,2633,57,24,33,6494,2885,3609,993,421,572,107,52,55,100,77,23
113236,Total students enrolled for credit,21488,9500,11988,47,23,24,4926,2455,2471,988,438,550,9916,4085,5831,84,31,53,3765,1678,2087,747,327,420,756,324,432,259,139,120
113236,Undergraduate students,21488,9500,11988,47,23,24,4926,2455,2471,988,438,550,9916,4085,5831,84,31,53,3765,1678,2087,747,327,420,756,324,432,259,139,120
113333,Total students enrolled for credit,32024,15950,16074,52,24,28,12141,6002,6139,968,511,457,8201,3870,4331,140,69,71,6282,3176,3106,1459,799,660,194,102,92,2587,1397,1190
113333,Undergraduate students,32024,15950,16074,52,24,28,12141,6002,6139,968,511,457,8201,3870,4331,140,69,71,6282,3176,3106,1459,799,660,194,102,92,2587,1397,1190
113449,Total students enrolled for credit,283,89,194,1,0,1,4,0,4,20,8,12,173,63,110,0,0,0,78,17,61,0,0,0,7,1,6,0,0,0
113449,Undergraduate students,283,89,194,1,0,1,4,0,4,20,8,12,173,63,110,0,0,0,78,17,61,0,0,0,7,1,6,0,0,0
113537,Total students enrolled for credit,44,18,26,3,1,2,0,0,0,1,0,1,0,0,0,0,0,0,26,12,14,0,0,0,0,0,0,14,5,9
113537,Undergraduate students,23,7,16,1,0,1,0,0,0,0,0,0,0,0,0,0,0,0,13,4,9,0,0,0,0,0,0,9,3,6
113537,Graduate student,21,11,10,2,1,1,0,0,0,1,0,1,0,0,0,0,0,0,13,8,5,0,0,0,0,0,0,5,2,3
113573,Total students enrolled for credit,13651,6080,7571,45,25,20,432,191,241,409,203,206,9414,4003,5411,20,9,11,2647,1266,1381,359,167,192,92,53,39,233,163,70
113573,Undergraduate students,13651,6080,7571,45,25,20,432,191,241,409,203,206,9414,4003,5411,20,9,11,2647,1266,1381,359,167,192,92,53,39,233,163,70
113582,Total students enrolled for credit,200,19,181,2,0,2,22,1,21,11,1,10,34,3,31,1,0,1,116,10,106,1,0,1,0,0,0,13,4,9
113582,Undergraduate students,200,19,181,2,0,2,22,1,21,11,1,10,34,3,31,1,0,1,116,10,106,1,0,1,0,0,0,13,4,9
113634,Total students enrolled for credit,29861,14334,15527,47,20,27,5361,2630,2731,1679,763,916,7224,3216,4008,102,52,50,10903,5263,5640,2484,1191,1293,205,90,115,1856,1109,747
113634,Undergraduate students,29861,14334,15527,47,20,27,5361,2630,2731,1679,763,916,7224,3216,4008,102,52,50,10903,5263,5640,2484,1191,1293,205,90,115,1856,1109,747
113698,Total students enrolled for credit,1993,541,1452,12,3,9,405,100,305,93,30,63,353,90,263,27,6,21,818,215,603,119,41,78,127,33,94,39,23,16
113698,Undergraduate students,1459,396,1063,11,3,8,335,78,257,79,26,53,289,75,214,21,6,15,500,134,366,97,33,64,103,26,77,24,15,9
113698,Graduate student,534,145,389,1,0,1,70,22,48,14,4,10,64,15,49,6,0,6,318,81,237,22,8,14,24,7,17,15,8,7
113704,Total students enrolled for credit,75,62,13,1,0,1,13,12,1,1,1,0,6,5,1,0,0,0,47,37,10,0,0,0,1,1,0,6,6,0
113704,Graduate student,75,62,13,1,0,1,13,12,1,1,1,0,6,5,1,0,0,0,47,37,10,0,0,0,1,1,0,6,6,0
113856,Total students enrolled for credit,57308,28102,29206,109,65,44,5637,2665,2972,2729,1420,1309,38433,16523,21910,87,63,24,3414,2565,849,292,140,152,5589,4095,1494,1018,566,452
113856,Undergraduate students,57308,28102,29206,109,65,44,5637,2665,2972,2729,1420,1309,38433,16523,21910,87,63,24,3414,2565,849,292,140,152,5589,4095,1494,1018,566,452
113980,Total students enrolled for credit,33150,15747,17403,59,34,25,4367,2206,2161,4997,2044,2953,16889,7872,9017,161,82,79,4265,2283,1982,1555,767,788,136,77,59,721,382,339
113980,Undergraduate students,33150,15747,17403,59,34,25,4367,2206,2161,4997,2044,2953,16889,7872,9017,161,82,79,4265,2283,1982,1555,767,788,136,77,59,721,382,339
114044,Total students enrolled for credit,653,42,611,7,0,7,15,1,14,71,3,68,342,23,319,3,0,3,152,10,142,1,0,1,43,4,39,19,1,18
114044,Undergraduate students,653,42,611,7,0,7,15,1,14,71,3,68,342,23,319,3,0,3,152,10,142,1,0,1,43,4,39,19,1,18
114114,Total students enrolled for credit,237,52,185,1,0,1,44,13,31,9,3,6,16,3,13,0,0,0,130,26,104,0,0,0,25,4,21,12,3,9
114114,Graduate student,237,52,185,1,0,1,44,13,31,9,3,6,16,3,13,0,0,0,130,26,104,0,0,0,25,4,21,12,3,9
114123,Total students enrolled for credit,634,131,503,12,2,10,17,2,15,18,10,8,240,33,207,11,4,7,308,71,237,11,4,7,17,5,12,0,0,0
114123,Undergraduate students,515,81,434,11,2,9,15,1,14,10,4,6,219,28,191,10,4,6,228,37,191,10,4,6,12,1,11,0,0,0
114123,Graduate student,119,50,69,1,0,1,2,1,1,8,6,2,21,5,16,1,0,1,80,34,46,1,0,1,5,4,1,0,0,0
114266,Total students enrolled for credit,14156,6318,7838,91,34,57,5657,2621,3036,386,171,215,5663,2361,3302,59,31,28,1027,505,522,424,190,234,660,302,358,189,103,86
114266,Undergraduate students,14156,6318,7838,91,34,57,5657,2621,3036,386,171,215,5663,2361,3302,59,31,28,1027,505,522,424,190,234,660,302,358,189,103,86
114354,Total students enrolled for credit,3415,376,3039,21,1,20,365,32,333,192,24,168,708,89,619,38,7,31,1157,109,1048,116,8,108,213,31,182,605,75,530
114354,Undergraduate students,3415,376,3039,21,1,20,365,32,333,192,24,168,708,89,619,38,7,31,1157,109,1048,116,8,108,213,31,182,605,75,530
114390,Total students enrolled for credit,406,39,367,5,1,4,69,10,59,20,3,17,95,12,83,10,1,9,142,7,135,15,1,14,24,1,23,26,3,23
114390,Undergraduate students,406,39,367,5,1,4,69,10,59,20,3,17,95,12,83,10,1,9,142,7,135,15,1,14,24,1,23,26,3,23
114415,Total students enrolled for credit,123,15,108,1,0,1,11,2,9,3,0,3,40,6,34,2,0,2,46,3,43,2,1,1,13,2,11,5,1,4
114415,Undergraduate students,123,15,108,1,0,1,11,2,9,3,0,3,40,6,34,2,0,2,46,3,43,2,1,1,13,2,11,5,1,4
114433,Total students enrolled for credit,3407,1787,1620,79,41,38,208,121,87,320,232,88,837,414,423,35,23,12,1662,804,858,1,1,0,246,134,112,19,17,2
114433,Undergraduate students,3407,1787,1620,79,41,38,208,121,87,320,232,88,837,414,423,35,23,12,1662,804,858,1,1,0,246,134,112,19,17,2
114460,Total students enrolled for credit,424,68,356,1,0,1,27,5,22,35,9,26,160,28,132,5,1,4,169,19,150,23,6,17,4,0,4,0,0,0
114460,Undergraduate students,424,68,356,1,0,1,27,5,22,35,9,26,160,28,132,5,1,4,169,19,150,23,6,17,4,0,4,0,0,0
114549,Total students enrolled for credit,1401,328,1073,23,6,17,58,11,47,221,47,174,152,36,116,4,2,2,678,159,519,65,14,51,191,47,144,9,6,3
114549,Graduate student,1401,328,1073,23,6,17,58,11,47,221,47,174,152,36,116,4,2,2,678,159,519,65,14,51,191,47,144,9,6,3
114585,Total students enrolled for credit,453,132,321,1,0,1,214,71,143,5,1,4,11,2,9,0,0,0,166,32,134,0,0,0,0,0,0,56,26,30
114585,Graduate student,453,132,321,1,0,1,214,71,143,5,1,4,11,2,9,0,0,0,166,32,134,0,0,0,0,0,0,56,26,30
114628,Total students enrolled for credit,28,9,19,0,0,0,3,1,2,2,0,2,5,4,1,2,0,2,16,4,12,0,0,0,0,0,0,0,0,0
114628,Undergraduate students,28,9,19,0,0,0,3,1,2,2,0,2,5,4,1,2,0,2,16,4,12,0,0,0,0,0,0,0,0,0
114637,Total students enrolled for credit,45,5,40,0,0,0,29,5,24,2,0,2,10,0,10,0,0,0,3,0,3,1,0,1,0,0,0,0,0,0
114637,Undergraduate students,45,5,40,0,0,0,29,5,24,2,0,2,10,0,10,0,0,0,3,0,3,1,0,1,0,0,0,0,0,0
114716,Total students enrolled for credit,31186,15425,15761,43,22,21,8865,4075,4790,952,477,475,7000,3426,3574,212,114,98,10493,5431,5062,1660,802,858,298,158,140,1663,920,743
114716,Undergraduate students,31186,15425,15761,43,22,21,8865,4075,4790,952,477,475,7000,3426,3574,212,114,98,10493,5431,5062,1660,802,858,298,158,140,1663,920,743
114734,Total students enrolled for credit,48,24,24,0,0,0,3,3,0,1,0,1,16,6,10,1,1,0,21,9,12,2,1,1,0,0,0,4,4,0
114734,Graduate student,48,24,24,0,0,0,3,3,0,1,0,1,16,6,10,1,1,0,21,9,12,2,1,1,0,0,0,4,4,0
114761,Total students enrolled for credit,97,7,90,13,0,13,5,0,5,1,0,1,11,3,8,3,1,2,62,3,59,2,0,2,0,0,0,0,0,0
114761,Undergraduate students,97,7,90,13,0,13,5,0,5,1,0,1,11,3,8,3,1,2,62,3,59,2,0,2,0,0,0,0,0,0
114789,Total students enrolled for credit,34680,16523,18157,171,80,91,4425,2135,2290,1904,900,1004,19030,8523,10507,59,39,20,7909,4238,3671,933,426,507,237,175,62,12,7,5
114789,Undergraduate students,34680,16523,18157,171,80,91,4425,2135,2290,1904,900,1004,19030,8523,10507,59,39,20,7909,4238,3671,933,426,507,237,175,62,12,7,5
114813,Total students enrolled for credit,4905,1467,3438,43,11,32,231,72,159,220,79,141,2137,550,1587,26,9,17,1817,600,1217,70,31,39,301,79,222,60,36,24
114813,Undergraduate students,3278,1015,2263,23,5,18,139,44,95,171,62,109,1582,422,1160,21,6,15,1061,372,689,53,23,30,181,50,131,47,31,16
114813,Graduate student,1627,452,1175,20,6,14,92,28,64,49,17,32,555,128,427,5,3,2,756,228,528,17,8,9,120,29,91,13,5,8
114840,Total students enrolled for credit,3621,2179,1442,3,2,1,354,210,144,225,103,122,168,100,68,7,3,4,1694,996,698,328,175,153,101,65,36,741,525,216
114840,Graduate student,3621,2179,1442,3,2,1,354,210,144,225,103,122,168,100,68,7,3,4,1694,996,698,328,175,153,101,65,36,741,525,216
114859,Total students enrolled for credit,33880,16212,17668,85,44,41,5039,2623,2416,1180,649,531,17857,8053,9804,118,56,62,6744,3425,3319,1068,488,580,1289,594,695,500,280,220
114859,Undergraduate students,33880,16212,17668,85,44,41,5039,2623,2416,1180,649,531,17857,8053,9804,118,56,62,6744,3425,3319,1068,488,580,1289,594,695,500,280,220
114938,Total students enrolled for credit,8016,3846,4170,29,17,12,526,293,233,195,111,84,4446,1881,2565,34,22,12,2416,1317,1099,233,122,111,131,79,52,6,4,2
114938,Undergraduate students,8016,3846,4170,29,17,12,526,293,233,195,111,84,4446,1881,2565,34,22,12,2416,1317,1099,233,122,111,131,79,52,6,4,2
114947,Total students enrolled for credit,454,208,246,2,1,1,88,36,52,5,1,4,21,12,9,3,1,2,175,83,92,10,4,6,150,70,80,0,0,0
114947,Undergraduate students,454,208,246,2,1,1,88,36,52,5,1,4,21,12,9,3,1,2,175,83,92,10,4,6,150,70,80,0,0,0
115001,Total students enrolled for credit,20860,9553,11307,16,8,8,1853,894,959,594,329,265,6860,3157,3703,14,9,5,9522,4157,5365,622,282,340,464,210,254,915,507,408
115001,Undergraduate students,20860,9553,11307,16,8,8,1853,894,959,594,329,265,6860,3157,3703,14,9,5,9522,4157,5365,622,282,340,464,210,254,915,507,408
115010,Total students enrolled for credit,704,161,543,2,2,0,83,5,78,41,10,31,354,79,275,24,24,0,150,33,117,20,0,20,30,8,22,0,0,0
115010,Undergraduate students,704,161,543,2,2,0,83,5,78,41,10,31,354,79,275,24,24,0,150,33,117,20,0,20,30,8,22,0,0,0
115083,Total students enrolled for credit,3484,1660,1824,12,7,5,488,212,276,214,89,125,367,179,188,47,21,26,915,478,437,84,51,33,648,357,291,709,266,443
115083,Undergraduate students,613,329,284,2,2,0,75,32,43,67,32,35,109,62,47,18,9,9,161,96,65,26,20,6,139,73,66,16,3,13
115083,Graduate student,2871,1331,1540,10,5,5,413,180,233,147,57,90,258,117,141,29,12,17,754,382,372,58,31,27,509,284,225,693,263,430
115126,Total students enrolled for credit,17854,8004,9850,49,23,26,4904,2280,2624,418,208,210,5555,2363,3192,88,45,43,5494,2440,3054,830,391,439,95,48,47,421,206,215
115126,Undergraduate students,17854,8004,9850,49,23,26,4904,2280,2624,418,208,210,5555,2363,3192,88,45,43,5494,2440,3054,830,391,439,95,48,47,421,206,215
115214,Total students enrolled for credit,207,115,92,1,1,0,19,11,8,13,7,6,15,7,8,3,3,0,92,50,42,3,2,1,19,7,12,42,27,15
115214,Graduate student,207,115,92,1,1,0,19,11,8,13,7,6,15,7,8,3,3,0,92,50,42,3,2,1,19,7,12,42,27,15
115296,Total students enrolled for credit,25758,10879,14879,66,23,43,2035,925,1110,1707,798,909,8727,3403,5324,105,47,58,10435,4410,6025,1802,739,1063,157,64,93,724,470,254
115296,Undergraduate students,25758,10879,14879,66,23,43,2035,925,1110,1707,798,909,8727,3403,5324,105,47,58,10435,4410,6025,1802,739,1063,157,64,93,724,470,254
115357,Total students enrolled for credit,112,28,84,1,1,0,2,0,2,17,5,12,71,19,52,2,0,2,16,2,14,3,1,2,0,0,0,0,0,0
115357,Undergraduate students,112,28,84,1,1,0,2,0,2,17,5,12,71,19,52,2,0,2,16,2,14,3,1,2,0,0,0,0,0,0
115393,Total students enrolled for credit,17292,9488,7804,67,40,27,879,519,360,341,218,123,10793,5110,5683,57,36,21,3918,2689,1229,276,125,151,945,743,202,16,8,8
115393,Undergraduate students,17292,9488,7804,67,40,27,879,519,360,341,218,123,10793,5110,5683,57,36,21,3918,2689,1229,276,125,151,945,743,202,16,8,8
115409,Total students enrolled for credit,847,459,388,4,3,1,163,71,92,25,21,4,133,89,44,4,4,0,300,153,147,80,38,42,46,25,21,92,55,37
115409,Undergraduate students,847,459,388,4,3,1,163,71,92,25,21,4,133,89,44,4,4,0,300,153,147,80,38,42,46,25,21,92,55,37
115658,Total students enrolled for credit,174,8,166,0,0,0,34,1,33,11,1,10,118,6,112,1,0,1,2,0,2,2,0,2,5,0,5,1,0,1
115658,Undergraduate students,174,8,166,0,0,0,34,1,33,11,1,10,118,6,112,1,0,1,2,0,2,2,0,2,5,0,5,1,0,1
115728,Total students enrolled for credit,1047,303,744,4,0,4,142,24,118,264,57,207,296,89,207,20,6,14,233,92,141,14,4,10,43,12,31,31,19,12
115728,Undergraduate students,609,213,396,2,0,2,61,16,45,132,37,95,230,68,162,13,5,8,103,58,45,9,4,5,36,10,26,23,15,8
115728,Graduate student,438,90,348,2,0,2,81,8,73,132,20,112,66,21,45,7,1,6,130,34,96,5,0,5,7,2,5,8,4,4
115746,Total students enrolled for credit,1058,255,803,3,1,2,23,6,17,44,9,35,114,31,83,2,0,2,693,165,528,44,9,35,105,26,79,30,8,22
115746,Graduate student,1058,255,803,3,1,2,23,6,17,44,9,35,114,31,83,2,0,2,693,165,528,44,9,35,105,26,79,30,8,22
115755,Total students enrolled for credit,9171,4065,5106,100,38,62,300,148,152,297,153,144,3035,1171,1864,22,4,18,4036,1884,2152,614,285,329,610,293,317,157,89,68
115755,Undergraduate students,8602,3822,4780,90,33,57,276,141,135,292,150,142,2943,1142,1801,21,4,17,3713,1755,1958,582,269,313,547,254,293,138,74,64
115755,Graduate student,569,243,326,10,5,5,24,7,17,5,3,2,92,29,63,1,0,1,323,129,194,32,16,16,63,39,24,19,15,4
115773,Total students enrolled for credit,786,210,576,7,2,5,62,15,47,90,13,77,321,77,244,13,5,8,213,58,155,0,0,0,36,9,27,44,31,13
115773,Undergraduate students,628,161,467,7,2,5,44,9,35,73,11,62,271,64,207,7,3,4,150,33,117,0,0,0,32,8,24,44,31,13
115773,Graduate student,158,49,109,0,0,0,18,6,12,17,2,15,50,13,37,6,2,4,63,25,38,0,0,0,4,1,3,0,0,0
115861,Total students enrolled for credit,10158,4532,5626,8,4,4,73,37,36,165,119,46,9155,4002,5153,0,0,0,435,207,228,54,26,28,258,132,126,10,5,5
115861,Undergraduate students,10158,4532,5626,8,4,4,73,37,36,165,119,46,9155,4002,5153,0,0,0,435,207,228,54,26,28,258,132,126,10,5,5
115931,Total students enrolled for credit,762,468,294,2,1,1,87,60,27,44,29,15,447,257,190,6,5,1,100,75,25,11,5,6,65,36,29,0,0,0
115931,Undergraduate students,762,468,294,2,1,1,87,60,27,44,29,15,447,257,190,6,5,1,100,75,25,11,5,6,65,36,29,0,0,0
116226,Total students enrolled for credit,315,21,294,1,0,1,37,3,34,7,0,7,43,4,39,0,0,0,202,13,189,15,1,14,0,0,0,10,0,10
116226,Undergraduate students,315,21,294,1,0,1,37,3,34,7,0,7,43,4,39,0,0,0,202,13,189,15,1,14,0,0,0,10,0,10
116350,Total students enrolled for credit,422,50,372,11,1,10,51,6,45,29,2,27,109,18,91,2,0,2,206,21,185,0,0,0,13,2,11,1,0,1
116350,Undergraduate students,422,50,372,11,1,10,51,6,45,29,2,27,109,18,91,2,0,2,206,21,185,0,0,0,13,2,11,1,0,1
116439,Total students enrolled for credit,21294,10253,11041,28,14,14,5773,2677,3096,440,200,240,5110,2340,2770,47,16,31,7522,3634,3888,1069,531,538,209,95,114,1096,746,350
116439,Undergraduate students,21294,10253,11041,28,14,14,5773,2677,3096,440,200,240,5110,2340,2770,47,16,31,7522,3634,3888,1069,531,538,209,95,114,1096,746,350
116563,Total students enrolled for credit,272,9,263,3,0,3,5,0,5,32,1,31,89,2,87,2,0,2,100,3,97,36,3,33,5,0,5,0,0,0
116563,Undergraduate students,272,9,263,3,0,3,5,0,5,32,1,31,89,2,87,2,0,2,100,3,97,36,3,33,5,0,5,0,0,0
116712,Total students enrolled for credit,1214,324,890,13,2,11,102,31,71,132,32,100,167,52,115,12,1,11,567,147,420,7,2,5,177,42,135,37,15,22
116712,Undergraduate students,223,80,143,2,1,1,20,10,10,31,9,22,52,19,33,1,0,1,74,23,51,2,1,1,32,11,21,9,6,3
116712,Graduate student,991,244,747,11,1,10,82,21,61,101,23,78,115,33,82,11,1,10,493,124,369,5,1,4,145,31,114,28,9,19
116846,Total students enrolled for credit,174,73,101,0,0,0,2,0,2,6,3,3,4,2,2,1,0,1,31,16,15,2,1,1,127,50,77,1,1,0
116846,Undergraduate students,76,35,41,0,0,0,1,0,1,1,0,1,1,0,1,0,0,0,21,10,11,2,1,1,49,23,26,1,1,0
116846,Graduate student,98,38,60,0,0,0,1,0,1,5,3,2,3,2,1,1,0,1,10,6,4,0,0,0,78,27,51,0,0,0
117052,Total students enrolled for credit,15471,6058,9413,74,33,41,889,315,574,398,193,205,10695,4170,6525,20,6,14,2968,1163,1805,356,148,208,70,29,41,1,1,0
117052,Undergraduate students,15471,6058,9413,74,33,41,889,315,574,398,193,205,10695,4170,6525,20,6,14,2968,1163,1805,356,148,208,70,29,41,1,1,0
117104,Total students enrolled for credit,697,319,378,0,0,0,22,12,10,45,30,15,215,78,137,8,2,6,318,154,164,48,25,23,36,16,20,5,2,3
117104,Undergraduate students,620,276,344,0,0,0,19,10,9,32,20,12,205,73,132,8,2,6,270,129,141,46,24,22,35,16,19,5,2,3
117104,Graduate student,77,43,34,0,0,0,3,2,1,13,10,3,10,5,5,0,0,0,48,25,23,2,1,1,1,0,1,0,0,0
117113,Total students enrolled for credit,1524,883,641,13,9,4,76,44,32,164,100,64,524,288,236,3,1,2,487,298,189,23,11,12,192,115,77,42,17,25
117113,Undergraduate students,1524,883,641,13,9,4,76,44,32,164,100,64,524,288,236,3,1,2,487,298,189,23,11,12,192,115,77,42,17,25
117140,Total students enrolled for credit,10469,4120,6349,39,16,23,453,205,248,617,248,369,4478,1615,2863,47,22,25,2121,866,1255,269,120,149,1575,604,971,870,424,446
117140,Undergraduate students,6653,2812,3841,27,12,15,294,137,157,413,177,236,3185,1208,1977,37,18,19,1468,650,818,225,107,118,822,392,430,182,111,71
117140,Graduate student,3816,1308,2508,12,4,8,159,68,91,204,71,133,1293,407,886,10,4,6,653,216,437,44,13,31,753,212,541,688,313,375
117168,Total students enrolled for credit,725,262,463,5,2,3,111,46,65,17,4,13,115,45,70,4,4,0,321,114,207,19,4,15,119,35,84,14,8,6
117168,Undergraduate students,670,241,429,5,2,3,109,46,63,15,4,11,114,45,69,4,4,0,302,106,196,19,4,15,89,22,67,13,8,5
117168,Graduate student,55,21,34,0,0,0,2,0,2,2,0,2,1,0,1,0,0,0,19,8,11,0,0,0,30,13,17,1,0,1
117195,Total students enrolled for credit,5484,2956,2528,38,17,21,309,172,137,224,157,67,1300,690,610,19,15,4,3151,1630,1521,253,127,126,147,117,30,43,31,12
117195,Undergraduate students,5484,2956,2528,38,17,21,309,172,137,224,157,67,1300,690,610,19,15,4,3151,1630,1521,253,127,126,147,117,30,43,31,12
117238,Total students enrolled for credit,218,47,171,0,0,0,8,1,7,39,13,26,106,29,77,0,0,0,64,4,60,0,0,0,0,0,0,1,0,1
117238,Undergraduate students,218,47,171,0,0,0,8,1,7,39,13,26,106,29,77,0,0,0,64,4,60,0,0,0,0,0,0,1,0,1
117247,Total students enrolled for credit,18063,8172,9891,34,16,18,5343,2332,3011,4051,1725,2326,3991,1875,2116,118,64,54,2655,1332,1323,675,302,373,965,418,547,231,108,123
117247,Undergraduate students,18063,8172,9891,34,16,18,5343,2332,3011,4051,1725,2326,3991,1875,2116,118,64,54,2655,1332,1323,675,302,373,965,418,547,231,108,123
117274,Total students enrolled for credit,4135,3374,761,87,67,20,113,108,5,675,658,17,1178,1051,127,49,34,15,1736,1215,521,124,91,33,126,109,17,47,41,6
117274,Undergraduate students,4135,3374,761,87,67,20,113,108,5,675,658,17,1178,1051,127,49,34,15,1736,1215,521,124,91,33,126,109,17,47,41,6
117520,Total students enrolled for credit,759,433,326,6,4,2,111,65,46,18,9,9,74,45,29,10,3,7,395,224,171,33,18,15,27,16,11,85,49,36
117520,Graduate student,759,433,326,6,4,2,111,65,46,18,9,9,74,45,29,10,3,7,395,224,171,33,18,15,27,16,11,85,49,36
117548,Total students enrolled for credit,284,132,152,4,4,0,42,12,30,15,8,7,67,30,37,2,1,1,136,71,65,15,5,10,3,1,2,0,0,0
117548,Graduate student,284,132,152,4,4,0,42,12,30,15,8,7,67,30,37,2,1,1,136,71,65,15,5,10,3,1,2,0,0,0
117557,Total students enrolled for credit,1048,608,440,0,0,0,40,16,24,14,3,11,10,1,9,4,1,3,17,4,13,18,7,11,0,0,0,945,576,369
117557,Undergraduate students,214,94,120,0,0,0,32,11,21,12,1,11,10,1,9,4,1,3,17,4,13,10,0,10,0,0,0,129,76,53
117557,Graduate student,834,514,320,0,0,0,8,5,3,2,2,0,0,0,0,0,0,0,0,0,0,8,7,1,0,0,0,816,500,316
117575,Total students enrolled for credit,310,189,121,1,1,0,51,25,26,59,36,23,44,25,19,2,0,2,125,89,36,12,6,6,5,3,2,11,4,7
117575,Undergraduate students,85,56,29,0,0,0,6,3,3,19,13,6,12,8,4,1,0,1,41,28,13,4,2,2,1,1,0,1,1,0
117575,Graduate student,225,133,92,1,1,0,45,22,23,40,23,17,32,17,15,1,0,1,84,61,23,8,4,4,4,2,2,10,3,7
117627,Total students enrolled for credit,2911,1201,1710,9,2,7,424,226,198,203,73,130,1141,408,733,58,26,32,540,232,308,93,42,51,27,9,18,416,183,233
117627,Undergraduate students,2197,920,1277,7,1,6,374,207,167,121,42,79,984,347,637,43,17,26,324,141,183,80,40,40,6,3,3,258,122,136
117627,Graduate student,714,281,433,2,1,1,50,19,31,82,31,51,157,61,96,15,9,6,216,91,125,13,2,11,21,6,15,158,61,97
117636,Total students enrolled for credit,5165,1870,3295,7,2,5,1297,512,785,352,113,239,1081,294,787,14,4,10,1749,672,1077,241,79,162,0,0,0,424,194,230
117636,Undergraduate students,1548,430,1118,2,0,2,353,132,221,71,24,47,520,117,403,5,2,3,483,116,367,74,24,50,0,0,0,40,15,25
117636,Graduate student,3617,1440,2177,5,2,3,944,380,564,281,89,192,561,177,384,9,2,7,1266,556,710,167,55,112,0,0,0,384,179,205
117645,Total students enrolled for credit,33463,15020,18443,72,34,38,3558,1736,1822,4073,1691,2382,19094,8313,10781,239,109,130,4635,2315,2320,1529,695,834,66,27,39,197,100,97
117645,Undergraduate students,33463,15020,18443,72,34,38,3558,1736,1822,4073,1691,2382,19094,8313,10781,239,109,130,4635,2315,2320,1529,695,834,66,27,39,197,100,97
117672,Total students enrolled for credit,1693,683,1010,14,3,11,341,132,209,116,45,71,339,122,217,10,5,5,627,286,341,122,40,82,100,42,58,24,8,16
117672,Undergraduate students,1120,361,759,12,2,10,240,80,160,87,30,57,259,71,188,6,2,4,332,114,218,93,28,65,85,33,52,6,1,5
117672,Graduate student,573,322,251,2,1,1,101,52,49,29,15,14,80,51,29,4,3,1,295,172,123,29,12,17,15,9,6,18,7,11
117690,Total students enrolled for credit,13452,5451,8001,25,8,17,1516,687,829,1556,613,943,7682,2923,4759,113,45,68,1661,711,950,493,210,283,224,112,112,182,142,40
117690,Undergraduate students,13452,5451,8001,25,8,17,1516,687,829,1556,613,943,7682,2923,4759,113,45,68,1661,711,950,493,210,283,224,112,112,182,142,40
117706,Total students enrolled for credit,29943,13257,16686,44,16,28,3259,1557,1702,1646,766,880,14406,6134,8272,49,20,29,8577,3809,4768,993,469,524,621,265,356,348,221,127
117706,Undergraduate students,29943,13257,16686,44,16,28,3259,1557,1702,1646,766,880,14406,6134,8272,49,20,29,8577,3809,4768,993,469,524,621,265,356,348,221,127
117715,Total students enrolled for credit,10512,3215,7297,15,6,9,266,82,184,5323,1574,3749,4033,1257,2776,35,7,28,285,106,179,299,95,204,226,72,154,30,16,14
117715,Undergraduate students,10512,3215,7297,15,6,9,266,82,184,5323,1574,3749,4033,1257,2776,35,7,28,285,106,179,299,95,204,226,72,154,30,16,14
117724,Total students enrolled for credit,22387,11749,10638,58,28,30,886,480,406,4038,1861,2177,14631,7769,6862,45,27,18,1203,821,382,427,215,212,970,491,479,129,57,72
117724,Undergraduate students,22387,11749,10638,58,28,30,886,480,406,4038,1861,2177,14631,7769,6862,45,27,18,1203,821,382,427,215,212,970,491,479,129,57,72
117733,Total students enrolled for credit,26711,11342,15369,44,18,26,2083,940,1143,1402,668,734,13378,5517,7861,40,22,18,7777,3276,4501,627,272,355,1125,448,677,235,181,54
117733,Undergraduate students,26711,11342,15369,44,18,26,2083,940,1143,1402,668,734,13378,5517,7861,40,22,18,7777,3276,4501,627,272,355,1125,448,677,235,181,54
117751,Total students enrolled for credit,2326,1448,878,4,4,0,153,109,44,62,42,20,161,109,52,7,4,3,1287,793,494,102,54,48,406,216,190,144,117,27
117751,Undergraduate students,1551,797,754,0,0,0,66,37,29,25,11,14,95,55,40,4,1,3,853,427,426,83,38,45,379,203,176,46,25,21
117751,Graduate student,775,651,124,4,4,0,87,72,15,37,31,6,66,54,12,3,3,0,434,366,68,19,16,3,27,13,14,98,92,6
117788,Total students enrolled for credit,28735,12161,16574,56,27,29,3786,1581,2205,2503,1031,1472,15873,6575,9298,26,14,12,4636,2002,2634,641,279,362,643,291,352,571,361,210
117788,Undergraduate students,28735,12161,16574,56,27,29,3786,1581,2205,2503,1031,1472,15873,6575,9298,26,14,12,4636,2002,2634,641,279,362,643,291,352,571,361,210
117803,Total students enrolled for credit,249,53,196,0,0,0,87,19,68,19,7,12,92,16,76,0,0,0,41,7,34,10,4,6,0,0,0,0,0,0
117803,Undergraduate students,249,53,196,0,0,0,87,19,68,19,7,12,92,16,76,0,0,0,41,7,34,10,4,6,0,0,0,0,0,0
117867,Total students enrolled for credit,15729,6135,9594,18,7,11,766,352,414,483,181,302,12138,4658,7480,13,4,9,1740,653,1087,187,78,109,292,134,158,92,68,24
117867,Undergraduate students,15729,6135,9594,18,7,11,766,352,414,483,181,302,12138,4658,7480,13,4,9,1740,653,1087,187,78,109,292,134,158,92,68,24
117894,Total students enrolled for credit,12720,5740,6980,30,18,12,1218,607,611,1977,789,1188,5091,2246,2845,67,29,38,3253,1578,1675,994,431,563,61,27,34,29,15,14
117894,Undergraduate students,12720,5740,6980,30,18,12,1218,607,611,1977,789,1188,5091,2246,2845,67,29,38,3253,1578,1675,994,431,563,61,27,34,29,15,14
117928,Total students enrolled for credit,866,506,360,4,1,3,78,41,37,93,61,32,246,150,96,13,7,6,138,88,50,60,33,27,172,99,73,62,26,36
117928,Undergraduate students,866,506,360,4,1,3,78,41,37,93,61,32,246,150,96,13,7,6,138,88,50,60,33,27,172,99,73,62,26,36
117946,Total students enrolled for credit,10302,4207,6095,11,7,4,1077,467,610,714,244,470,2413,881,1532,14,6,8,4370,1849,2521,664,255,409,56,23,33,983,475,508
117946,Undergraduate students,6591,2901,3690,5,2,3,702,322,380,424,155,269,1348,564,784,12,6,6,2911,1284,1627,503,217,286,22,8,14,664,343,321
117946,Graduate student,3711,1306,2405,6,5,1,375,145,230,290,89,201,1065,317,748,2,0,2,1459,565,894,161,38,123,34,15,19,319,132,187
117955,Total students enrolled for credit,336,88,248,0,0,0,5,1,4,24,10,14,210,65,145,2,0,2,87,11,76,4,0,4,4,1,3,0,0,0
117955,Undergraduate students,336,88,248,0,0,0,5,1,4,24,10,14,210,65,145,2,0,2,87,11,76,4,0,4,4,1,3,0,0,0
118134,Total students enrolled for credit,120,5,115,1,0,1,2,0,2,5,1,4,72,4,68,0,0,0,39,0,39,0,0,0,1,0,1,0,0,0
118134,Undergraduate students,120,5,115,1,0,1,2,0,2,5,1,4,72,4,68,0,0,0,39,0,39,0,0,0,1,0,1,0,0,0
118143,Total students enrolled for credit,102,13,89,1,0,1,6,0,6,5,0,5,41,7,34,1,0,1,43,6,37,2,0,2,3,0,3,0,0,0
118143,Undergraduate students,102,13,89,1,0,1,6,0,6,5,0,5,41,7,34,1,0,1,43,6,37,2,0,2,3,0,3,0,0,0
118161,Total students enrolled for credit,208,7,201,8,0,8,4,0,4,3,0,3,42,2,40,0,0,0,148,5,143,2,0,2,1,0,1,0,0,0
118161,Undergraduate students,208,7,201,8,0,8,4,0,4,3,0,3,42,2,40,0,0,0,148,5,143,2,0,2,1,0,1,0,0,0
118189,Total students enrolled for credit,129,6,123,3,0,3,10,0,10,43,3,40,37,2,35,5,0,5,31,1,30,0,0,0,0,0,0,0,0,0
118189,Undergraduate students,129,6,123,3,0,3,10,0,10,43,3,40,37,2,35,5,0,5,31,1,30,0,0,0,0,0,0,0,0,0
118198,Total students enrolled for credit,1176,274,902,10,4,6,107,31,76,102,22,80,284,63,221,6,0,6,544,131,413,62,9,53,60,14,46,1,0,1
118198,Undergraduate students,1176,274,902,10,4,6,107,31,76,102,22,80,284,63,221,6,0,6,544,131,413,62,9,53,60,14,46,1,0,1
118259,Total students enrolled for credit,575,81,494,6,1,5,47,11,36,89,7,82,205,29,176,12,4,8,88,11,77,11,0,11,117,18,99,0,0,0
118259,Undergraduate students,575,81,494,6,1,5,47,11,36,89,7,82,205,29,176,12,4,8,88,11,77,11,0,11,117,18,99,0,0,0
118277,Total students enrolled for credit,1473,336,1137,10,2,8,282,76,206,130,25,105,528,109,419,28,4,24,343,79,264,24,6,18,128,35,93,0,0,0
118277,Undergraduate students,1473,336,1137,10,2,8,282,76,206,130,25,105,528,109,419,28,4,24,343,79,264,24,6,18,128,35,93,0,0,0
118286,Total students enrolled for credit,904,201,703,10,1,9,54,15,39,62,22,40,410,79,331,21,3,18,246,54,192,36,8,28,65,19,46,0,0,0
118286,Undergraduate students,904,201,703,10,1,9,54,15,39,62,22,40,410,79,331,21,3,18,246,54,192,36,8,28,65,19,46,0,0,0
118347,Total students enrolled for credit,7905,3266,4639,18,6,12,589,207,382,299,128,171,2194,901,1293,18,7,11,4157,1745,2412,445,193,252,117,58,59,68,21,47
118347,Undergraduate students,7905,3266,4639,18,6,12,589,207,382,299,128,171,2194,901,1293,18,7,11,4157,1745,2412,445,193,252,117,58,59,68,21,47
118541,Total students enrolled for credit,1884,916,968,5,1,4,80,35,45,102,32,70,695,282,413,6,1,5,297,159,138,32,13,19,172,76,96,495,317,178
118541,Undergraduate students,1547,721,826,4,0,4,78,33,45,98,31,67,667,274,393,5,1,4,289,155,134,32,13,19,169,76,93,205,138,67
118541,Graduate student,337,195,142,1,1,0,2,2,0,4,1,3,28,8,20,1,0,1,8,4,4,0,0,0,3,0,3,290,179,111
118684,Total students enrolled for credit,6809,2619,4190,307,126,181,206,74,132,171,107,64,2080,857,1223,28,10,18,3786,1349,2437,151,58,93,64,30,34,16,8,8
118684,Undergraduate students,6809,2619,4190,307,126,181,206,74,132,171,107,64,2080,857,1223,28,10,18,3786,1349,2437,151,58,93,64,30,34,16,8,8
118693,Total students enrolled for credit,824,454,370,4,0,4,81,45,36,48,22,26,177,89,88,18,8,10,211,133,78,68,30,38,107,58,49,110,69,41
118693,Undergraduate students,824,454,370,4,0,4,81,45,36,48,22,26,177,89,88,18,8,10,211,133,78,68,30,38,107,58,49,110,69,41
118718,Total students enrolled for credit,14458,6046,8412,55,18,37,1415,634,781,501,244,257,8619,3494,5125,58,31,27,3200,1349,1851,426,184,242,58,33,25,126,59,67
118718,Undergraduate students,14458,6046,8412,55,18,37,1415,634,781,501,244,257,8619,3494,5125,58,31,27,3200,1349,1851,426,184,242,58,33,25,126,59,67
118772,Total students enrolled for credit,11467,4052,7415,30,9,21,2082,749,1333,3067,1065,2002,3189,1084,2105,73,23,50,1872,717,1155,417,165,252,626,205,421,111,35,76
118772,Undergraduate students,11467,4052,7415,30,9,21,2082,749,1333,3067,1065,2002,3189,1084,2105,73,23,50,1872,717,1155,417,165,252,626,205,421,111,35,76
118888,Total students enrolled for credit,1462,132,1330,7,0,7,124,10,114,162,14,148,326,25,301,2,0,2,640,61,579,111,8,103,52,10,42,38,4,34
118888,Undergraduate students,869,0,869,5,0,5,72,0,72,85,0,85,224,0,224,2,0,2,382,0,382,74,0,74,11,0,11,14,0,14
118888,Graduate student,593,132,461,2,0,2,52,10,42,77,14,63,102,25,77,0,0,0,258,61,197,37,8,29,41,10,31,24,4,20
118912,Total students enrolled for credit,21028,8744,12284,64,26,38,1421,598,823,750,322,428,7450,2944,4506,102,49,53,9089,3877,5212,1475,602,873,353,155,198,324,171,153
118912,Undergraduate students,21028,8744,12284,64,26,38,1421,598,823,750,322,428,7450,2944,4506,102,49,53,9089,3877,5212,1475,602,873,353,155,198,324,171,153
118930,Total students enrolled for credit,12990,5675,7315,17,5,12,6020,2576,3444,457,223,234,3302,1413,1889,55,23,32,2192,1020,1172,546,259,287,119,47,72,282,109,173
118930,Undergraduate students,12990,5675,7315,17,5,12,6020,2576,3444,457,223,234,3302,1413,1889,55,23,32,2192,1020,1172,546,259,287,119,47,72,282,109,173
118958,Total students enrolled for credit,72,8,64,1,0,1,0,0,0,2,0,2,65,7,58,0,0,0,3,1,2,0,0,0,1,0,1,0,0,0
118958,Undergraduate students,72,8,64,1,0,1,0,0,0,2,0,2,65,7,58,0,0,0,3,1,2,0,0,0,1,0,1,0,0,0
118967,Total students enrolled for credit,1020,430,590,3,0,3,119,77,42,55,27,28,543,195,348,20,14,6,214,88,126,9,5,4,57,24,33,0,0,0
118967,Undergraduate students,1020,430,590,3,0,3,119,77,42,55,27,28,543,195,348,20,14,6,214,88,126,9,5,4,57,24,33,0,0,0
118976,Total students enrolled for credit,24303,9971,14332,147,45,102,1532,667,865,919,448,471,11680,4826,6854,293,125,168,9209,3649,5560,186,71,115,300,123,177,37,17,20
118976,Undergraduate students,24303,9971,14332,147,45,102,1532,667,865,919,448,471,11680,4826,6854,293,125,168,9209,3649,5560,186,71,115,300,123,177,37,17,20
118994,Total students enrolled for credit,370,282,88,1,1,0,9,8,1,200,164,36,88,72,16,11,10,1,31,11,20,14,9,5,16,7,9,0,0,0
118994,Undergraduate students,370,282,88,1,1,0,9,8,1,200,164,36,88,72,16,11,10,1,31,11,20,14,9,5,16,7,9,0,0,0
119058,Total students enrolled for credit,889,305,584,2,1,1,49,14,35,24,9,15,72,24,48,2,1,1,392,156,236,19,6,13,76,24,52,253,70,183
119058,Undergraduate students,23,14,9,0,0,0,1,1,0,2,0,2,6,3,3,1,1,0,8,5,3,0,0,0,4,4,0,1,0,1
119058,Graduate student,866,291,575,2,1,1,48,13,35,22,9,13,66,21,45,1,0,1,384,151,233,19,6,13,72,20,52,252,70,182
119067,Total students enrolled for credit,14087,6951,7136,53,27,26,1069,521,548,475,268,207,4879,2152,2727,101,56,45,5425,2820,2605,619,272,347,1420,811,609,46,24,22
119067,Undergraduate students,14087,6951,7136,53,27,26,1069,521,548,475,268,207,4879,2152,2727,101,56,45,5425,2820,2605,619,272,347,1420,811,609,46,24,22
119137,Total students enrolled for credit,19661,9442,10219,49,30,19,1727,888,839,446,264,182,6435,2914,3521,33,15,18,9616,4626,4990,1044,521,523,154,84,70,157,100,57
119137,Undergraduate students,19661,9442,10219,49,30,19,1727,888,839,446,264,182,6435,2914,3521,33,15,18,9616,4626,4990,1044,521,523,154,84,70,157,100,57
119164,Total students enrolled for credit,38461,18288,20173,55,27,28,6867,3558,3309,1606,810,796,23625,10688,12937,120,85,35,4129,2084,2045,1166,591,575,210,98,112,683,347,336
119164,Undergraduate students,38461,18288,20173,55,27,28,6867,3558,3309,1606,810,796,23625,10688,12937,120,85,35,4129,2084,2045,1166,591,575,210,98,112,683,347,336
119173,Total students enrolled for credit,3878,415,3463,12,2,10,534,96,438,284,27,257,2228,141,2087,23,2,21,449,78,371,71,8,63,239,51,188,38,10,28
119173,Undergraduate students,3100,227,2873,10,1,9,451,66,385,222,12,210,1892,85,1807,16,0,16,282,30,252,57,6,51,142,24,118,28,3,25
119173,Graduate student,778,188,590,2,1,1,83,30,53,62,15,47,336,56,280,7,2,5,167,48,119,14,2,12,97,27,70,10,7,3
119216,Total students enrolled for credit,20697,8549,12148,100,32,68,1158,542,616,1563,652,911,10116,4066,6050,71,34,37,6225,2614,3611,1258,527,731,206,82,124,0,0,0
119216,Undergraduate students,20697,8549,12148,100,32,68,1158,542,616,1563,652,911,10116,4066,6050,71,34,37,6225,2614,3611,1258,527,731,206,82,124,0,0,0
119270,Total students enrolled for credit,1416,1105,311,4,3,1,62,50,12,96,76,20,180,147,33,4,4,0,338,283,55,86,67,19,83,64,19,563,411,152
119270,Undergraduate students,1416,1105,311,4,3,1,62,50,12,96,76,20,180,147,33,4,4,0,338,283,55,86,67,19,83,64,19,563,411,152
119331,Total students enrolled for credit,8590,3775,4815,24,12,12,1203,560,643,531,204,327,3450,1477,1973,36,23,13,2687,1197,1490,503,225,278,120,62,58,36,15,21
119331,Undergraduate students,8590,3775,4815,24,12,12,1203,560,643,531,204,327,3450,1477,1973,36,23,13,2687,1197,1490,503,225,278,120,62,58,36,15,21
119553,Total students enrolled for credit,965,321,644,4,2,2,62,30,32,117,41,76,171,68,103,21,6,15,355,103,252,146,43,103,71,24,47,18,4,14
119553,Undergraduate students,965,321,644,4,2,2,62,30,32,117,41,76,171,68,103,21,6,15,355,103,252,146,43,103,71,24,47,18,4,14
119605,Total students enrolled for credit,28087,11191,16896,127,46,81,2350,874,1476,2813,1242,1571,7208,2725,4483,322,137,185,11141,4494,6647,1287,500,787,2227,852,1375,612,321,291
119605,Undergraduate students,13464,6053,7411,69,24,45,1303,515,788,1386,669,717,3492,1485,2007,206,85,121,4906,2365,2541,719,302,417,1128,461,667,255,147,108
119605,Graduate student,14623,5138,9485,58,22,36,1047,359,688,1427,573,854,3716,1240,2476,116,52,64,6235,2129,4106,568,198,370,1099,391,708,357,174,183
119678,Total students enrolled for credit,3915,3196,719,23,18,5,285,214,71,246,163,83,241,197,44,0,0,0,2507,2055,452,0,0,0,321,277,44,292,272,20
119678,Graduate student,3915,3196,719,23,18,5,285,214,71,246,163,83,241,197,44,0,0,0,2507,2055,452,0,0,0,321,277,44,292,272,20
119775,Total students enrolled for credit,596,387,209,0,0,0,39,24,15,16,12,4,172,117,55,0,0,0,147,98,49,19,13,6,19,11,8,184,112,72
119775,Undergraduate students,460,307,153,0,0,0,31,21,10,7,5,2,148,100,48,0,0,0,108,73,35,14,9,5,14,8,6,138,91,47
119775,Graduate student,136,80,56,0,0,0,8,3,5,9,7,2,24,17,7,0,0,0,39,25,14,5,4,1,5,3,2,46,21,25
119845,Total students enrolled for credit,276,52,224,1,0,1,9,2,7,15,6,9,142,36,106,0,0,0,108,8,100,1,0,1,0,0,0,0,0,0
119845,Undergraduate students,276,52,224,1,0,1,9,2,7,15,6,9,142,36,106,0,0,0,108,8,100,1,0,1,0,0,0,0,0,0
119951,Total students enrolled for credit,429,20,409,0,0,0,37,0,37,44,2,42,169,14,155,1,0,1,139,3,136,37,1,36,2,0,2,0,0,0
119951,Undergraduate students,429,20,409,0,0,0,37,0,37,44,2,42,169,14,155,1,0,1,139,3,136,37,1,36,2,0,2,0,0,0
120069,Total students enrolled for credit,363,46,317,0,0,0,6,1,5,34,4,30,256,22,234,12,6,6,32,6,26,14,5,9,9,2,7,0,0,0
120069,Undergraduate students,363,46,317,0,0,0,6,1,5,34,4,30,256,22,234,12,6,6,32,6,26,14,5,9,9,2,7,0,0,0
120078,Total students enrolled for credit,1066,168,898,7,0,7,82,20,62,30,5,25,700,107,593,10,1,9,67,10,57,9,1,8,161,24,137,0,0,0
120078,Undergraduate students,1066,168,898,7,0,7,82,20,62,30,5,25,700,107,593,10,1,9,67,10,57,9,1,8,161,24,137,0,0,0
120087,Total students enrolled for credit,280,42,238,50,9,41,18,4,14,5,0,5,120,17,103,0,0,0,12,4,8,1,0,1,74,8,66,0,0,0
120087,Undergraduate students,280,42,238,50,9,41,18,4,14,5,0,5,120,17,103,0,0,0,12,4,8,1,0,1,74,8,66,0,0,0
120184,Total students enrolled for credit,2010,603,1407,8,2,6,246,91,155,116,41,75,634,168,466,45,11,34,640,193,447,96,26,70,111,31,80,114,40,74
120184,Undergraduate students,1367,473,894,5,2,3,171,72,99,83,35,48,480,140,340,29,8,21,405,143,262,62,19,43,73,22,51,59,32,27
120184,Graduate student,643,130,513,3,0,3,75,19,56,33,6,27,154,28,126,16,3,13,235,50,185,34,7,27,38,9,29,55,8,47
120254,Total students enrolled for credit,2123,909,1214,0,0,0,292,127,165,118,48,70,324,126,198,3,1,2,1019,461,558,178,65,113,40,20,20,149,61,88
120254,Undergraduate students,2123,909,1214,0,0,0,292,127,165,118,48,70,324,126,198,3,1,2,1019,461,558,178,65,113,40,20,20,149,61,88
120272,Total students enrolled for credit,54,4,50,0,0,0,0,0,0,3,0,3,24,4,20,2,0,2,25,0,25,0,0,0,0,0,0,0,0,0
120272,Undergraduate students,54,4,50,0,0,0,0,0,0,3,0,3,24,4,20,2,0,2,25,0,25,0,0,0,0,0,0,0,0,0
120290,Total students enrolled for credit,17232,9372,7860,31,20,11,6814,3347,3467,565,271,294,3611,1786,1825,112,61,51,3437,2128,1309,754,344,410,1419,1146,273,489,269,220
120290,Undergraduate students,17232,9372,7860,31,20,11,6814,3347,3467,565,271,294,3611,1786,1825,112,61,51,3437,2128,1309,754,344,410,1419,1146,273,489,269,220
120342,Total students enrolled for credit,28696,14880,13816,61,30,31,5819,3105,2714,500,295,205,9598,4787,4811,86,51,35,9724,5119,4605,1272,633,639,209,109,100,1427,751,676
120342,Undergraduate students,28696,14880,13816,61,30,31,5819,3105,2714,500,295,205,9598,4787,4811,86,51,35,9724,5119,4605,1272,633,639,209,109,100,1427,751,676
120403,Total students enrolled for credit,1203,383,820,16,7,9,287,85,202,63,24,39,88,36,52,3,0,3,302,112,190,52,16,36,67,23,44,325,80,245
120403,Undergraduate students,1101,354,747,15,7,8,279,85,194,52,20,32,79,33,46,3,0,3,271,98,173,51,15,36,53,19,34,298,77,221
120403,Graduate student,102,29,73,1,0,1,8,0,8,11,4,7,9,3,6,0,0,0,31,14,17,1,1,0,14,4,10,27,3,24
120421,Total students enrolled for credit,11145,4936,6209,30,17,13,614,280,334,314,159,155,7694,3332,4362,20,6,14,2009,932,1077,337,146,191,119,60,59,8,4,4
120421,Undergraduate students,11145,4936,6209,30,17,13,614,280,334,314,159,155,7694,3332,4362,20,6,14,2009,932,1077,337,146,191,119,60,59,8,4,4
120537,Total students enrolled for credit,2071,897,1174,17,8,9,118,42,76,149,68,81,421,174,247,11,5,6,1039,474,565,181,71,110,117,47,70,18,8,10
120537,Undergraduate students,1488,646,842,12,4,8,62,26,36,111,56,55,351,142,209,7,4,3,742,323,419,134,59,75,59,25,34,10,7,3
120537,Graduate student,583,251,332,5,4,1,56,16,40,38,12,26,70,32,38,4,1,3,297,151,146,47,12,35,58,22,36,8,1,7
120661,Total students enrolled for credit,1083,247,836,4,1,3,137,51,86,141,40,101,487,94,393,19,4,15,199,42,157,38,8,30,56,7,49,2,0,2
120661,Undergraduate students,1083,247,836,4,1,3,137,51,86,141,40,101,487,94,393,19,4,15,199,42,157,38,8,30,56,7,49,2,0,2
120698,Total students enrolled for credit,1288,279,1009,4,1,3,176,40,136,54,14,40,175,34,141,5,0,5,616,126,490,61,16,45,150,35,115,47,13,34
120698,Undergraduate students,185,57,128,0,0,0,29,13,16,4,1,3,19,4,15,1,0,1,45,12,33,12,3,9,66,20,46,9,4,5
120698,Graduate student,1103,222,881,4,1,3,147,27,120,50,13,37,156,30,126,4,0,4,571,114,457,49,13,36,84,15,69,38,9,29
120768,Total students enrolled for credit,1705,162,1543,8,0,8,88,5,83,228,30,198,845,73,772,13,0,13,368,34,334,61,6,55,88,14,74,6,0,6
120768,Undergraduate students,757,58,699,1,0,1,27,2,25,67,4,63,441,34,407,6,0,6,148,12,136,24,3,21,39,3,36,4,0,4
120768,Graduate student,948,104,844,7,0,7,61,3,58,161,26,135,404,39,365,7,0,7,220,22,198,37,3,34,49,11,38,2,0,2
120795,Total students enrolled for credit,159,72,87,0,0,0,21,10,11,26,10,16,5,2,3,6,4,2,73,30,43,5,2,3,23,14,9,0,0,0
120795,Graduate student,159,72,87,0,0,0,21,10,11,26,10,16,5,2,3,6,4,2,73,30,43,5,2,3,23,14,9,0,0,0
120838,Total students enrolled for credit,195,92,103,0,0,0,0,0,0,0,0,0,0,0,0,12,8,4,1,1,0,0,0,0,0,0,0,182,83,99
120838,Undergraduate students,31,20,11,0,0,0,0,0,0,0,0,0,0,0,0,1,1,0,0,0,0,0,0,0,0,0,0,30,19,11
120838,Graduate student,164,72,92,0,0,0,0,0,0,0,0,0,0,0,0,11,7,4,1,1,0,0,0,0,0,0,0,152,64,88
120865,Total students enrolled for credit,1742,655,1087,6,1,5,277,120,157,136,52,84,392,154,238,20,4,16,437,145,292,132,46,86,301,117,184,41,16,25
120865,Undergraduate students,1709,649,1060,6,1,5,277,120,157,136,52,84,388,154,234,20,4,16,421,140,281,120,46,74,300,116,184,41,16,25
120865,Graduate student,33,6,27,0,0,0,0,0,0,0,0,0,4,0,4,0,0,0,16,5,11,12,0,12,1,1,0,0,0,0
120883,Total students enrolled for credit,6569,2877,3692,19,10,9,2420,1066,1354,231,89,142,1059,434,625,30,11,19,1842,824,1018,309,137,172,455,194,261,204,112,92
120883,Undergraduate students,3639,1716,1923,13,8,5,1478,693,785,123,53,70,658,293,365,18,7,11,908,452,456,204,93,111,136,61,75,101,56,45
120883,Graduate student,2930,1161,1769,6,2,4,942,373,569,108,36,72,401,141,260,12,4,8,934,372,562,105,44,61,319,133,186,103,56,47
120953,Total students enrolled for credit,6445,5355,1090,51,42,9,318,271,47,771,690,81,2415,1883,532,37,34,3,2506,2142,364,203,164,39,143,128,15,1,1,0
120953,Undergraduate students,6445,5355,1090,51,42,9,318,271,47,771,690,81,2415,1883,532,37,34,3,2506,2142,364,203,164,39,143,128,15,1,1,0
120971,Total students enrolled for credit,35444,18925,16519,272,144,128,2322,1177,1145,1227,721,506,14548,7434,7114,188,96,92,13724,7659,6065,1675,836,839,1103,690,413,385,168,217
120971,Undergraduate students,35444,18925,16519,272,144,128,2322,1177,1145,1227,721,506,14548,7434,7114,188,96,92,13724,7659,6065,1675,836,839,1103,690,413,385,168,217
121044,Total students enrolled for credit,38096,17811,20285,40,18,22,9078,4606,4472,1569,724,845,18617,8195,10422,33,23,10,5818,2755,3063,1353,661,692,238,115,123,1350,714,636
121044,Undergraduate students,38096,17811,20285,40,18,22,9078,4606,4472,1569,724,845,18617,8195,10422,33,23,10,5818,2755,3063,1353,661,692,238,115,123,1350,714,636
121150,Total students enrolled for credit,8739,3607,5132,34,11,23,939,433,506,631,213,418,1083,404,679,22,7,15,3681,1547,2134,301,111,190,915,384,531,1133,497,636
121150,Undergraduate students,3803,1567,2236,12,6,6,420,182,238,179,76,103,562,224,338,10,4,6,1826,736,1090,206,86,120,152,59,93,436,194,242
121150,Graduate student,4936,2040,2896,22,5,17,519,251,268,452,137,315,521,180,341,12,3,9,1855,811,1044,95,25,70,763,325,438,697,303,394
121257,Total students enrolled for credit,1087,490,597,5,4,1,94,37,57,57,21,36,166,72,94,1,1,0,499,249,250,103,37,66,71,34,37,91,35,56
121257,Undergraduate students,1087,490,597,5,4,1,94,37,57,57,21,36,166,72,94,1,1,0,499,249,250,103,37,66,71,34,37,91,35,56
121275,Total students enrolled for credit,253,181,72,2,1,1,28,24,4,25,22,3,60,38,22,0,0,0,104,74,30,20,15,5,11,5,6,3,2,1
121275,Undergraduate students,253,181,72,2,1,1,28,24,4,25,22,3,60,38,22,0,0,0,104,74,30,20,15,5,11,5,6,3,2,1
121309,Total students enrolled for credit,5019,1684,3335,15,7,8,296,105,191,153,55,98,1322,418,904,45,14,31,2642,900,1742,328,108,220,165,47,118,53,30,23
121309,Undergraduate students,3313,1160,2153,11,6,5,219,83,136,79,27,52,825,271,554,32,13,19,1791,637,1154,251,80,171,73,23,50,32,20,12
121309,Graduate student,1706,524,1182,4,1,3,77,22,55,74,28,46,497,147,350,13,1,12,851,263,588,77,28,49,92,24,68,21,10,11
121345,Total students enrolled for credit,1665,829,836,5,3,2,237,100,137,137,61,76,253,132,121,2,0,2,628,354,274,125,56,69,92,43,49,186,80,106
121345,Undergraduate students,1665,829,836,5,3,2,237,100,137,137,61,76,253,132,121,2,0,2,628,354,274,125,56,69,92,43,49,186,80,106
121363,Total students enrolled for credit,5533,2164,3369,38,17,21,176,67,109,80,39,41,4183,1610,2573,10,7,3,895,355,540,141,64,77,2,0,2,8,5,3
121363,Undergraduate students,5533,2164,3369,38,17,21,176,67,109,80,39,41,4183,1610,2573,10,7,3,895,355,540,141,64,77,2,0,2,8,5,3
121433,Total students enrolled for credit,127,5,122,0,0,0,0,0,0,1,0,1,114,5,109,0,0,0,3,0,3,0,0,0,0,0,0,9,0,9
121433,Undergraduate students,127,5,122,0,0,0,0,0,0,1,0,1,114,5,109,0,0,0,3,0,3,0,0,0,0,0,0,9,0,9
121619,Total students enrolled for credit,44096,27271,16825,93,69,24,3242,1718,1524,735,485,250,21916,11318,10598,126,94,32,8761,6853,1908,590,341,249,8086,6163,1923,547,230,317
121619,Undergraduate students,44096,27271,16825,93,69,24,3242,1718,1524,735,485,250,21916,11318,10598,126,94,32,8761,6853,1908,590,341,249,8086,6163,1923,547,230,317
121628,Total students enrolled for credit,107,56,51,0,0,0,9,4,5,3,0,3,8,4,4,0,0,0,47,26,21,0,0,0,1,1,0,39,21,18
121628,Graduate student,107,56,51,0,0,0,9,4,5,3,0,3,8,4,4,0,0,0,47,26,21,0,0,0,1,1,0,39,21,18
121637,Total students enrolled for credit,112,5,107,6,0,6,6,0,6,0,0,0,14,2,12,1,0,1,84,2,82,1,1,0,0,0,0,0,0,0
121637,Undergraduate students,112,5,107,6,0,6,6,0,6,0,0,0,14,2,12,1,0,1,84,2,82,1,1,0,0,0,0,0,0,0
121691,Total students enrolled for credit,5981,2672,3309,34,15,19,368,164,204,337,142,195,1784,748,1036,28,8,20,2376,1068,1308,256,96,160,621,320,301,177,111,66
121691,Undergraduate students,3556,1596,1960,21,11,10,214,91,123,139,60,79,979,431,548,25,7,18,1547,692,855,173,69,104,401,205,196,57,30,27
121691,Graduate student,2425,1076,1349,13,4,9,154,73,81,198,82,116,805,317,488,3,1,2,829,376,453,83,27,56,220,115,105,120,81,39
121707,Total students enrolled for credit,6598,2977,3621,326,119,207,227,107,120,204,135,69,1241,568,673,26,15,11,3885,1734,2151,548,227,321,139,71,68,2,1,1
121707,Undergraduate students,6598,2977,3621,326,119,207,227,107,120,204,135,69,1241,568,673,26,15,11,3885,1734,2151,548,227,321,139,71,68,2,1,1
121859,Total students enrolled for credit,299,29,270,8,1,7,8,1,7,30,7,23,172,15,157,3,1,2,70,3,67,7,1,6,1,0,1,0,0,0
121859,Undergraduate students,299,29,270,8,1,7,8,1,7,30,7,23,172,15,157,3,1,2,70,3,67,7,1,6,1,0,1,0,0,0
121868,Total students enrolled for credit,139,1,138,2,0,2,2,0,2,14,0,14,54,0,54,1,0,1,62,1,61,3,0,3,1,0,1,0,0,0
121868,Undergraduate students,139,1,138,2,0,2,2,0,2,14,0,14,54,0,54,1,0,1,62,1,61,3,0,3,1,0,1,0,0,0
121886,Total students enrolled for credit,28704,16355,12349,64,39,25,2070,1269,801,623,425,198,21416,11203,10213,44,33,11,2393,1809,584,302,174,128,1697,1360,337,95,43,52
121886,Undergraduate students,28704,16355,12349,64,39,25,2070,1269,801,623,425,198,21416,11203,10213,44,33,11,2393,1809,584,302,174,128,1697,1360,337,95,43,52
121901,Total students enrolled for credit,29504,12654,16850,93,40,53,1738,851,887,2477,1042,1435,17917,7474,10443,113,55,58,5887,2562,3325,714,298,416,99,41,58,466,291,175
121901,Undergraduate students,29504,12654,16850,93,40,53,1738,851,887,2477,1042,1435,17917,7474,10443,113,55,58,5887,2562,3325,714,298,416,99,41,58,466,291,175
121983,Total students enrolled for credit,400,151,249,4,0,4,41,16,25,123,38,85,74,22,52,13,7,6,121,55,66,0,0,0,6,3,3,18,10,8
121983,Undergraduate students,151,61,90,1,0,1,8,5,3,63,22,41,32,12,20,9,5,4,36,16,20,0,0,0,1,0,1,1,1,0
121983,Graduate student,249,90,159,3,0,3,33,11,22,60,16,44,42,10,32,4,2,2,85,39,46,0,0,0,5,3,2,17,9,8
121992,Total students enrolled for credit,576,59,517,0,0,0,568,58,510,0,0,0,8,1,7,0,0,0,0,0,0,0,0,0,0,0,0,0,0,0
121992,Undergraduate students,576,59,517,0,0,0,568,58,510,0,0,0,8,1,7,0,0,0,0,0,0,0,0,0,0,0,0,0,0,0
122117,Total students enrolled for credit,251,106,145,1,0,1,136,67,69,2,2,0,3,1,2,0,0,0,28,7,21,5,1,4,2,1,1,74,27,47
122117,Undergraduate students,50,17,33,1,0,1,18,7,11,1,1,0,2,0,2,0,0,0,14,3,11,1,0,1,1,1,0,12,5,7
122117,Graduate student,201,89,112,0,0,0,118,60,58,1,1,0,1,1,0,0,0,0,14,4,10,4,1,3,1,0,1,62,22,40
122180,Total students enrolled for credit,32072,13361,18711,134,59,75,6407,2814,3593,3407,1389,2018,9766,3840,5926,416,149,267,8762,3723,5039,1997,836,1161,474,188,286,709,363,346
122180,Undergraduate students,32072,13361,18711,134,59,75,6407,2814,3593,3407,1389,2018,9766,3840,5926,416,149,267,8762,3723,5039,1997,836,1161,474,188,286,709,363,346
122205,Total students enrolled for credit,30775,13464,17311,80,38,42,3235,1323,1912,630,298,332,7724,3173,4551,82,30,52,16326,7248,9078,1684,744,940,306,127,179,708,483,225
122205,Undergraduate students,30775,13464,17311,80,38,42,3235,1323,1912,630,298,332,7724,3173,4551,82,30,52,16326,7248,9078,1684,744,940,306,127,179,708,483,225
122296,Total students enrolled for credit,2045,489,1556,6,1,5,587,134,453,109,19,90,357,77,280,22,5,17,689,181,508,130,36,94,145,36,109,0,0,0
122296,Undergraduate students,852,155,697,1,0,1,215,39,176,44,5,39,162,27,135,8,2,6,298,61,237,58,11,47,66,10,56,0,0,0
122296,Graduate student,1193,334,859,5,1,4,372,95,277,65,14,51,195,50,145,14,3,11,391,120,271,72,25,47,79,26,53,0,0,0
122339,Total students enrolled for credit,26626,12439,14187,78,33,45,2673,1252,1421,2609,1254,1355,12552,5519,7033,143,67,76,6537,3335,3202,1323,600,723,444,207,237,267,172,95
122339,Undergraduate students,26626,12439,14187,78,33,45,2673,1252,1421,2609,1254,1355,12552,5519,7033,143,67,76,6537,3335,3202,1323,600,723,444,207,237,267,172,95
122366,Total students enrolled for credit,200,193,7,4,4,0,18,15,3,9,8,1,12,12,0,4,4,0,119,117,2,4,4,0,30,29,1,0,0,0
122366,Undergraduate students,200,193,7,4,4,0,18,15,3,9,8,1,12,12,0,4,4,0,119,117,2,4,4,0,30,29,1,0,0,0
122375,Total students enrolled for credit,36207,16816,19391,106,43,63,5401,2597,2804,2521,1259,1262,13019,5667,7352,201,102,99,11688,5599,6089,2299,1067,1232,592,288,304,380,194,186
122375,Undergraduate students,36207,16816,19391,106,43,63,5401,2597,2804,2521,1259,1262,13019,5667,7352,201,102,99,11688,5599,6089,2299,1067,1232,592,288,304,380,194,186
122384,Total students enrolled for credit,25331,13892,11439,93,63,30,4718,2357,2361,1381,772,609,7098,3642,3456,207,113,94,9485,5630,3855,1538,794,744,724,471,253,87,50,37
122384,Undergraduate students,25331,13892,11439,93,63,30,4718,2357,2361,1381,772,609,7098,3642,3456,207,113,94,9485,5630,3855,1538,794,744,724,471,253,87,50,37
122409,Total students enrolled for credit,36908,16564,20344,113,43,70,4645,2178,2467,1415,577,838,10962,4501,6461,82,38,44,12362,5553,6809,2226,994,1232,1870,900,970,3233,1780,1453
122409,Undergraduate students,31609,14467,17142,92,36,56,4206,2013,2193,1252,521,731,9792,4090,5702,79,35,44,10415,4836,5579,2030,920,1110,1449,700,749,2294,1316,978
122409,Graduate student,5299,2097,3202,21,7,14,439,165,274,163,56,107,1170,411,759,3,3,0,1947,717,1230,196,74,122,421,200,221,939,464,475
122436,Total students enrolled for credit,9530,4215,5315,41,19,22,769,330,439,385,175,210,1828,719,1109,38,23,15,4688,2020,2668,432,175,257,447,212,235,902,542,360
122436,Undergraduate students,6177,2878,3299,24,11,13,442,192,250,214,104,110,1198,489,709,22,16,6,3072,1384,1688,346,149,197,193,98,95,666,435,231
122436,Graduate student,3353,1337,2016,17,8,9,327,138,189,171,71,100,630,230,400,16,7,9,1616,636,980,86,26,60,254,114,140,236,107,129
122454,Total students enrolled for credit,612,225,387,3,1,2,35,13,22,17,6,11,87,42,45,1,1,0,258,93,165,44,16,28,31,8,23,136,45,91
122454,Undergraduate students,432,161,271,3,1,2,27,11,16,15,5,10,64,32,32,0,0,0,196,72,124,37,14,23,19,4,15,71,22,49
122454,Graduate student,180,64,116,0,0,0,8,2,6,2,1,1,23,10,13,1,1,0,62,21,41,7,2,5,12,4,8,65,23,42
122506,Total students enrolled for credit,415,202,213,3,1,2,33,18,15,13,8,5,22,15,7,1,1,0,139,65,74,27,16,11,29,18,11,148,60,88
122506,Undergraduate students,196,109,87,2,1,1,13,7,6,7,5,2,14,10,4,0,0,0,65,31,34,20,13,7,11,10,1,64,32,32
122506,Graduate student,219,93,126,1,0,1,20,11,9,6,3,3,8,5,3,1,1,0,74,34,40,7,3,4,18,8,10,84,28,56
122597,Total students enrolled for credit,33036,14529,18507,61,23,38,8611,4019,4592,1652,652,1000,9342,3716,5626,151,63,88,6929,3158,3771,1919,780,1139,1689,821,868,2682,1297,1385
122597,Undergraduate students,29485,13243,16242,56,21,35,8004,3816,4188,1520,604,916,8801,3526,5275,142,61,81,5597,2690,2907,1732,719,1013,1395,702,693,2238,1104,1134
122597,Graduate student,3551,1286,2265,5,2,3,607,203,404,132,48,84,541,190,351,9,2,7,1332,468,864,187,61,126,294,119,175,444,193,251
122603,Total students enrolled for credit,219,127,92,1,0,1,36,27,9,41,27,14,9,2,7,0,0,0,85,37,48,0,0,0,1,0,1,46,34,12
122603,Graduate student,219,127,92,1,0,1,36,27,9,41,27,14,9,2,7,0,0,0,85,37,48,0,0,0,1,0,1,46,34,12
122612,Total students enrolled for credit,12573,4577,7996,22,11,11,2399,819,1580,642,216,426,2371,739,1632,99,32,67,3735,1351,2384,718,252,466,538,168,370,2049,989,1060
122612,Undergraduate students,7495,2889,4606,22,11,11,1579,576,1003,256,98,158,1495,479,1016,50,17,33,2010,744,1266,494,180,314,199,69,130,1390,715,675
122612,Graduate student,5078,1688,3390,0,0,0,820,243,577,386,118,268,876,260,616,49,15,34,1725,607,1118,224,72,152,339,99,240,659,274,385
122649,Total students enrolled for credit,164,84,80,2,0,2,16,10,6,8,1,7,63,31,32,1,1,0,74,41,33,0,0,0,0,0,0,0,0,0
122649,Graduate student,164,84,80,2,0,2,16,10,6,8,1,7,63,31,32,1,1,0,74,41,33,0,0,0,0,0,0,0,0,0
122658,Total students enrolled for credit,24988,10375,14613,77,40,37,4385,2013,2372,2406,918,1488,11030,4471,6559,140,60,80,5364,2222,3142,1369,554,815,148,63,85,69,34,35
122658,Undergraduate students,24988,10375,14613,77,40,37,4385,2013,2372,2406,918,1488,11030,4471,6559,140,60,80,5364,2222,3142,1369,554,815,148,63,85,69,34,35
122685,Total students enrolled for credit,9217,2744,6473,87,24,63,438,186,252,851,216,635,4728,1403,3325,81,36,45,2088,601,1487,555,156,399,388,122,266,1,0,1
122685,Undergraduate students,9217,2744,6473,87,24,63,438,186,252,851,216,635,4728,1403,3325,81,36,45,2088,601,1487,555,156,399,388,122,266,1,0,1
122728,Total students enrolled for credit,1662,660,1002,21,9,12,62,25,37,92,44,48,283,114,169,16,8,8,997,369,628,32,11,21,89,37,52,70,43,27
122728,Undergraduate students,1391,551,840,20,8,12,49,17,32,87,41,46,263,107,156,13,6,7,840,318,522,27,8,19,73,31,42,19,15,4
122728,Graduate student,271,109,162,1,1,0,13,8,5,5,3,2,20,7,13,3,2,1,157,51,106,5,3,2,16,6,10,51,28,23
122746,Total students enrolled for credit,12429,5435,6994,46,25,21,3131,1428,1703,738,363,375,5283,2087,3196,51,30,21,1997,916,1081,514,234,280,531,271,260,138,81,57
122746,Undergraduate students,12429,5435,6994,46,25,21,3131,1428,1703,738,363,375,5283,2087,3196,51,30,21,1997,916,1081,514,234,280,531,271,260,138,81,57
122755,Total students enrolled for credit,34035,17414,16621,39,19,20,10618,5673,4945,1036,515,521,8112,3651,4461,121,61,60,6357,3273,3084,1594,811,783,1585,823,762,4573,2588,1985
122755,Undergraduate students,27394,14342,13052,35,17,18,9635,5223,4412,912,461,451,7195,3332,3863,111,57,54,4827,2744,2083,1388,731,657,1232,659,573,2059,1118,941
122755,Graduate student,6641,3072,3569,4,2,2,983,450,533,124,54,70,917,319,598,10,4,6,1530,529,1001,206,80,126,353,164,189,2514,1470,1044
122791,Total students enrolled for credit,13952,6824,7128,16,6,10,3442,1685,1757,382,217,165,4068,1838,2230,278,139,139,3906,1949,1957,740,363,377,183,84,99,937,543,394
122791,Undergraduate students,13952,6824,7128,16,6,10,3442,1685,1757,382,217,165,4068,1838,2230,278,139,139,3906,1949,1957,740,363,377,183,84,99,937,543,394
122834,Total students enrolled for credit,705,216,489,8,1,7,23,8,15,52,15,37,499,145,354,2,1,1,109,42,67,4,1,3,8,3,5,0,0,0
122834,Undergraduate students,705,216,489,8,1,7,23,8,15,52,15,37,499,145,354,2,1,1,109,42,67,4,1,3,8,3,5,0,0,0
122852,Total students enrolled for credit,165,42,123,0,0,0,5,1,4,2,0,2,125,29,96,4,3,1,28,9,19,0,0,0,1,0,1,0,0,0
122852,Undergraduate students,165,42,123,0,0,0,5,1,4,2,0,2,125,29,96,4,3,1,28,9,19,0,0,0,1,0,1,0,0,0
122889,Total students enrolled for credit,23732,10883,12849,74,29,45,1329,489,840,809,393,416,8118,3508,4610,42,21,21,9402,4438,4964,1109,527,582,1325,681,644,1524,797,727
122889,Undergraduate students,23732,10883,12849,74,29,45,1329,489,840,809,393,416,8118,3508,4610,42,21,21,9402,4438,4964,1109,527,582,1325,681,644,1524,797,727
122931,Total students enrolled for credit,9373,4571,4802,8,4,4,1619,791,828,255,113,142,1403,609,794,17,9,8,3783,1977,1806,508,227,281,501,228,273,1279,613,666
122931,Undergraduate students,5754,2848,2906,7,3,4,997,458,539,190,79,111,964,446,518,8,3,5,2749,1463,1286,395,182,213,220,99,121,224,115,109
122931,Graduate student,3619,1723,1896,1,1,0,622,333,289,65,34,31,439,163,276,9,6,3,1034,514,520,113,45,68,281,129,152,1055,498,557
122977,Total students enrolled for credit,42954,19746,23208,70,26,44,4280,1936,2344,3983,1818,2165,16284,7333,8951,106,37,69,11848,5371,6477,1820,804,1016,437,203,234,4126,2218,1908
122977,Undergraduate students,42954,19746,23208,70,26,44,4280,1936,2344,3983,1818,2165,16284,7333,8951,106,37,69,11848,5371,6477,1820,804,1016,437,203,234,4126,2218,1908
123013,Total students enrolled for credit,30921,14077,16844,203,87,116,1437,658,779,774,396,378,9951,4259,5692,124,62,62,15558,7209,8349,1573,723,850,1037,533,504,264,150,114
123013,Undergraduate students,30921,14077,16844,203,87,116,1437,658,779,774,396,378,9951,4259,5692,124,62,62,15558,7209,8349,1573,723,850,1037,533,504,264,150,114
123095,Total students enrolled for credit,734,177,557,5,1,4,24,7,17,67,11,56,58,11,47,2,0,2,378,90,288,44,11,33,119,36,83,37,10,27
123095,Graduate student,734,177,557,5,1,4,24,7,17,67,11,56,58,11,47,2,0,2,378,90,288,44,11,33,119,36,83,37,10,27
123165,Total students enrolled for credit,1126,35,1091,0,0,0,177,9,168,45,0,45,129,3,126,1,0,1,581,15,566,65,2,63,72,6,66,56,0,56
123165,Undergraduate students,1092,18,1074,0,0,0,168,6,162,45,0,45,124,0,124,1,0,1,565,8,557,63,0,63,70,4,66,56,0,56
123165,Graduate student,34,17,17,0,0,0,9,3,6,0,0,0,5,3,2,0,0,0,16,7,9,2,2,0,2,2,0,0,0,0
123217,Total students enrolled for credit,15236,6599,8637,82,38,44,567,242,325,419,233,186,9883,4209,5674,15,7,8,3647,1605,2042,468,194,274,132,59,73,23,12,11
123217,Undergraduate students,15236,6599,8637,82,38,44,567,242,325,419,233,186,9883,4209,5674,15,7,8,3647,1605,2042,468,194,274,132,59,73,23,12,11
123280,Total students enrolled for credit,76,40,36,1,0,1,5,4,1,6,3,3,3,1,2,0,0,0,60,32,28,1,0,1,0,0,0,0,0,0
123280,Undergraduate students,56,31,25,1,0,1,3,3,0,5,2,3,1,0,1,0,0,0,46,26,20,0,0,0,0,0,0,0,0,0
123280,Graduate student,20,9,11,0,0,0,2,1,1,1,1,0,2,1,1,0,0,0,14,6,8,1,0,1,0,0,0,0,0,0
123299,Total students enrolled for credit,13366,5654,7712,355,156,199,482,207,275,211,126,85,2094,847,1247,47,29,18,9058,3803,5255,702,300,402,411,181,230,6,5,1
123299,Undergraduate students,13366,5654,7712,355,156,199,482,207,275,211,126,85,2094,847,1247,47,29,18,9058,3803,5255,702,300,402,411,181,230,6,5,1
123341,Total students enrolled for credit,24449,10993,13456,137,65,72,1461,656,805,756,360,396,6375,2750,3625,84,41,43,13879,6304,7575,1409,638,771,115,55,60,233,124,109
123341,Undergraduate students,24449,10993,13456,137,65,72,1461,656,805,756,360,396,6375,2750,3625,84,41,43,13879,6304,7575,1409,638,771,115,55,60,233,124,109
123350,Total students enrolled for credit,162,17,145,0,0,0,7,3,4,8,3,5,65,5,60,0,0,0,58,6,52,1,0,1,23,0,23,0,0,0
123350,Undergraduate students,162,17,145,0,0,0,7,3,4,8,3,5,65,5,60,0,0,0,58,6,52,1,0,1,23,0,23,0,0,0
123448,Total students enrolled for credit,215,104,111,0,0,0,26,12,14,36,14,22,54,27,27,2,1,1,74,39,35,13,6,7,10,5,5,0,0,0
123448,Graduate student,215,104,111,0,0,0,26,12,14,36,14,22,54,27,27,2,1,1,74,39,35,13,6,7,10,5,5,0,0,0
123457,Total students enrolled for credit,1300,445,855,33,9,24,57,24,33,43,27,16,168,59,109,4,1,3,799,255,544,36,10,26,155,59,96,5,1,4
123457,Undergraduate students,933,314,619,31,9,22,41,17,24,38,23,15,132,48,84,4,1,3,560,176,384,24,7,17,99,33,66,4,0,4
123457,Graduate student,367,131,236,2,0,2,16,7,9,5,4,1,36,11,25,0,0,0,239,79,160,12,3,9,56,26,30,1,1,0
123484,Total students enrolled for credit,4283,2482,1801,99,43,56,317,249,68,209,155,54,683,386,297,29,17,12,2421,1327,1094,232,109,123,289,193,96,4,3,1
123484,Undergraduate students,4283,2482,1801,99,43,56,317,249,68,209,155,54,683,386,297,29,17,12,2421,1327,1094,232,109,123,289,193,96,4,3,1
123493,Total students enrolled for credit,596,197,399,2,1,1,168,64,104,93,29,64,151,39,112,20,3,17,162,61,101,0,0,0,0,0,0,0,0,0
123493,Undergraduate students,596,197,399,2,1,1,168,64,104,93,29,64,151,39,112,20,3,17,162,61,101,0,0,0,0,0,0,0,0,0
123509,Total students enrolled for credit,15386,7056,8330,22,7,15,5276,2553,2723,430,182,248,4577,1934,2643,188,67,121,3032,1430,1602,1220,557,663,181,92,89,460,234,226
123509,Undergraduate students,15386,7056,8330,22,7,15,5276,2553,2723,430,182,248,4577,1934,2643,188,67,121,3032,1430,1602,1220,557,663,181,92,89,460,234,226
123527,Total students enrolled for credit,18409,7725,10684,43,23,20,879,397,482,2331,911,1420,11917,4993,6924,40,20,20,2425,1058,1367,671,276,395,56,27,29,47,20,27
123527,Undergraduate students,18409,7725,10684,43,23,20,879,397,482,2331,911,1420,11917,4993,6924,40,20,20,2425,1058,1367,671,276,395,56,27,29,47,20,27
123554,Total students enrolled for credit,4493,1734,2759,15,6,9,473,196,277,242,82,160,1012,387,625,44,18,26,2054,785,1269,203,91,112,338,113,225,112,56,56
123554,Undergraduate students,3018,1231,1787,12,6,6,324,136,188,129,53,76,746,287,459,31,13,18,1389,562,827,187,85,102,134,56,78,66,33,33
123554,Graduate student,1475,503,972,3,0,3,149,60,89,113,29,84,266,100,166,13,5,8,665,223,442,16,6,10,204,57,147,46,23,23
123563,Total students enrolled for credit,14123,6063,8060,45,24,21,2195,996,1199,2064,885,1179,4073,1685,2388,113,53,60,4096,1812,2284,1316,499,817,170,88,82,51,21,30
123563,Undergraduate students,14123,6063,8060,45,24,21,2195,996,1199,2064,885,1179,4073,1685,2388,113,53,60,4096,1812,2284,1316,499,817,170,88,82,51,21,30
123572,Total students enrolled for credit,10041,3662,6379,41,16,25,515,208,307,219,88,131,2942,951,1991,22,9,13,4700,1786,2914,640,215,425,735,300,435,227,89,138
123572,Undergraduate students,9244,3456,5788,38,16,22,468,198,270,210,87,123,2833,915,1918,19,7,12,4212,1674,2538,599,202,397,649,272,377,216,85,131
123572,Graduate student,797,206,591,3,0,3,47,10,37,9,1,8,109,36,73,3,2,1,488,112,376,41,13,28,86,28,58,11,4,7
123633,Total students enrolled for credit,829,354,475,3,3,0,428,194,234,16,8,8,22,5,17,3,1,2,78,22,56,8,4,4,0,0,0,271,117,154
123633,Undergraduate students,210,77,133,2,2,0,101,36,65,7,4,3,8,0,8,1,0,1,29,8,21,3,1,2,0,0,0,59,26,33
123633,Graduate student,619,277,342,1,1,0,327,158,169,9,4,5,14,5,9,2,1,1,49,14,35,5,3,2,0,0,0,212,91,121
123642,Total students enrolled for credit,396,40,356,5,0,5,29,6,23,19,3,16,144,13,131,1,0,1,129,14,115,0,0,0,68,4,64,1,0,1
123642,Undergraduate students,396,40,356,5,0,5,29,6,23,19,3,16,144,13,131,1,0,1,129,14,115,0,0,0,68,4,64,1,0,1
123651,Total students enrolled for credit,2816,922,1894,2,0,2,125,39,86,145,55,90,1040,339,701,24,9,15,1216,404,812,120,35,85,101,30,71,43,11,32
123651,Undergraduate students,2394,798,1596,2,0,2,93,30,63,127,50,77,907,297,610,21,8,13,1009,349,660,103,31,72,94,25,69,38,8,30
123651,Graduate student,422,124,298,0,0,0,32,9,23,18,5,13,133,42,91,3,1,2,207,55,152,17,4,13,7,5,2,5,3,2
123679,Total students enrolled for credit,870,246,624,3,1,2,120,53,67,30,9,21,217,39,178,7,5,2,84,14,70,11,3,8,398,122,276,0,0,0
123679,Undergraduate students,870,246,624,3,1,2,120,53,67,30,9,21,217,39,178,7,5,2,84,14,70,11,3,8,398,122,276,0,0,0
123800,Total students enrolled for credit,24681,11385,13296,61,24,37,2608,1239,1369,1202,606,596,17018,7551,9467,104,52,52,2391,1192,1199,704,341,363,438,272,166,155,108,47
123800,Undergraduate students,24681,11385,13296,61,24,37,2608,1239,1369,1202,606,596,17018,7551,9467,104,52,52,2391,1192,1199,704,341,363,438,272,166,155,108,47
123855,Total students enrolled for credit,119,112,7,1,0,1,22,22,0,0,0,0,37,36,1,2,2,0,29,25,4,2,2,0,3,3,0,23,22,1
123855,Graduate student,119,112,7,1,0,1,22,22,0,0,0,0,37,36,1,2,2,0,29,25,4,2,2,0,3,3,0,23,22,1
123916,Total students enrolled for credit,116,36,80,0,0,0,3,0,3,10,5,5,8,3,5,0,0,0,73,19,54,1,0,1,21,9,12,0,0,0
123916,Graduate student,116,36,80,0,0,0,3,0,3,10,5,5,8,3,5,0,0,0,73,19,54,1,0,1,21,9,12,0,0,0
123943,Total students enrolled for credit,551,156,395,0,0,0,274,65,209,9,3,6,35,6,29,1,0,1,181,67,114,28,7,21,10,5,5,13,3,10
123943,Graduate student,551,156,395,0,0,0,274,65,209,9,3,6,35,6,29,1,0,1,181,67,114,28,7,21,10,5,5,13,3,10
123952,Total students enrolled for credit,655,399,256,0,0,0,62,35,27,6,3,3,65,43,22,2,1,1,135,89,46,14,11,3,9,4,5,362,213,149
123952,Undergraduate students,288,182,106,0,0,0,42,26,16,2,1,1,45,28,17,1,1,0,42,28,14,5,5,0,1,1,0,150,92,58
123952,Graduate student,367,217,150,0,0,0,20,9,11,4,2,2,20,15,5,1,0,1,93,61,32,9,6,3,8,3,5,212,121,91
123961,Total students enrolled for credit,48866,22761,26105,113,53,60,8235,3638,4597,2874,930,1944,6473,2626,3847,123,57,66,15938,7460,8478,1564,652,912,1966,933,1033,11580,6412,5168
123961,Undergraduate students,20582,10006,10576,25,13,12,4088,1923,2165,890,401,489,2755,1349,1406,45,28,17,7920,3905,4015,1048,433,615,846,442,404,2965,1512,1453
123961,Graduate student,28284,12755,15529,88,40,48,4147,1715,2432,1984,529,1455,3718,1277,2441,78,29,49,8018,3555,4463,516,219,297,1120,491,629,8615,4900,3715
123970,Total students enrolled for credit,962,428,534,1,0,1,92,42,50,70,24,46,213,84,129,5,0,5,427,206,221,62,25,37,50,26,24,42,21,21
123970,Graduate student,962,428,534,1,0,1,92,42,50,70,24,46,213,84,129,5,0,5,427,206,221,62,25,37,50,26,24,42,21,21
124113,Total students enrolled for credit,12184,8447,3737,118,83,35,280,182,98,757,586,171,6785,4770,2015,45,30,15,3813,2557,1256,292,178,114,82,50,32,12,11,1
124113,Undergraduate students,12184,8447,3737,118,83,35,280,182,98,757,586,171,6785,4770,2015,45,30,15,3813,2557,1256,292,178,114,82,50,32,12,11,1
124283,Total students enrolled for credit,461,255,206,2,1,1,56,31,25,51,31,20,24,14,10,15,9,6,191,93,98,11,6,5,45,27,18,66,43,23
124283,Graduate student,461,255,206,2,1,1,56,31,25,51,31,20,24,14,10,15,9,6,191,93,98,11,6,5,45,27,18,66,43,23
124292,Total students enrolled for credit,393,200,193,1,0,1,8,3,5,1,1,0,63,37,26,0,0,0,276,137,139,28,11,17,4,3,1,12,8,4
124292,Undergraduate students,393,200,193,1,0,1,8,3,5,1,1,0,63,37,26,0,0,0,276,137,139,28,11,17,4,3,1,12,8,4
124487,Total students enrolled for credit,265,133,132,3,1,2,6,5,1,91,44,47,33,15,18,7,4,3,104,55,49,21,9,12,0,0,0,0,0,0
124487,Undergraduate students,228,118,110,2,0,2,4,4,0,73,39,34,31,14,17,7,4,3,92,48,44,19,9,10,0,0,0,0,0,0
124487,Graduate student,37,15,22,1,1,0,2,1,1,18,5,13,2,1,1,0,0,0,12,7,5,2,0,2,0,0,0,0,0,0
124681,Total students enrolled for credit,1058,310,748,2,0,2,3,1,2,83,30,53,952,277,675,2,0,2,8,2,6,8,0,8,0,0,0,0,0,0
124681,Undergraduate students,1058,310,748,2,0,2,3,1,2,83,30,53,952,277,675,2,0,2,8,2,6,8,0,8,0,0,0,0,0,0
124706,Total students enrolled for credit,1119,221,898,8,0,8,60,23,37,141,19,122,524,101,423,17,2,15,250,44,206,27,8,19,92,24,68,0,0,0
124706,Undergraduate students,1119,221,898,8,0,8,60,23,37,141,19,122,524,101,423,17,2,15,250,44,206,27,8,19,92,24,68,0,0,0
124937,Total students enrolled for credit,1089,315,774,3,0,3,125,61,64,47,5,42,720,167,553,17,12,5,106,42,64,16,8,8,55,20,35,0,0,0
124937,Undergraduate students,1089,315,774,3,0,3,125,61,64,47,5,42,720,167,553,17,12,5,106,42,64,16,8,8,55,20,35,0,0,0
125028,Total students enrolled for credit,19121,8430,10691,59,26,33,907,400,507,442,250,192,10972,4741,6231,43,19,24,5563,2452,3111,738,332,406,351,182,169,46,28,18
125028,Undergraduate students,19121,8430,10691,59,26,33,907,400,507,442,250,192,10972,4741,6231,43,19,24,5563,2452,3111,738,332,406,351,182,169,46,28,18
125037,Total students enrolled for credit,122,57,65,0,0,0,3,2,1,9,5,4,40,16,24,1,1,0,55,26,29,4,2,2,10,5,5,0,0,0
125037,Graduate student,122,57,65,0,0,0,3,2,1,9,5,4,40,16,24,1,1,0,55,26,29,4,2,2,10,5,5,0,0,0
125091,Total students enrolled for credit,16325,6941,9384,64,31,33,403,206,197,1929,774,1155,8484,3559,4925,41,21,20,4486,1973,2513,820,332,488,83,39,44,15,6,9
125091,Undergraduate students,16325,6941,9384,64,31,33,403,206,197,1929,774,1155,8484,3559,4925,41,21,20,4486,1973,2513,820,332,488,83,39,44,15,6,9
125170,Total students enrolled for credit,11463,5044,6419,17,8,9,2765,1278,1487,1908,742,1166,2662,1155,1507,45,16,29,2780,1313,1467,601,253,348,484,187,297,201,92,109
125170,Undergraduate students,11463,5044,6419,17,8,9,2765,1278,1487,1908,742,1166,2662,1155,1507,45,16,29,2780,1313,1467,601,253,348,484,187,297,201,92,109
125231,Total students enrolled for credit,84240,20122,64118,458,103,355,2392,630,1762,30950,6307,24643,2278,598,1680,236,57,179,30696,6056,24640,1875,356,1519,13091,5505,7586,2264,510,1754
125231,Undergraduate students,13566,3118,10448,77,20,57,231,76,155,4628,935,3693,315,79,236,47,10,37,4957,948,4009,305,52,253,2751,931,1820,255,67,188
125231,Graduate student,70674,17004,53670,381,83,298,2161,554,1607,26322,5372,20950,1963,519,1444,189,47,142,25739,5108,20631,1570,304,1266,10340,4574,5766,2009,443,1566
125310,Total students enrolled for credit,47,13,34,1,0,1,1,1,0,2,2,0,38,10,28,2,0,2,2,0,2,0,0,0,0,0,0,1,0,1
125310,Undergraduate students,47,13,34,1,0,1,1,1,0,2,2,0,38,10,28,2,0,2,2,0,2,0,0,0,0,0,0,1,0,1
125462,Total students enrolled for credit,5287,2287,3000,33,20,13,171,76,95,283,172,111,3567,1464,2103,23,15,8,983,438,545,79,33,46,87,35,52,61,34,27
125462,Undergraduate students,5287,2287,3000,33,20,13,171,76,95,283,172,111,3567,1464,2103,23,15,8,983,438,545,79,33,46,87,35,52,61,34,27
125471,Total students enrolled for credit,19559,7734,11825,51,18,33,1305,517,788,5278,1961,3317,8309,3168,5141,43,14,29,2679,1146,1533,696,237,459,606,259,347,592,414,178
125471,Undergraduate students,19559,7734,11825,51,18,33,1305,517,788,5278,1961,3317,8309,3168,5141,43,14,29,2679,1146,1533,696,237,459,606,259,347,592,414,178
125499,Total students enrolled for credit,12915,5952,6963,25,16,9,2898,1183,1715,350,174,176,3283,1505,1778,39,22,17,5252,2555,2697,725,320,405,223,117,106,120,60,60
125499,Undergraduate students,12915,5952,6963,25,16,9,2898,1183,1715,350,174,176,3283,1505,1778,39,22,17,5252,2555,2697,725,320,405,223,117,106,120,60,60
125532,Total students enrolled for credit,1921,188,1733,19,2,17,236,40,196,192,16,176,588,50,538,40,5,35,679,53,626,65,6,59,96,15,81,6,1,5
125532,Undergraduate students,1921,188,1733,19,2,17,236,40,196,192,16,176,588,50,538,40,5,35,679,53,626,65,6,59,96,15,81,6,1,5
125718,Total students enrolled for credit,119,109,10,0,0,0,20,20,0,0,0,0,9,8,1,1,1,0,53,48,5,6,4,2,12,10,2,18,18,0
125718,Graduate student,119,109,10,0,0,0,20,20,0,0,0,0,9,8,1,1,1,0,53,48,5,6,4,2,12,10,2,18,18,0
125727,Total students enrolled for credit,1356,536,820,8,2,6,104,45,59,24,12,12,209,76,133,5,2,3,819,323,496,88,27,61,50,17,33,49,32,17
125727,Undergraduate students,1356,536,820,8,2,6,104,45,59,24,12,12,209,76,133,5,2,3,819,323,496,88,27,61,50,17,33,49,32,17
125763,Total students enrolled for credit,2262,941,1321,7,1,6,175,79,96,103,46,57,980,382,598,9,3,6,731,335,396,116,37,79,81,25,56,60,33,27
125763,Undergraduate students,1660,710,950,5,1,4,120,57,63,65,31,34,779,308,471,8,3,5,509,243,266,97,28,69,23,9,14,54,30,24
125763,Graduate student,602,231,371,2,0,2,55,22,33,38,15,23,201,74,127,1,0,1,222,92,130,19,9,10,58,16,42,6,3,3
125897,Total students enrolled for credit,1620,822,798,5,0,5,117,59,58,48,21,27,419,215,204,12,4,8,563,267,296,42,19,23,42,14,28,372,223,149
125897,Undergraduate students,1380,709,671,5,0,5,108,55,53,41,17,24,381,196,185,11,4,7,458,223,235,41,19,22,41,13,28,294,182,112
125897,Graduate student,240,113,127,0,0,0,9,4,5,7,4,3,38,19,19,1,0,1,105,44,61,1,0,1,1,1,0,78,41,37
126012,Total students enrolled for credit,482,117,365,3,0,3,57,15,42,17,2,15,34,12,22,0,0,0,302,74,228,48,10,38,0,0,0,21,4,17
126012,Graduate student,482,117,365,3,0,3,57,15,42,17,2,15,34,12,22,0,0,0,302,74,228,48,10,38,0,0,0,21,4,17
126030,Total students enrolled for credit,394,187,207,2,0,2,59,28,31,36,11,25,130,54,76,0,0,0,154,86,68,2,1,1,2,2,0,9,5,4
126030,Graduate student,394,187,207,2,0,2,59,28,31,36,11,25,130,54,76,0,0,0,154,86,68,2,1,1,2,2,0,9,5,4
126049,Total students enrolled for credit,656,289,367,12,3,9,82,36,46,102,48,54,168,70,98,7,2,5,274,125,149,0,0,0,0,0,0,11,5,6
126049,Graduate student,656,289,367,12,3,9,82,36,46,102,48,54,168,70,98,7,2,5,274,125,149,0,0,0,0,0,0,11,5,6
126076,Total students enrolled for credit,235,235,0,0,0,0,0,0,0,0,0,0,0,0,0,0,0,0,227,227,0,0,0,0,0,0,0,8,8,0
126076,Undergraduate students,235,235,0,0,0,0,0,0,0,0,0,0,0,0,0,0,0,0,227,227,0,0,0,0,0,0,0,8,8,0
126119,Total students enrolled for credit,9486,3742,5744,91,40,51,1433,613,820,323,185,138,3155,1193,1962,39,14,25,3623,1381,2242,618,245,373,200,69,131,4,2,2
126119,Undergraduate students,9486,3742,5744,91,40,51,1433,613,820,323,185,138,3155,1193,1962,39,14,25,3623,1381,2242,618,245,373,200,69,131,4,2,2
126164,Total students enrolled for credit,101,1,100,0,0,0,1,0,1,0,0,0,24,0,24,1,0,1,68,1,67,7,0,7,0,0,0,0,0,0
126164,Undergraduate students,101,1,100,0,0,0,1,0,1,0,0,0,24,0,24,1,0,1,68,1,67,7,0,7,0,0,0,0,0,0
126182,Total students enrolled for credit,4343,1972,2371,56,21,35,39,21,18,247,159,88,976,394,582,17,12,5,2377,1025,1352,130,58,72,468,260,208,33,22,11
126182,Undergraduate students,2478,1340,1138,38,14,24,21,15,6,163,121,42,754,334,420,15,11,4,1112,597,515,87,45,42,263,186,77,25,17,8
126182,Graduate student,1865,632,1233,18,7,11,18,6,12,84,38,46,222,60,162,2,1,1,1265,428,837,43,13,30,205,74,131,8,5,3
126207,Total students enrolled for credit,7966,3301,4665,36,17,19,97,32,65,144,70,74,2545,1020,1525,27,11,16,4785,2010,2775,177,68,109,136,59,77,19,14,5
126207,Undergraduate students,7966,3301,4665,36,17,19,97,32,65,144,70,74,2545,1020,1525,27,11,16,4785,2010,2775,177,68,109,136,59,77,19,14,5
126289,Total students enrolled for credit,14866,6360,8506,82,37,45,570,245,325,463,209,254,2018,787,1231,36,17,19,9964,4269,5695,600,255,345,974,481,493,159,60,99
126289,Undergraduate students,14866,6360,8506,82,37,45,570,245,325,463,209,254,2018,787,1231,36,17,19,9964,4269,5695,600,255,345,974,481,493,159,60,99
126359,Total students enrolled for credit,556,59,497,4,2,2,4,0,4,14,2,12,66,9,57,2,0,2,402,42,360,59,4,55,4,0,4,1,0,1
126359,Undergraduate students,556,59,497,4,2,2,4,0,4,14,2,12,66,9,57,2,0,2,402,42,360,59,4,55,4,0,4,1,0,1
126401,Total students enrolled for credit,319,83,236,5,1,4,4,0,4,114,38,76,33,7,26,7,1,6,110,25,85,25,5,20,21,6,15,0,0,0
126401,Undergraduate students,319,83,236,5,1,4,4,0,4,114,38,76,33,7,26,7,1,6,110,25,85,25,5,20,21,6,15,0,0,0
126562,Total students enrolled for credit,31281,13203,18078,111,37,74,2347,960,1387,1332,582,750,5290,2071,3219,37,12,25,17395,7311,10084,1326,528,798,1595,709,886,1848,993,855
126562,Undergraduate students,19806,8869,10937,57,23,34,1605,679,926,978,436,542,4347,1737,2610,22,9,13,10154,4742,5412,1060,442,618,529,253,276,1054,548,506
126562,Graduate student,11475,4334,7141,54,14,40,742,281,461,354,146,208,943,334,609,15,3,12,7241,2569,4672,266,86,180,1066,456,610,794,445,349
126580,Total students enrolled for credit,16743,7746,8997,60,31,29,540,253,287,616,254,362,2760,1182,1578,43,13,30,10831,5098,5733,1109,469,640,488,239,249,296,207,89
126580,Undergraduate students,14122,6581,7541,53,27,26,459,220,239,522,217,305,2501,1081,1420,41,12,29,9048,4336,4712,1011,422,589,352,173,179,135,93,42
126580,Graduate student,2621,1165,1456,7,4,3,81,33,48,94,37,57,259,101,158,2,1,1,1783,762,1021,98,47,51,136,66,70,161,114,47
126605,Total students enrolled for credit,490,470,20,9,8,1,6,6,0,30,29,1,75,71,4,0,0,0,291,279,12,34,34,0,45,43,2,0,0,0
126605,Undergraduate students,490,470,20,9,8,1,6,6,0,30,29,1,75,71,4,0,0,0,291,279,12,34,34,0,45,43,2,0,0,0
126614,Total students enrolled for credit,37921,21056,16865,107,61,46,1920,991,929,609,347,262,3924,2068,1856,26,13,13,25405,13890,11515,1662,867,795,673,395,278,3595,2424,1171
126614,Undergraduate students,30976,17200,13776,79,46,33,1664,861,803,523,302,221,3459,1850,1609,22,12,10,21175,11647,9528,1513,795,718,267,158,109,2274,1529,745
126614,Graduate student,6945,3856,3089,28,15,13,256,130,126,86,45,41,465,218,247,4,1,3,4230,2243,1987,149,72,77,406,237,169,1321,895,426
126669,Total students enrolled for credit,12234,4552,7682,81,29,52,390,173,217,1124,393,731,1566,532,1034,39,18,21,8125,3061,5064,458,154,304,447,190,257,4,2,2
126669,Undergraduate students,11237,4266,6971,78,29,49,379,168,211,1010,354,656,1454,496,958,37,18,19,7421,2866,4555,426,150,276,428,183,245,4,2,2
126669,Graduate student,997,286,711,3,0,3,11,5,6,114,39,75,112,36,76,2,0,2,704,195,509,32,4,28,19,7,12,0,0,0
126678,Total students enrolled for credit,2533,1087,1446,12,6,6,102,40,62,56,14,42,207,90,117,0,0,0,1613,728,885,199,75,124,154,48,106,190,86,104
126678,Undergraduate students,2450,1076,1374,11,6,5,101,40,61,56,14,42,203,90,113,0,0,0,1567,720,847,198,75,123,127,45,82,187,86,101
126678,Graduate student,83,11,72,1,0,1,1,0,1,0,0,0,4,0,4,0,0,0,46,8,38,1,0,1,27,3,24,3,0,3
126687,Total students enrolled for credit,1158,178,980,17,3,14,57,13,44,248,33,215,359,45,314,5,1,4,392,69,323,25,3,22,55,11,44,0,0,0
126687,Undergraduate students,1158,178,980,17,3,14,57,13,44,248,33,215,359,45,314,5,1,4,392,69,323,25,3,22,55,11,44,0,0,0
126702,Total students enrolled for credit,1177,617,560,13,8,5,27,12,15,75,46,29,257,133,124,3,2,1,490,253,237,27,15,12,250,132,118,35,16,19
126702,Undergraduate students,1177,617,560,13,8,5,27,12,15,75,46,29,257,133,124,3,2,1,490,253,237,27,15,12,250,132,118,35,16,19
126711,Total students enrolled for credit,8339,3659,4680,39,17,22,84,22,62,63,34,29,1447,565,882,6,2,4,5486,2478,3008,208,100,108,956,424,532,50,17,33
126711,Undergraduate students,8339,3659,4680,39,17,22,84,22,62,63,34,29,1447,565,882,6,2,4,5486,2478,3008,208,100,108,956,424,532,50,17,33
126748,Total students enrolled for credit,1678,793,885,15,4,11,13,2,11,40,25,15,174,70,104,4,0,4,1174,526,648,32,9,23,205,142,63,21,15,6
126748,Undergraduate students,1678,793,885,15,4,11,13,2,11,40,25,15,174,70,104,4,0,4,1174,526,648,32,9,23,205,142,63,21,15,6
126775,Total students enrolled for credit,6910,4619,2291,17,11,6,290,175,115,82,54,28,478,309,169,5,2,3,4882,3249,1633,302,196,106,81,52,29,773,571,202
126775,Undergraduate students,4811,3468,1343,11,9,2,230,146,84,56,44,12,354,244,110,4,2,2,3507,2574,933,259,173,86,43,28,15,347,248,99
126775,Graduate student,2099,1151,948,6,2,4,60,29,31,26,10,16,124,65,59,1,0,1,1375,675,700,43,23,20,38,24,14,426,323,103
126784,Total students enrolled for credit,262,258,4,2,2,0,5,5,0,1,1,0,27,27,0,0,0,0,99,97,2,0,0,0,128,126,2,0,0,0
126784,Undergraduate students,262,258,4,2,2,0,5,5,0,1,1,0,27,27,0,0,0,0,99,97,2,0,0,0,128,126,2,0,0,0
126818,Total students enrolled for credit,36966,17628,19338,178,79,99,1094,473,621,885,433,452,3894,1684,2210,44,18,26,26163,12422,13741,1204,486,718,1193,594,599,2311,1439,872
126818,Undergraduate students,28404,13553,14851,144,63,81,795,328,467,712,345,367,3337,1470,1867,40,17,23,20546,9879,10667,1000,405,595,751,391,360,1079,655,424
126818,Graduate student,8562,4075,4487,34,16,18,299,145,154,173,88,85,557,214,343,4,1,3,5617,2543,3074,204,81,123,442,203,239,1232,784,448
126827,Total students enrolled for credit,44374,16784,27590,498,187,311,572,326,246,14170,4464,9706,1934,844,1090,242,102,140,17398,7362,10036,1791,656,1135,7755,2836,4919,14,7,7
126827,Undergraduate students,39671,14615,25056,461,174,287,319,160,159,12590,3884,8706,1701,731,970,217,87,130,15647,6455,9192,1608,587,1021,7116,2531,4585,12,6,6
126827,Graduate student,4703,2169,2534,37,13,24,253,166,87,1580,580,1000,233,113,120,25,15,10,1751,907,844,183,69,114,639,305,334,2,1,1
126863,Total students enrolled for credit,11015,4565,6450,56,29,27,627,281,346,2102,784,1318,2744,996,1748,41,15,26,3906,1814,2092,574,240,334,534,234,300,431,172,259
126863,Undergraduate students,11015,4565,6450,56,29,27,627,281,346,2102,784,1318,2744,996,1748,41,15,26,3906,1814,2092,574,240,334,534,234,300,431,172,259
126872,Total students enrolled for credit,265,39,226,5,0,5,6,1,5,37,8,29,85,12,73,2,0,2,73,13,60,47,4,43,10,1,9,0,0,0
126872,Undergraduate students,265,39,226,5,0,5,6,1,5,37,8,29,85,12,73,2,0,2,73,13,60,47,4,43,10,1,9,0,0,0
126915,Total students enrolled for credit,408,99,309,4,2,2,2,0,2,3,1,2,81,27,54,1,1,0,291,60,231,8,4,4,18,4,14,0,0,0
126915,Undergraduate students,408,99,309,4,2,2,2,0,2,3,1,2,81,27,54,1,1,0,291,60,231,8,4,4,18,4,14,0,0,0
126942,Total students enrolled for credit,13034,5656,7378,109,39,70,639,273,366,1386,599,787,3952,1533,2419,29,15,14,4344,1959,2385,544,245,299,1038,513,525,993,480,513
126942,Undergraduate students,13034,5656,7378,109,39,70,639,273,366,1386,599,787,3952,1533,2419,29,15,14,4344,1959,2385,544,245,299,1038,513,525,993,480,513
126951,Total students enrolled for credit,1549,1461,88,19,14,5,19,17,2,80,75,5,436,417,19,5,5,0,660,618,42,62,58,4,267,256,11,1,1,0
126951,Undergraduate students,1549,1461,88,19,14,5,19,17,2,80,75,5,436,417,19,5,5,0,660,618,42,62,58,4,267,256,11,1,1,0
126979,Total students enrolled for credit,991,527,464,1,1,0,45,33,12,59,31,28,40,22,18,2,1,1,820,428,392,9,4,5,12,5,7,3,2,1
126979,Graduate student,991,527,464,1,1,0,45,33,12,59,31,28,40,22,18,2,1,1,820,428,392,9,4,5,12,5,7,3,2,1
127060,Total students enrolled for credit,13404,5777,7627,54,23,31,476,181,295,504,207,297,1294,486,808,11,6,5,9002,3906,5096,441,163,278,419,172,247,1203,633,570
127060,Undergraduate students,6080,2837,3243,16,7,9,261,98,163,127,48,79,594,248,346,4,1,3,4160,1973,2187,211,83,128,170,72,98,537,307,230
127060,Graduate student,7324,2940,4384,38,16,22,215,83,132,377,159,218,700,238,462,7,5,2,4842,1933,2909,230,80,150,249,100,149,666,326,340
127158,Total students enrolled for credit,5823,4584,1239,83,66,17,97,56,41,346,227,119,1708,1180,528,22,19,3,3081,2712,369,182,143,39,191,128,63,113,53,60
127158,Undergraduate students,5823,4584,1239,83,66,17,97,56,41,346,227,119,1708,1180,528,22,19,3,3081,2712,369,182,143,39,191,128,63,113,53,60
127185,Total students enrolled for credit,3936,1980,1956,1010,431,579,25,10,15,41,29,12,433,209,224,6,2,4,1961,1050,911,294,141,153,132,87,45,34,21,13
127185,Undergraduate students,3925,1976,1949,1007,431,576,25,10,15,41,29,12,433,209,224,6,2,4,1953,1046,907,294,141,153,132,87,45,34,21,13
127185,Graduate student,11,4,7,3,0,3,0,0,0,0,0,0,0,0,0,0,0,0,8,4,4,0,0,0,0,0,0,0,0,0
127200,Total students enrolled for credit,28224,12302,15922,166,67,99,1032,435,597,479,242,237,4783,1855,2928,69,36,33,18514,8145,10369,1018,451,567,1458,713,745,705,358,347
127200,Undergraduate students,28224,12302,15922,166,67,99,1032,435,597,479,242,237,4783,1855,2928,69,36,33,18514,8145,10369,1018,451,567,1458,713,745,705,358,347
127219,Total students enrolled for credit,40,2,38,0,0,0,1,0,1,1,0,1,15,0,15,0,0,0,23,2,21,0,0,0,0,0,0,0,0,0
127219,Undergraduate students,40,2,38,0,0,0,1,0,1,1,0,1,15,0,15,0,0,0,23,2,21,0,0,0,0,0,0,0,0,0
127228,Total students enrolled for credit,140,12,128,2,0,2,0,0,0,2,1,1,14,2,12,0,0,0,105,6,99,14,2,12,3,1,2,0,0,0
127228,Undergraduate students,140,12,128,2,0,2,0,0,0,2,1,1,14,2,12,0,0,0,105,6,99,14,2,12,3,1,2,0,0,0
127273,Total students enrolled for credit,316,132,184,8,2,6,5,2,3,23,12,11,15,8,7,2,1,1,254,101,153,5,3,2,3,3,0,1,0,1
127273,Graduate student,316,132,184,8,2,6,5,2,3,23,12,11,15,8,7,2,1,1,254,101,153,5,3,2,3,3,0,1,0,1
127316,Total students enrolled for credit,443,77,366,4,1,3,16,2,14,103,38,65,87,19,68,3,2,1,221,14,207,8,1,7,0,0,0,1,0,1
127316,Undergraduate students,443,77,366,4,1,3,16,2,14,103,38,65,87,19,68,3,2,1,221,14,207,8,1,7,0,0,0,1,0,1
127389,Total students enrolled for credit,1026,457,569,9,3,6,2,2,0,46,37,9,243,107,136,2,1,1,613,247,366,34,16,18,22,15,7,55,29,26
127389,Undergraduate students,1026,457,569,9,3,6,2,2,0,46,37,9,243,107,136,2,1,1,613,247,366,34,16,18,22,15,7,55,29,26
127556,Total students enrolled for credit,11044,5061,5983,83,33,50,170,73,97,251,168,83,1973,867,1106,58,25,33,7670,3489,4181,429,198,231,309,145,164,101,63,38
127556,Undergraduate students,10851,5012,5839,80,33,47,167,72,95,251,168,83,1958,865,1093,56,25,31,7513,3448,4065,428,198,230,302,142,160,96,61,35
127556,Graduate student,193,49,144,3,0,3,3,1,2,0,0,0,15,2,13,2,0,2,157,41,116,1,0,1,7,3,4,5,2,3
127565,Total students enrolled for credit,25082,11484,13598,146,70,76,983,462,521,1623,777,846,5866,2478,3388,71,27,44,14364,6716,7648,1059,466,593,821,405,416,149,83,66
127565,Undergraduate students,24430,11307,13123,141,66,75,957,455,502,1589,764,825,5800,2466,3334,69,27,42,13868,6582,7286,1043,463,580,817,402,415,146,82,64
127565,Graduate student,652,177,475,5,4,1,26,7,19,34,13,21,66,12,54,2,0,2,496,134,362,16,3,13,4,3,1,3,1,2
127617,Total students enrolled for credit,1938,644,1294,12,5,7,10,1,9,55,26,29,446,133,313,1,0,1,1233,410,823,37,11,26,115,48,67,29,10,19
127617,Undergraduate students,1938,644,1294,12,5,7,10,1,9,55,26,29,446,133,313,1,0,1,1233,410,823,37,11,26,115,48,67,29,10,19
127653,Total students enrolled for credit,1103,350,753,9,4,5,18,7,11,17,5,12,97,20,77,1,1,0,739,231,508,78,32,46,110,39,71,34,11,23
127653,Undergraduate students,485,170,315,3,2,1,7,3,4,9,4,5,44,10,34,0,0,0,294,104,190,45,19,26,70,23,47,13,5,8
127653,Graduate student,618,180,438,6,2,4,11,4,7,8,1,7,53,10,43,1,1,0,445,127,318,33,13,20,40,16,24,21,6,15
127680,Total students enrolled for credit,335,158,177,3,0,3,13,9,4,73,36,37,53,28,25,4,4,0,160,70,90,4,1,3,22,9,13,3,1,2
127680,Undergraduate students,335,158,177,3,0,3,13,9,4,73,36,37,53,28,25,4,4,0,160,70,90,4,1,3,22,9,13,3,1,2
127714,Total students enrolled for credit,1200,707,493,11,7,4,29,11,18,90,48,42,108,60,48,5,3,2,918,555,363,39,23,16,0,0,0,0,0,0
127714,Undergraduate students,1200,707,493,11,7,4,29,11,18,90,48,42,108,60,48,5,3,2,918,555,363,39,23,16,0,0,0,0,0,0
127732,Total students enrolled for credit,2285,950,1335,16,10,6,19,9,10,70,48,22,272,118,154,3,0,3,1671,651,1020,55,27,28,126,49,77,53,38,15
127732,Undergraduate students,2285,950,1335,16,10,6,19,9,10,70,48,22,272,118,154,3,0,3,1671,651,1020,55,27,28,126,49,77,53,38,15
127741,Total students enrolled for credit,15365,4966,10399,53,14,39,309,84,225,534,218,316,2379,821,1558,25,12,13,9346,2770,6576,532,187,345,1718,656,1062,469,204,265
127741,Undergraduate students,11278,4043,7235,40,10,30,229,68,161,439,188,251,2062,743,1319,24,12,12,6280,2122,4158,450,167,283,1494,603,891,260,130,130
127741,Graduate student,4087,923,3164,13,4,9,80,16,64,95,30,65,317,78,239,1,0,1,3066,648,2418,82,20,62,224,53,171,209,74,135
127778,Total students enrolled for credit,1867,841,1026,13,7,6,20,9,11,75,50,25,564,247,317,3,2,1,996,414,582,60,32,28,96,51,45,40,29,11
127778,Undergraduate students,1867,841,1026,13,7,6,20,9,11,75,50,25,564,247,317,3,2,1,996,414,582,60,32,28,96,51,45,40,29,11
127787,Total students enrolled for credit,243,34,209,7,1,6,4,2,2,13,0,13,85,7,78,0,0,0,79,17,62,12,1,11,43,6,37,0,0,0
127787,Undergraduate students,243,34,209,7,1,6,4,2,2,13,0,13,85,7,78,0,0,0,79,17,62,12,1,11,43,6,37,0,0,0
127820,Total students enrolled for credit,18666,8200,10466,164,64,100,470,174,296,1465,653,812,3054,1226,1828,127,56,71,11228,5117,6111,1105,425,680,882,421,461,171,64,107
127820,Undergraduate students,18666,8200,10466,164,64,100,470,174,296,1465,653,812,3054,1226,1828,127,56,71,11228,5117,6111,1105,425,680,882,421,461,171,64,107
127839,Total students enrolled for credit,405,118,287,0,0,0,4,0,4,36,10,26,68,17,51,2,1,1,256,68,188,34,20,14,5,2,3,0,0,0
127839,Undergraduate students,405,118,287,0,0,0,4,0,4,36,10,26,68,17,51,2,1,1,256,68,188,34,20,14,5,2,3,0,0,0
127884,Total students enrolled for credit,8647,3948,4699,241,94,147,68,22,46,374,257,117,2771,1245,1526,17,6,11,4844,2171,2673,256,113,143,75,39,36,1,1,0
127884,Undergraduate students,8647,3948,4699,241,94,147,68,22,46,374,257,117,2771,1245,1526,17,6,11,4844,2171,2673,256,113,143,75,39,36,1,1,0
127909,Total students enrolled for credit,13644,7042,6602,89,40,49,344,154,190,278,153,125,2182,986,1196,23,17,6,8366,4353,4013,442,231,211,1724,1001,723,196,107,89
127909,Undergraduate students,13644,7042,6602,89,40,49,344,154,190,278,153,125,2182,986,1196,23,17,6,8366,4353,4013,442,231,211,1724,1001,723,196,107,89
127918,Total students enrolled for credit,10901,4180,6721,53,20,33,505,189,316,598,273,325,1632,561,1071,13,7,6,6234,2257,3977,341,122,219,1185,556,629,340,195,145
127918,Undergraduate students,5127,2117,3010,27,11,16,224,74,150,234,111,123,925,306,619,9,4,5,2770,1111,1659,177,71,106,601,347,254,160,82,78
127918,Graduate student,5774,2063,3711,26,9,17,281,115,166,364,162,202,707,255,452,4,3,1,3464,1146,2318,164,51,113,584,209,375,180,113,67
127945,Total students enrolled for credit,1146,372,774,27,5,22,36,7,29,77,30,47,120,41,79,0,0,0,702,231,471,19,8,11,165,50,115,0,0,0
127945,Undergraduate students,1127,366,761,27,5,22,35,7,28,77,30,47,120,41,79,0,0,0,686,226,460,19,8,11,163,49,114,0,0,0
127945,Graduate student,19,6,13,0,0,0,1,0,1,0,0,0,0,0,0,0,0,0,16,5,11,0,0,0,2,1,1,0,0,0
127954,Total students enrolled for credit,83,5,78,1,0,1,4,0,4,1,1,0,7,0,7,0,0,0,70,4,66,0,0,0,0,0,0,0,0,0
127954,Undergraduate students,21,2,19,1,0,1,0,0,0,1,1,0,3,0,3,0,0,0,16,1,15,0,0,0,0,0,0,0,0,0
127954,Graduate student,62,3,59,0,0,0,4,0,4,0,0,0,4,0,4,0,0,0,54,3,51,0,0,0,0,0,0,0,0,0
128106,Total students enrolled for credit,16979,4858,12121,46,21,25,164,65,99,494,256,238,2621,933,1688,26,11,15,8392,2385,6007,382,166,216,4705,918,3787,149,103,46
128106,Undergraduate students,6584,3046,3538,35,19,16,102,53,49,414,239,175,1900,806,1094,19,9,10,3129,1441,1688,328,154,174,545,248,297,112,77,35
128106,Graduate student,10395,1812,8583,11,2,9,62,12,50,80,17,63,721,127,594,7,2,5,5263,944,4319,54,12,42,4160,670,3490,37,26,11
128151,Total students enrolled for credit,1484,753,731,13,3,10,96,48,48,227,102,125,651,308,343,6,3,3,454,267,187,30,19,11,0,0,0,7,3,4
128151,Undergraduate students,1484,753,731,13,3,10,96,48,48,227,102,125,651,308,343,6,3,3,454,267,187,30,19,11,0,0,0,7,3,4
128179,Total students enrolled for credit,1101,903,198,13,8,5,22,18,4,211,169,42,160,135,25,0,0,0,655,543,112,0,0,0,40,30,10,0,0,0
128179,Undergraduate students,1101,903,198,13,8,5,22,18,4,211,169,42,160,135,25,0,0,0,655,543,112,0,0,0,40,30,10,0,0,0
128188,Total students enrolled for credit,1346,593,753,76,63,13,4,1,3,43,26,17,495,219,276,1,1,0,660,259,401,0,0,0,67,24,43,0,0,0
128188,Undergraduate students,1346,593,753,76,63,13,4,1,3,43,26,17,495,219,276,1,1,0,660,259,401,0,0,0,67,24,43,0,0,0
128258,Total students enrolled for credit,2330,1046,1284,28,12,16,16,8,8,47,33,14,978,345,633,7,1,6,953,481,472,42,20,22,248,138,110,11,8,3
128258,Undergraduate students,2330,1046,1284,28,12,16,16,8,8,47,33,14,978,345,633,7,1,6,953,481,472,42,20,22,248,138,110,11,8,3
128328,Total students enrolled for credit,4237,3178,1059,11,9,2,206,149,57,247,187,60,458,324,134,29,22,7,2620,1967,653,313,218,95,302,255,47,51,47,4
128328,Undergraduate students,4237,3178,1059,11,9,2,206,149,57,247,187,60,458,324,134,29,22,7,2620,1967,653,313,218,95,302,255,47,51,47,4
128337,Total students enrolled for credit,152,3,149,4,1,3,2,1,1,4,0,4,62,1,61,0,0,0,65,0,65,5,0,5,10,0,10,0,0,0
128337,Undergraduate students,152,3,149,4,1,3,2,1,1,4,0,4,62,1,61,0,0,0,65,0,65,5,0,5,10,0,10,0,0,0
128391,Total students enrolled for credit,4023,2108,1915,23,14,9,30,13,17,103,64,39,420,211,209,19,7,12,2751,1492,1259,113,60,53,551,237,314,13,10,3
128391,Undergraduate students,3343,1905,1438,21,12,9,27,13,14,95,61,34,385,199,186,19,7,12,2375,1379,996,109,59,50,303,168,135,9,7,2
128391,Graduate student,680,203,477,2,2,0,3,0,3,8,3,5,35,12,23,0,0,0,376,113,263,4,1,3,248,69,179,4,3,1
128498,Total students enrolled for credit,2127,670,1457,8,4,4,13,6,7,739,169,570,332,91,241,2,1,1,768,295,473,25,11,14,207,81,126,33,12,21
128498,Undergraduate students,1620,540,1080,4,2,2,9,4,5,567,132,435,280,81,199,1,1,0,560,232,328,16,8,8,157,70,87,26,10,16
128498,Graduate student,507,130,377,4,2,2,4,2,2,172,37,135,52,10,42,1,0,1,208,63,145,9,3,6,50,11,39,7,2,5
128540,Total students enrolled for credit,147,7,140,0,0,0,0,0,0,8,0,8,12,0,12,0,0,0,95,6,89,0,0,0,32,1,31,0,0,0
128540,Undergraduate students,147,7,140,0,0,0,0,0,0,8,0,8,12,0,12,0,0,0,95,6,89,0,0,0,32,1,31,0,0,0
128577,Total students enrolled for credit,2721,1433,1288,6,3,3,83,38,45,396,258,138,314,197,117,0,0,0,1774,859,915,82,35,47,66,43,23,0,0,0
128577,Undergraduate students,2721,1433,1288,6,3,3,83,38,45,396,258,138,314,197,117,0,0,0,1774,859,915,82,35,47,66,43,23,0,0,0
128586,Total students enrolled for credit,50,50,0,0,0,0,0,0,0,0,0,0,0,0,0,0,0,0,47,47,0,0,0,0,0,0,0,3,3,0
128586,Undergraduate students,50,50,0,0,0,0,0,0,0,0,0,0,0,0,0,0,0,0,47,47,0,0,0,0,0,0,0,3,3,0
128674,Total students enrolled for credit,518,142,376,0,0,0,3,2,1,164,61,103,129,28,101,0,0,0,158,35,123,15,4,11,49,12,37,0,0,0
128674,Undergraduate students,518,142,376,0,0,0,3,2,1,164,61,103,129,28,101,0,0,0,158,35,123,15,4,11,49,12,37,0,0,0
128683,Total students enrolled for credit,685,125,560,4,0,4,11,3,8,133,31,102,102,17,85,0,0,0,336,57,279,51,6,45,48,11,37,0,0,0
128683,Undergraduate students,685,125,560,4,0,4,11,3,8,133,31,102,102,17,85,0,0,0,336,57,279,51,6,45,48,11,37,0,0,0
128744,Total students enrolled for credit,6771,2920,3851,41,8,33,234,109,125,1441,463,978,816,245,571,12,2,10,2153,697,1456,123,44,79,0,0,0,1951,1352,599
128744,Undergraduate students,3406,1242,2164,31,7,24,117,54,63,1150,366,784,678,198,480,8,2,6,819,241,578,103,35,68,0,0,0,500,339,161
128744,Graduate student,3365,1678,1687,10,1,9,117,55,62,291,97,194,138,47,91,4,0,4,1334,456,878,20,9,11,0,0,0,1451,1013,438
128771,Total students enrolled for credit,13930,6956,6974,15,6,9,572,307,265,1544,740,804,1684,796,888,12,5,7,8984,4556,4428,370,181,189,473,240,233,276,125,151
128771,Undergraduate students,10980,5882,5098,13,6,7,467,267,200,1298,651,647,1471,721,750,9,4,5,6874,3772,3102,312,167,145,362,205,157,174,89,85
128771,Graduate student,2950,1074,1876,2,0,2,105,40,65,246,89,157,213,75,138,3,1,2,2110,784,1326,58,14,44,111,35,76,102,36,66
128780,Total students enrolled for credit,2384,783,1601,11,3,8,36,14,22,361,91,270,306,71,235,2,0,2,1248,495,753,50,13,37,350,93,257,20,3,17
128780,Undergraduate students,2313,751,1562,11,3,8,33,14,19,348,87,261,298,67,231,2,0,2,1203,473,730,50,13,37,348,91,257,20,3,17
128780,Graduate student,71,32,39,0,0,0,3,0,3,13,4,9,8,4,4,0,0,0,45,22,23,0,0,0,2,2,0,0,0,0
128896,Total students enrolled for credit,422,102,320,1,0,1,3,1,2,51,15,36,86,16,70,0,0,0,245,60,185,3,1,2,33,9,24,0,0,0
128896,Undergraduate students,422,102,320,1,0,1,3,1,2,51,15,36,86,16,70,0,0,0,245,60,185,3,1,2,33,9,24,0,0,0
128902,Total students enrolled for credit,1928,730,1198,1,1,0,84,21,63,70,43,27,168,62,106,1,0,1,1343,490,853,58,21,37,74,27,47,129,65,64
128902,Undergraduate students,1928,730,1198,1,1,0,84,21,63,70,43,27,168,62,106,1,0,1,1343,490,853,58,21,37,74,27,47,129,65,64
129002,Total students enrolled for credit,451,285,166,1,1,0,5,2,3,119,63,56,87,57,30,0,0,0,211,142,69,27,20,7,1,0,1,0,0,0
129002,Undergraduate students,451,285,166,1,1,0,5,2,3,119,63,56,87,57,30,0,0,0,211,142,69,27,20,7,1,0,1,0,0,0
129020,Total students enrolled for credit,30043,14770,15273,44,18,26,2721,1343,1378,1806,804,1002,2530,1163,1367,21,9,12,16917,8363,8554,758,342,416,1543,753,790,3703,1975,1728
129020,Undergraduate students,20662,10274,10388,32,13,19,2161,1056,1105,1280,592,688,2058,947,1111,14,7,7,12207,6197,6010,590,267,323,970,483,487,1350,712,638
129020,Graduate student,9381,4496,4885,12,5,7,560,287,273,526,212,314,472,216,256,7,2,5,4710,2166,2544,168,75,93,573,270,303,2353,1263,1090
129154,Total students enrolled for credit,5091,929,4162,21,5,16,111,30,81,1188,209,979,1206,212,994,2,0,2,2369,433,1936,115,16,99,65,19,46,14,5,9
129154,Undergraduate students,5091,929,4162,21,5,16,111,30,81,1188,209,979,1206,212,994,2,0,2,2369,433,1936,115,16,99,65,19,46,14,5,9
129181,Total students enrolled for credit,1174,1096,78,4,4,0,12,12,0,143,132,11,240,226,14,1,1,0,661,616,45,67,61,6,46,44,2,0,0,0
129181,Undergraduate students,1174,1096,78,4,4,0,12,12,0,143,132,11,240,226,14,1,1,0,661,616,45,67,61,6,46,44,2,0,0,0
129215,Total students enrolled for credit,6068,2673,3395,17,8,9,195,90,105,513,242,271,716,274,442,9,4,5,4014,1798,2216,199,80,119,349,144,205,56,33,23
129215,Undergraduate students,5737,2563,3174,17,8,9,181,87,94,499,236,263,686,269,417,9,4,5,3761,1710,2051,190,76,114,345,143,202,49,30,19
129215,Graduate student,331,110,221,0,0,0,14,3,11,14,6,8,30,5,25,0,0,0,253,88,165,9,4,5,4,1,3,7,3,4
129242,Total students enrolled for credit,5925,2251,3674,3,1,2,135,45,90,195,68,127,455,163,292,4,0,4,4166,1532,2634,84,37,47,555,233,322,328,172,156
129242,Undergraduate students,4511,1802,2709,3,1,2,98,33,65,119,47,72,334,141,193,4,0,4,3238,1265,1973,63,27,36,507,220,287,145,68,77
129242,Graduate student,1414,449,965,0,0,0,37,12,25,76,21,55,121,22,99,0,0,0,928,267,661,21,10,11,48,13,35,183,104,79
129349,Total students enrolled for credit,243,15,228,0,0,0,0,0,0,39,2,37,29,5,24,1,0,1,155,7,148,1,0,1,18,1,17,0,0,0
129349,Undergraduate students,243,15,228,0,0,0,0,0,0,39,2,37,29,5,24,1,0,1,155,7,148,1,0,1,18,1,17,0,0,0
129367,Total students enrolled for credit,4950,1495,3455,6,3,3,256,103,153,1715,502,1213,1207,321,886,4,2,2,1235,424,811,94,26,68,430,114,316,3,0,3
129367,Undergraduate students,4950,1495,3455,6,3,3,256,103,153,1715,502,1213,1207,321,886,4,2,2,1235,424,811,94,26,68,430,114,316,3,0,3
129428,Total students enrolled for credit,143,105,38,0,0,0,11,9,2,2,2,0,3,3,0,0,0,0,115,83,32,0,0,0,11,7,4,1,1,0
129428,Graduate student,143,105,38,0,0,0,11,9,2,2,2,0,3,3,0,0,0,0,115,83,32,0,0,0,11,7,4,1,1,0
129482,Total students enrolled for credit,646,91,555,2,0,2,10,4,6,163,32,131,301,27,274,1,0,1,103,17,86,21,7,14,45,4,41,0,0,0
129482,Undergraduate students,646,91,555,2,0,2,10,4,6,163,32,131,301,27,274,1,0,1,103,17,86,21,7,14,45,4,41,0,0,0
129491,Total students enrolled for credit,177,83,94,0,0,0,6,1,5,37,22,15,2,1,1,0,0,0,97,41,56,3,3,0,25,11,14,7,4,3
129491,Graduate student,177,83,94,0,0,0,6,1,5,37,22,15,2,1,1,0,0,0,97,41,56,3,3,0,25,11,14,7,4,3
129525,Total students enrolled for credit,8644,4072,4572,18,7,11,359,179,180,1028,457,571,834,348,486,8,6,2,4520,2063,2457,207,82,125,1384,746,638,286,184,102
129525,Undergraduate students,6259,3110,3149,17,7,10,230,112,118,881,399,482,688,286,402,5,5,0,3129,1517,1612,177,71,106,959,591,368,173,122,51
129525,Graduate student,2385,962,1423,1,0,1,129,67,62,147,58,89,146,62,84,3,1,2,1391,546,845,30,11,19,425,155,270,113,62,51
129534,Total students enrolled for credit,640,432,208,0,0,0,22,15,7,4,1,3,69,48,21,0,0,0,345,232,113,12,6,6,28,15,13,160,115,45
129534,Undergraduate students,174,98,76,0,0,0,8,4,4,1,1,0,32,23,9,0,0,0,86,54,32,5,3,2,8,3,5,34,10,24
129534,Graduate student,466,334,132,0,0,0,14,11,3,3,0,3,37,25,12,0,0,0,259,178,81,7,3,4,20,12,8,126,105,21
129543,Total students enrolled for credit,7105,2812,4293,6,2,4,238,112,126,2129,759,1370,2164,850,1314,13,7,6,2286,977,1309,122,47,75,125,51,74,22,7,15
129543,Undergraduate students,7105,2812,4293,6,2,4,238,112,126,2129,759,1370,2164,850,1314,13,7,6,2286,977,1309,122,47,75,125,51,74,22,7,15
129695,Total students enrolled for credit,9781,4454,5327,24,8,16,510,244,266,1614,721,893,1770,788,982,12,6,6,5066,2341,2725,227,105,122,545,238,307,13,3,10
129695,Undergraduate students,9781,4454,5327,24,8,16,510,244,266,1614,721,893,1770,788,982,12,6,6,5066,2341,2725,227,105,122,545,238,307,13,3,10
129729,Total students enrolled for credit,9076,3865,5211,23,9,14,280,133,147,944,355,589,2466,999,1467,17,6,11,4715,2112,2603,193,67,126,406,174,232,32,10,22
129729,Undergraduate students,9076,3865,5211,23,9,14,280,133,147,944,355,589,2466,999,1467,17,6,11,4715,2112,2603,193,67,126,406,174,232,32,10,22
129756,Total students enrolled for credit,4101,1666,2435,8,5,3,149,58,91,387,166,221,721,264,457,2,1,1,2616,1074,1542,103,40,63,113,58,55,2,0,2
129756,Undergraduate students,4101,1666,2435,8,5,3,149,58,91,387,166,221,721,264,457,2,1,1,2616,1074,1542,103,40,63,113,58,55,2,0,2
129774,Total students enrolled for credit,734,423,311,14,4,10,9,1,8,96,57,39,84,49,35,2,1,1,352,201,151,19,11,8,155,96,59,3,3,0
129774,Undergraduate students,734,423,311,14,4,10,9,1,8,96,57,39,84,49,35,2,1,1,352,201,151,19,11,8,155,96,59,3,3,0
129808,Total students enrolled for credit,5656,2350,3306,49,17,32,231,92,139,496,215,281,898,382,516,21,11,10,3527,1435,2092,243,107,136,176,85,91,15,6,9
129808,Undergraduate students,5656,2350,3306,49,17,32,231,92,139,496,215,281,898,382,516,21,11,10,3527,1435,2092,243,107,136,176,85,91,15,6,9
129923,Total students enrolled for credit,765,295,470,1,0,1,7,2,5,161,41,120,221,73,148,0,0,0,280,149,131,83,28,55,11,2,9,1,0,1
129923,Undergraduate students,765,295,470,1,0,1,7,2,5,161,41,120,221,73,148,0,0,0,280,149,131,83,28,55,11,2,9,1,0,1
129932,Total students enrolled for credit,983,913,70,0,0,0,4,4,0,292,267,25,330,310,20,0,0,0,310,286,24,0,0,0,47,46,1,0,0,0
129932,Undergraduate students,983,913,70,0,0,0,4,4,0,292,267,25,330,310,20,0,0,0,310,286,24,0,0,0,47,46,1,0,0,0
129941,Total students enrolled for credit,7591,3893,3698,18,4,14,231,115,116,793,329,464,607,235,372,11,5,6,4187,2083,2104,115,39,76,473,219,254,1156,864,292
129941,Undergraduate students,5291,2650,2641,11,2,9,160,79,81,577,256,321,518,207,311,9,4,5,3180,1558,1622,79,28,51,349,159,190,408,357,51
129941,Graduate student,2300,1243,1057,7,2,5,71,36,35,216,73,143,89,28,61,2,1,1,1007,525,482,36,11,25,124,60,64,748,507,241
129969,Total students enrolled for credit,354,84,270,0,0,0,2,0,2,78,24,54,77,19,58,0,0,0,175,35,140,16,3,13,6,3,3,0,0,0
129969,Undergraduate students,354,84,270,0,0,0,2,0,2,78,24,54,77,19,58,0,0,0,175,35,140,16,3,13,6,3,3,0,0,0
130004,Total students enrolled for credit,8221,3471,4750,10,4,6,416,185,231,1315,509,806,2765,1098,1667,14,4,10,3066,1427,1639,119,46,73,365,171,194,151,27,124
130004,Undergraduate students,8221,3471,4750,10,4,6,416,185,231,1315,509,806,2765,1098,1667,14,4,10,3066,1427,1639,119,46,73,365,171,194,151,27,124
130040,Total students enrolled for credit,1908,613,1295,1,1,0,38,17,21,45,16,29,175,62,113,2,0,2,1532,482,1050,40,11,29,75,24,51,0,0,0
130040,Undergraduate students,1908,613,1295,1,1,0,38,17,21,45,16,29,175,62,113,2,0,2,1532,482,1050,40,11,29,75,24,51,0,0,0
130110,Total students enrolled for credit,116,37,79,0,0,0,2,0,2,6,2,4,18,6,12,0,0,0,78,24,54,4,2,2,8,3,5,0,0,0
130110,Undergraduate students,116,37,79,0,0,0,2,0,2,6,2,4,18,6,12,0,0,0,78,24,54,4,2,2,8,3,5,0,0,0
130174,Total students enrolled for credit,4025,2664,1361,26,19,7,59,48,11,757,460,297,1054,642,412,9,6,3,1793,1278,515,256,156,100,71,55,16,0,0,0
130174,Undergraduate students,4025,2664,1361,26,19,7,59,48,11,757,460,297,1054,642,412,9,6,3,1793,1278,515,256,156,100,71,55,16,0,0,0
130183,Total students enrolled for credit,15247,5926,9321,121,38,83,147,73,74,4032,1259,2773,1067,424,643,69,36,33,6161,2254,3907,904,321,583,2632,1449,1183,114,72,42
130183,Undergraduate students,14094,5484,8610,118,35,83,130,62,68,3841,1201,2640,990,399,591,68,36,32,5646,2086,3560,865,310,555,2325,1285,1040,111,70,41
130183,Graduate student,1153,442,711,3,3,0,17,11,6,191,58,133,77,25,52,1,0,1,515,168,347,39,11,28,307,164,143,3,2,1
130217,Total students enrolled for credit,2041,872,1169,5,1,4,31,13,18,67,47,20,333,126,207,4,3,1,1498,627,871,44,22,22,58,32,26,1,1,0
130217,Undergraduate students,2041,872,1169,5,1,4,31,13,18,67,47,20,333,126,207,4,3,1,1498,627,871,44,22,22,58,32,26,1,1,0
130226,Total students enrolled for credit,11330,4311,7019,13,1,12,382,136,246,569,197,372,892,350,542,2,2,0,8315,3082,5233,438,179,259,543,268,275,176,96,80
130226,Undergraduate students,7704,3038,4666,9,1,8,234,85,149,362,147,215,670,272,398,0,0,0,5689,2209,3480,396,160,236,215,95,120,129,69,60
130226,Graduate student,3626,1273,2353,4,0,4,148,51,97,207,50,157,222,78,144,2,2,0,2626,873,1753,42,19,23,328,173,155,47,27,20
130253,Total students enrolled for credit,9870,3259,6611,12,6,6,245,63,182,509,185,324,833,296,537,7,1,6,6656,2016,4640,156,65,91,815,258,557,637,369,268
130253,Undergraduate students,5937,2157,3780,6,4,2,134,39,95,265,126,139,571,210,361,5,1,4,4208,1473,2735,113,54,59,558,198,360,77,52,25
130253,Graduate student,3933,1102,2831,6,2,4,111,24,87,244,59,185,262,86,176,2,0,2,2448,543,1905,43,11,32,257,60,197,560,317,243
130314,Total students enrolled for credit,3054,398,2656,3,0,3,166,36,130,318,35,283,308,31,277,5,0,5,1776,227,1549,48,6,42,401,54,347,29,9,20
130314,Undergraduate students,1023,39,984,2,0,2,49,0,49,150,5,145,150,3,147,2,0,2,531,22,509,12,1,11,118,8,110,9,0,9
130314,Graduate student,2031,359,1672,1,0,1,117,36,81,168,30,138,158,28,130,3,0,3,1245,205,1040,36,5,31,283,46,237,20,9,11
130396,Total students enrolled for credit,10319,4261,6058,7,2,5,387,179,208,2486,934,1552,2459,961,1498,9,3,6,4170,1813,2357,275,110,165,430,208,222,96,51,45
130396,Undergraduate students,10319,4261,6058,7,2,5,387,179,208,2486,934,1552,2459,961,1498,9,3,6,4170,1813,2357,275,110,165,430,208,222,96,51,45
130448,Total students enrolled for credit,872,132,740,2,0,2,19,3,16,127,18,109,123,22,101,0,0,0,397,54,343,0,0,0,204,35,169,0,0,0
130448,Undergraduate students,872,132,740,2,0,2,19,3,16,127,18,109,123,22,101,0,0,0,397,54,343,0,0,0,204,35,169,0,0,0
130493,Total students enrolled for credit,11978,4334,7644,32,11,21,366,147,219,1809,675,1134,1483,521,962,5,1,4,6963,2473,4490,388,153,235,845,317,528,87,36,51
130493,Undergraduate students,9043,3541,5502,27,9,18,310,134,176,1524,589,935,1300,465,835,4,1,3,4888,1930,2958,336,137,199,606,253,353,48,23,25
130493,Graduate student,2935,793,2142,5,2,3,56,13,43,285,86,199,183,56,127,1,0,1,2075,543,1532,52,16,36,239,64,175,39,13,26
130509,Total students enrolled for credit,968,69,899,1,0,1,6,1,5,540,44,496,185,12,173,1,0,1,187,10,177,36,1,35,12,1,11,0,0,0
130509,Undergraduate students,968,69,899,1,0,1,6,1,5,540,44,496,185,12,173,1,0,1,187,10,177,36,1,35,12,1,11,0,0,0
130581,Total students enrolled for credit,127,40,87,0,0,0,25,9,16,12,3,9,8,4,4,0,0,0,69,19,50,0,0,0,11,5,6,2,0,2
130581,Graduate student,127,40,87,0,0,0,25,9,16,12,3,9,8,4,4,0,0,0,69,19,50,0,0,0,11,5,6,2,0,2
130590,Total students enrolled for credit,2517,1255,1262,3,1,2,87,37,50,153,76,77,183,88,95,0,0,0,1631,827,804,64,29,35,154,69,85,242,128,114
130590,Undergraduate students,2401,1204,1197,3,1,2,85,36,49,140,69,71,177,86,91,0,0,0,1540,786,754,61,29,32,153,69,84,242,128,114
130590,Graduate student,116,51,65,0,0,0,2,1,1,13,7,6,6,2,4,0,0,0,91,41,50,3,0,3,1,0,1,0,0,0
130606,Total students enrolled for credit,5550,2474,3076,8,4,4,261,113,148,398,194,204,988,394,594,4,1,3,3568,1633,1935,109,35,74,191,96,95,23,4,19
130606,Undergraduate students,5550,2474,3076,8,4,4,261,113,148,398,194,204,988,394,594,4,1,3,3568,1633,1935,109,35,74,191,96,95,23,4,19
130624,Total students enrolled for credit,896,520,376,1,1,0,8,4,4,12,11,1,18,9,9,0,0,0,744,435,309,11,7,4,94,47,47,8,6,2
130624,Undergraduate students,896,520,376,1,1,0,8,4,4,12,11,1,18,9,9,0,0,0,744,435,309,11,7,4,94,47,47,8,6,2
130697,Total students enrolled for credit,3403,1542,1861,4,1,3,247,97,150,216,91,125,329,144,185,5,4,1,1877,890,987,177,65,112,158,54,104,390,196,194
130697,Undergraduate students,3123,1419,1704,3,1,2,230,90,140,207,88,119,313,138,175,5,4,1,1718,818,900,170,64,106,144,49,95,333,167,166
130697,Graduate student,280,123,157,1,0,1,17,7,10,9,3,6,16,6,10,0,0,0,159,72,87,7,1,6,14,5,9,57,29,28
130776,Total students enrolled for credit,6853,3130,3723,10,4,6,310,144,166,696,322,374,1115,455,660,7,5,2,4142,1946,2196,193,101,92,368,149,219,12,4,8
130776,Undergraduate students,6179,2933,3246,7,2,5,287,138,149,638,309,329,1057,439,618,6,4,2,3657,1805,1852,186,97,89,330,135,195,11,4,7
130776,Graduate student,674,197,477,3,2,1,23,6,17,58,13,45,58,16,42,1,1,0,485,141,344,7,4,3,38,14,24,1,0,1
130794,Total students enrolled for credit,13613,6765,6848,44,18,26,1713,761,952,738,361,377,1127,556,571,14,5,9,5881,3038,2843,567,246,321,338,149,189,3191,1631,1560
130794,Undergraduate students,6483,3195,3288,33,11,22,979,428,551,400,212,188,692,330,362,4,1,3,2611,1419,1192,326,142,184,218,93,125,1220,559,661
130794,Graduate student,7130,3570,3560,11,7,4,734,333,401,338,149,189,435,226,209,10,4,6,3270,1619,1651,241,104,137,120,56,64,1971,1072,899
130837,Total students enrolled for credit,53,9,44,0,0,0,3,1,2,5,2,3,4,1,3,0,0,0,40,5,35,0,0,0,1,0,1,0,0,0
130837,Undergraduate students,53,9,44,0,0,0,3,1,2,5,2,3,4,1,3,0,0,0,40,5,35,0,0,0,1,0,1,0,0,0
130873,Total students enrolled for credit,627,33,594,5,0,5,10,1,9,296,22,274,82,5,77,0,0,0,194,3,191,40,2,38,0,0,0,0,0,0
130873,Undergraduate students,627,33,594,5,0,5,10,1,9,296,22,274,82,5,77,0,0,0,194,3,191,40,2,38,0,0,0,0,0,0
130907,Total students enrolled for credit,19385,7203,12182,93,29,64,643,280,363,5007,1743,3264,2030,734,1296,27,13,14,10175,3863,6312,607,194,413,525,227,298,278,120,158
130907,Undergraduate students,19385,7203,12182,93,29,64,643,280,363,5007,1743,3264,2030,734,1296,27,13,14,10175,3863,6312,607,194,413,525,227,298,278,120,158
130934,Total students enrolled for credit,5162,2058,3104,9,1,8,58,25,33,3181,1191,1990,319,115,204,3,1,2,517,203,314,223,60,163,676,385,291,176,77,99
130934,Undergraduate students,4770,1887,2883,9,1,8,46,19,27,2977,1107,1870,294,103,191,3,1,2,430,167,263,210,56,154,675,384,291,126,49,77
130934,Graduate student,392,171,221,0,0,0,12,6,6,204,84,120,25,12,13,0,0,0,87,36,51,13,4,9,1,1,0,50,28,22
130943,Total students enrolled for credit,24855,10874,13981,25,14,11,1259,576,683,1494,638,856,1707,699,1008,18,6,12,16767,7083,9684,695,277,418,505,212,293,2385,1369,1016
130943,Undergraduate students,20550,8786,11764,20,10,10,1077,502,575,1264,550,714,1565,637,928,16,5,11,14648,6167,8481,625,243,382,415,171,244,920,501,419
130943,Graduate student,4305,2088,2217,5,4,1,182,74,108,230,88,142,142,62,80,2,1,1,2119,916,1203,70,34,36,90,41,49,1465,868,597
130989,Total students enrolled for credit,2347,1069,1278,2,0,2,77,39,38,254,108,146,62,26,36,0,0,0,481,216,265,46,17,29,15,7,8,1410,656,754
130989,Undergraduate students,774,339,435,2,0,2,35,15,20,210,86,124,50,20,30,0,0,0,354,155,199,45,17,28,9,4,5,69,42,27
130989,Graduate student,1573,730,843,0,0,0,42,24,18,44,22,22,12,6,6,0,0,0,127,61,66,1,0,1,6,3,3,1341,614,727
131061,Total students enrolled for credit,191,8,183,0,0,0,0,0,0,44,0,44,19,1,18,0,0,0,115,7,108,13,0,13,0,0,0,0,0,0
131061,Undergraduate students,191,8,183,0,0,0,0,0,0,44,0,44,19,1,18,0,0,0,115,7,108,13,0,13,0,0,0,0,0,0
131098,Total students enrolled for credit,1701,771,930,5,2,3,26,8,18,639,293,346,97,49,48,8,2,6,606,243,363,78,37,41,235,133,102,7,4,3
131098,Undergraduate students,1591,737,854,4,1,3,19,6,13,615,286,329,93,48,45,8,2,6,543,224,319,75,36,39,230,131,99,4,3,1
131098,Graduate student,110,34,76,1,1,0,7,2,5,24,7,17,4,1,3,0,0,0,63,19,44,3,1,2,5,2,3,3,1,2
131113,Total students enrolled for credit,20721,7604,13117,261,96,165,402,175,227,4901,1442,3459,505,177,328,47,15,32,9700,3247,6453,24,9,15,2405,760,1645,2476,1683,793
131113,Undergraduate students,11867,4134,7733,186,73,113,250,121,129,3078,958,2120,388,133,255,33,12,21,6094,2154,3940,10,4,6,1497,498,999,331,181,150
131113,Graduate student,8854,3470,5384,75,23,52,152,54,98,1823,484,1339,117,44,73,14,3,11,3606,1093,2513,14,5,9,908,262,646,2145,1502,643
131159,Total students enrolled for credit,14971,5732,9239,47,19,28,875,288,587,1332,414,918,1574,549,1025,13,6,7,7392,2996,4396,542,171,371,1450,559,891,1746,730,1016
131159,Undergraduate students,8606,3250,5356,22,6,16,521,167,354,580,165,415,1009,336,673,4,1,3,4691,1859,2832,381,118,263,448,181,267,950,417,533
131159,Graduate student,6365,2482,3883,25,13,12,354,121,233,752,249,503,565,213,352,9,5,4,2701,1137,1564,161,53,108,1002,378,624,796,313,483
131283,Total students enrolled for credit,6523,2984,3539,12,5,7,217,83,134,600,188,412,620,268,352,3,2,1,3752,1728,2024,315,134,181,427,216,211,577,360,217
131283,Undergraduate students,3323,1518,1805,7,2,5,121,47,74,184,89,95,428,178,250,2,1,1,2139,978,1161,163,72,91,106,44,62,173,107,66
131283,Graduate student,3200,1466,1734,5,3,2,96,36,60,416,99,317,192,90,102,1,1,0,1613,750,863,152,62,90,321,172,149,404,253,151
131399,Total students enrolled for credit,5715,2353,3362,14,4,10,110,53,57,3269,1153,2116,603,261,342,5,3,2,331,153,178,144,60,84,584,237,347,655,429,226
131399,Undergraduate students,5242,2197,3045,14,4,10,90,44,46,3050,1079,1971,579,256,323,5,3,2,263,135,128,130,54,76,549,225,324,562,397,165
131399,Graduate student,473,156,317,0,0,0,20,9,11,219,74,145,24,5,19,0,0,0,68,18,50,14,6,8,35,12,23,93,32,61
131405,Total students enrolled for credit,132,92,40,0,0,0,3,0,3,0,0,0,6,4,2,2,2,0,112,78,34,0,0,0,0,0,0,9,8,1
131405,Graduate student,132,92,40,0,0,0,3,0,3,0,0,0,6,4,2,2,2,0,112,78,34,0,0,0,0,0,0,9,8,1
131450,Total students enrolled for credit,1741,713,1028,7,3,4,70,30,40,232,111,121,177,77,100,6,2,4,931,361,570,54,23,31,143,42,101,121,64,57
131450,Undergraduate students,1225,581,644,5,2,3,47,20,27,190,105,85,128,57,71,6,2,4,640,284,356,43,20,23,75,36,39,91,55,36
131450,Graduate student,516,132,384,2,1,1,23,10,13,42,6,36,49,20,29,0,0,0,291,77,214,11,3,8,68,6,62,30,9,21
131469,Total students enrolled for credit,30846,12780,18066,94,41,53,2941,1138,1803,3142,1040,2102,2281,925,1356,51,29,22,14844,6164,8680,854,294,560,1985,822,1163,4654,2327,2327
131469,Undergraduate students,12358,5287,7071,26,18,8,1221,494,727,851,303,548,1100,481,619,17,12,5,6463,2831,3632,438,159,279,826,326,500,1416,663,753
131469,Graduate student,18488,7493,10995,68,23,45,1720,644,1076,2291,737,1554,1181,444,737,34,17,17,8381,3333,5048,416,135,281,1159,496,663,3238,1664,1574
131496,Total students enrolled for credit,21709,9954,11755,31,15,16,1761,748,1013,1618,614,1004,1505,677,828,27,16,11,10991,5312,5679,613,262,351,1427,741,686,3736,1569,2167
131496,Undergraduate students,8194,3605,4589,3,2,1,775,305,470,504,198,306,696,299,397,7,4,3,4304,2008,2296,356,161,195,218,91,127,1331,537,794
131496,Graduate student,13515,6349,7166,28,13,15,986,443,543,1114,416,698,809,378,431,20,12,8,6687,3304,3383,257,101,156,1209,650,559,2405,1032,1373
131520,Total students enrolled for credit,9426,3327,6099,19,5,14,302,137,165,7917,2589,5328,129,59,70,22,7,15,295,130,165,0,0,0,0,0,0,742,400,342
131520,Undergraduate students,6156,2063,4093,12,4,8,77,27,50,5519,1716,3803,42,21,21,17,6,11,89,39,50,0,0,0,0,0,0,400,250,150
131520,Graduate student,3270,1264,2006,7,1,6,225,110,115,2398,873,1525,87,38,49,5,1,4,206,91,115,0,0,0,0,0,0,342,150,192
131803,Total students enrolled for credit,1770,624,1146,9,1,8,20,9,11,1400,483,917,120,40,80,1,0,1,71,36,35,43,12,31,56,21,35,50,22,28
131803,Undergraduate students,1300,442,858,8,1,7,12,6,6,1026,341,685,108,37,71,0,0,0,44,19,25,35,9,26,45,17,28,22,12,10
131803,Graduate student,470,182,288,1,0,1,8,3,5,374,142,232,12,3,9,1,0,1,27,17,10,8,3,5,11,4,7,28,10,18
131830,Total students enrolled for credit,54,29,25,0,0,0,2,1,1,18,9,9,10,7,3,0,0,0,19,9,10,3,2,1,0,0,0,2,1,1
131830,Undergraduate students,54,29,25,0,0,0,2,1,1,18,9,9,10,7,3,0,0,0,19,9,10,3,2,1,0,0,0,2,1,1
131876,Total students enrolled for credit,2338,161,2177,4,0,4,23,4,19,1494,86,1408,354,8,346,1,0,1,78,13,65,38,2,36,332,47,285,14,1,13
131876,Undergraduate students,1728,67,1661,4,0,4,18,3,15,1124,36,1088,327,3,324,1,0,1,25,6,19,30,0,30,193,19,174,6,0,6
131876,Graduate student,610,94,516,0,0,0,5,1,4,370,50,320,27,5,22,0,0,0,53,7,46,8,2,6,139,28,111,8,1,7
131973,Total students enrolled for credit,707,368,339,3,1,2,59,51,8,229,110,119,19,12,7,1,1,0,334,156,178,10,3,7,27,13,14,25,21,4
131973,Graduate student,707,368,339,3,1,2,59,51,8,229,110,119,19,12,7,1,1,0,334,156,178,10,3,7,27,13,14,25,21,4
132268,Total students enrolled for credit,261,248,13,2,1,1,2,2,0,21,19,2,13,13,0,0,0,0,211,202,9,9,8,1,3,3,0,0,0,0
132268,Undergraduate students,261,248,13,2,1,1,2,2,0,21,19,2,13,13,0,0,0,0,211,202,9,9,8,1,3,3,0,0,0,0
132338,Total students enrolled for credit,1306,585,721,4,1,3,11,6,5,185,82,103,411,200,211,3,0,3,154,59,95,10,4,6,370,182,188,158,51,107
132338,Undergraduate students,1306,585,721,4,1,3,11,6,5,185,82,103,411,200,211,3,0,3,154,59,95,10,4,6,370,182,188,158,51,107
132374,Total students enrolled for credit,4373,3497,876,32,29,3,67,51,16,1480,985,495,985,802,183,9,7,2,1626,1494,132,71,55,16,0,0,0,103,74,29
132374,Undergraduate students,4373,3497,876,32,29,3,67,51,16,1480,985,495,985,802,183,9,7,2,1626,1494,132,71,55,16,0,0,0,103,74,29
132408,Total students enrolled for credit,541,325,216,4,3,1,2,1,1,45,28,17,25,11,14,1,1,0,415,247,168,15,6,9,33,27,6,1,1,0
132408,Undergraduate students,516,305,211,4,3,1,2,1,1,42,26,16,24,10,14,1,1,0,395,231,164,15,6,9,32,26,6,1,1,0
132408,Graduate student,25,20,5,0,0,0,0,0,0,3,2,1,1,1,0,0,0,0,20,16,4,0,0,0,1,1,0,0,0,0
132471,Total students enrolled for credit,8679,3149,5530,40,18,22,253,100,153,2335,648,1687,2345,779,1566,23,8,15,2283,1107,1176,136,40,96,723,201,522,541,248,293
132471,Undergraduate students,4191,1708,2483,12,5,7,38,11,27,1287,417,870,1293,480,813,7,3,4,894,519,375,76,23,53,241,82,159,343,168,175
132471,Graduate student,4488,1441,3047,28,13,15,215,89,126,1048,231,817,1052,299,753,16,5,11,1389,588,801,60,17,43,482,119,363,198,80,118
132602,Total students enrolled for credit,4070,1615,2455,3,0,3,5,2,3,3180,1236,1944,118,50,68,2,1,1,67,40,27,82,30,52,526,210,316,87,46,41
132602,Undergraduate students,3911,1555,2356,3,0,3,2,1,1,3058,1190,1868,115,49,66,1,1,0,59,37,22,80,30,50,511,203,308,82,44,38
132602,Graduate student,159,60,99,0,0,0,3,1,2,122,46,76,3,1,2,1,0,1,8,3,5,2,0,2,15,7,8,5,2,3
132657,Total students enrolled for credit,3308,1609,1699,10,5,5,46,16,30,322,128,194,452,214,238,5,1,4,1291,635,656,40,13,27,416,201,215,726,396,330
132657,Undergraduate students,2245,1163,1082,7,4,3,27,12,15,201,88,113,353,168,185,3,1,2,994,508,486,28,8,20,158,96,62,474,278,196
132657,Graduate student,1063,446,617,3,1,2,19,4,15,121,40,81,99,46,53,2,0,2,297,127,170,12,5,7,258,105,153,252,118,134
132675,Total students enrolled for credit,175,66,109,0,0,0,0,0,0,34,9,25,6,4,2,0,0,0,133,52,81,2,1,1,0,0,0,0,0,0
132675,Undergraduate students,175,66,109,0,0,0,0,0,0,34,9,25,6,4,2,0,0,0,133,52,81,2,1,1,0,0,0,0,0,0
132693,Total students enrolled for credit,20775,8559,12216,75,28,47,472,192,280,2247,823,1424,2702,1063,1639,47,16,31,13712,5746,7966,908,375,533,376,173,203,236,143,93
132693,Undergraduate students,20775,8559,12216,75,28,47,472,192,280,2247,823,1424,2702,1063,1639,47,16,31,13712,5746,7966,908,375,533,376,173,203,236,143,93
132709,Total students enrolled for credit,62013,25320,36693,115,48,67,1908,832,1076,20476,7461,13015,21490,9107,12383,153,56,97,11668,5247,6421,1393,577,816,2352,939,1413,2458,1053,1405
132709,Undergraduate students,62013,25320,36693,115,48,67,1908,832,1076,20476,7461,13015,21490,9107,12383,153,56,97,11668,5247,6421,1393,577,816,2352,939,1413,2458,1053,1405
132842,Total students enrolled for credit,1366,302,1064,1,0,1,8,3,5,76,22,54,932,170,762,0,0,0,98,22,76,8,4,4,43,13,30,200,68,132
132842,Undergraduate students,514,155,359,0,0,0,1,1,0,8,1,7,293,72,221,0,0,0,15,6,9,0,0,0,17,8,9,180,67,113
132842,Graduate student,852,147,705,1,0,1,7,2,5,68,21,47,639,98,541,0,0,0,83,16,67,8,4,4,26,5,21,20,1,19
132851,Total students enrolled for credit,9824,3818,6006,39,19,20,198,87,111,1387,457,930,1543,622,921,22,10,12,5952,2358,3594,351,130,221,188,80,108,144,55,89
132851,Undergraduate students,9824,3818,6006,39,19,20,198,87,111,1387,457,930,1543,622,921,22,10,12,5952,2358,3594,351,130,221,188,80,108,144,55,89
132879,Total students enrolled for credit,205,107,98,0,0,0,1,1,0,25,15,10,28,17,11,0,0,0,146,70,76,2,2,0,2,1,1,1,1,0
132879,Undergraduate students,205,107,98,0,0,0,1,1,0,25,15,10,28,17,11,0,0,0,146,70,76,2,2,0,2,1,1,1,1,0
132903,Total students enrolled for credit,75824,33792,42032,134,52,82,4362,2178,2184,8709,3232,5477,18137,7902,10235,141,60,81,38176,17321,20855,2658,1136,1522,994,447,547,2513,1464,1049
132903,Undergraduate students,65100,29378,35722,112,48,64,3754,1896,1858,7606,2882,4724,16506,7283,9223,135,58,77,32706,15212,17494,2464,1068,1396,510,270,240,1307,661,646
132903,Graduate student,10724,4414,6310,22,4,18,608,282,326,1103,350,753,1631,619,1012,6,2,4,5470,2109,3361,194,68,126,484,177,307,1206,803,403
132976,Total students enrolled for credit,526,212,314,1,0,1,9,4,5,57,17,40,82,28,54,0,0,0,360,156,204,15,5,10,0,0,0,2,2,0
132976,Undergraduate students,526,212,314,1,0,1,9,4,5,57,17,40,82,28,54,0,0,0,360,156,204,15,5,10,0,0,0,2,2,0
133021,Total students enrolled for credit,2826,1061,1765,32,14,18,20,4,16,480,159,321,102,41,61,3,1,2,2071,801,1270,78,24,54,26,11,15,14,6,8
133021,Undergraduate students,2826,1061,1765,32,14,18,20,4,16,480,159,321,102,41,61,3,1,2,2071,801,1270,78,24,54,26,11,15,14,6,8
133155,Total students enrolled for credit,834,349,485,5,2,3,4,0,4,115,32,83,432,169,263,1,1,0,268,141,127,7,4,3,0,0,0,2,0,2
133155,Undergraduate students,834,349,485,5,2,3,4,0,4,115,32,83,432,169,263,1,1,0,268,141,127,7,4,3,0,0,0,2,0,2
133386,Total students enrolled for credit,20168,8041,12127,54,16,38,395,165,230,2776,986,1790,3309,1312,1997,41,25,16,12715,5142,7573,542,224,318,222,107,115,114,64,50
133386,Undergraduate students,20168,8041,12127,54,16,38,395,165,230,2776,986,1790,3309,1312,1997,41,25,16,12715,5142,7573,542,224,318,222,107,115,114,64,50
133465,Total students enrolled for credit,1631,308,1323,8,2,6,52,14,38,771,130,641,341,69,272,13,1,12,389,80,309,0,0,0,48,10,38,9,2,7
133465,Undergraduate students,1373,256,1117,5,1,4,44,12,32,655,109,546,288,57,231,10,1,9,327,67,260,0,0,0,40,8,32,4,1,3
133465,Graduate student,258,52,206,3,1,2,8,2,6,116,21,95,53,12,41,3,0,3,62,13,49,0,0,0,8,2,6,5,1,4
133492,Total students enrolled for credit,2200,830,1370,7,1,6,36,7,29,125,38,87,174,63,111,3,3,0,1653,622,1031,66,30,36,32,16,16,104,50,54
133492,Undergraduate students,2200,830,1370,7,1,6,36,7,29,125,38,87,174,63,111,3,3,0,1653,622,1031,66,30,36,32,16,16,104,50,54
133508,Total students enrolled for credit,21624,8425,13199,71,20,51,426,173,253,2309,868,1441,6005,2294,3711,40,10,30,10420,4119,6301,465,176,289,1408,551,857,480,214,266
133508,Undergraduate students,21624,8425,13199,71,20,51,426,173,253,2309,868,1441,6005,2294,3711,40,10,30,10420,4119,6301,465,176,289,1408,551,857,480,214,266
133526,Total students enrolled for credit,4915,2259,2656,12,7,5,165,95,70,2578,1180,1398,323,144,179,21,9,12,1044,467,577,295,116,179,477,241,236,0,0,0
133526,Undergraduate students,4915,2259,2656,12,7,5,165,95,70,2578,1180,1398,323,144,179,21,9,12,1044,467,577,295,116,179,477,241,236,0,0,0
133553,Total students enrolled for credit,6481,5141,1340,19,17,2,292,240,52,361,285,76,288,224,64,14,11,3,3297,2647,650,495,366,129,558,433,125,1157,918,239
133553,Undergraduate students,5777,4630,1147,16,14,2,277,230,47,342,274,68,274,217,57,14,11,3,3082,2486,596,465,347,118,511,393,118,796,658,138
133553,Graduate student,704,511,193,3,3,0,15,10,5,19,11,8,14,7,7,0,0,0,215,161,54,30,19,11,47,40,7,361,260,101
133650,Total students enrolled for credit,10797,3849,6948,13,7,6,110,54,56,9123,3132,5991,334,112,222,0,0,0,790,382,408,263,86,177,5,3,2,159,73,86
133650,Undergraduate students,8721,3102,5619,9,6,3,49,29,20,7582,2639,4943,210,73,137,0,0,0,549,260,289,243,73,170,0,0,0,79,22,57
133650,Graduate student,2076,747,1329,4,1,3,61,25,36,1541,493,1048,124,39,85,0,0,0,241,122,119,20,13,7,5,3,2,80,51,29
133669,Total students enrolled for credit,37793,16372,21421,70,33,37,1689,764,925,7326,2728,4598,9516,3920,5596,43,18,25,16254,7485,8769,1333,534,799,243,118,125,1319,772,547
133669,Undergraduate students,31454,13785,17669,66,31,35,1395,632,763,6261,2417,3844,8337,3467,4870,38,17,21,13125,6176,6949,1158,459,699,228,109,119,846,477,369
133669,Graduate student,6339,2587,3752,4,2,2,294,132,162,1065,311,754,1179,453,726,5,1,4,3129,1309,1820,175,75,100,15,9,6,473,295,178
133702,Total students enrolled for credit,40200,15996,24204,147,70,77,1639,746,893,10500,3512,6988,3235,1314,1921,157,80,77,19505,8214,11291,1122,453,669,3543,1451,2092,352,156,196
133702,Undergraduate students,40200,15996,24204,147,70,77,1639,746,893,10500,3512,6988,3235,1314,1921,157,80,77,19505,8214,11291,1122,453,669,3543,1451,2092,352,156,196
133711,Total students enrolled for credit,2769,1032,1737,7,1,6,29,10,19,105,55,50,132,59,73,2,1,1,2145,750,1395,63,23,40,176,69,107,110,64,46
133711,Undergraduate students,2760,1032,1728,7,1,6,29,10,19,105,55,50,129,59,70,2,1,1,2140,750,1390,63,23,40,175,69,106,110,64,46
133711,Graduate student,9,0,9,0,0,0,0,0,0,0,0,0,3,0,3,0,0,0,5,0,5,0,0,0,1,0,1,0,0,0
133809,Total students enrolled for credit,547,270,277,7,5,2,2,0,2,32,21,11,38,22,16,1,0,1,416,198,218,25,13,12,7,5,2,19,6,13
133809,Undergraduate students,547,270,277,7,5,2,2,0,2,32,21,11,38,22,16,1,0,1,416,198,218,25,13,12,7,5,2,19,6,13
133845,Total students enrolled for credit,870,102,768,2,0,2,6,3,3,224,26,198,52,8,44,3,1,2,154,17,137,38,1,37,391,46,345,0,0,0
133845,Undergraduate students,870,102,768,2,0,2,6,3,3,224,26,198,52,8,44,3,1,2,154,17,137,38,1,37,391,46,345,0,0,0
133854,Total students enrolled for credit,930,154,776,10,2,8,17,3,14,612,77,535,220,56,164,2,1,1,40,8,32,15,3,12,14,4,10,0,0,0
133854,Undergraduate students,930,154,776,10,2,8,17,3,14,612,77,535,220,56,164,2,1,1,40,8,32,15,3,12,14,4,10,0,0,0
133863,Total students enrolled for credit,874,136,738,9,1,8,18,7,11,230,43,187,383,47,336,3,0,3,198,31,167,8,1,7,25,6,19,0,0,0
133863,Undergraduate students,874,136,738,9,1,8,18,7,11,230,43,187,383,47,336,3,0,3,198,31,167,8,1,7,25,6,19,0,0,0
133872,Total students enrolled for credit,2438,527,1911,8,1,7,182,54,128,377,76,301,652,150,502,12,3,9,1002,194,808,59,15,44,146,34,112,0,0,0
133872,Undergraduate students,2070,434,1636,6,1,5,152,49,103,338,67,271,576,126,450,11,3,8,805,145,660,52,13,39,130,30,100,0,0,0
133872,Graduate student,368,93,275,2,0,2,30,5,25,39,9,30,76,24,52,1,0,1,197,49,148,7,2,5,16,4,12,0,0,0
133881,Total students enrolled for credit,7674,5022,2652,26,15,11,181,125,56,623,383,240,566,334,232,16,11,5,3172,1965,1207,152,86,66,499,334,165,2439,1769,670
133881,Undergraduate students,3943,2777,1166,10,5,5,87,64,23,222,155,67,274,177,97,13,8,5,1611,1076,535,85,61,24,220,148,72,1421,1083,338
133881,Graduate student,3731,2245,1486,16,10,6,94,61,33,401,228,173,292,157,135,3,3,0,1561,889,672,67,25,42,279,186,93,1018,686,332
133942,Total students enrolled for credit,80,11,69,0,0,0,3,1,2,4,0,4,1,0,1,0,0,0,72,10,62,0,0,0,0,0,0,0,0,0
133942,Undergraduate students,80,11,69,0,0,0,3,1,2,4,0,4,1,0,1,0,0,0,72,10,62,0,0,0,0,0,0,0,0,0
133951,Total students enrolled for credit,68005,29119,38886,50,22,28,1810,847,963,8662,3223,5439,42799,18242,24557,66,27,39,7498,3346,4152,1655,686,969,546,271,275,4919,2455,2464
133951,Undergraduate students,55835,24145,31690,44,18,26,1361,651,710,7142,2723,4419,36851,16015,20836,56,24,32,5311,2375,2936,1428,603,825,428,212,216,3214,1524,1690
133951,Graduate student,12170,4974,7196,6,4,2,449,196,253,1520,500,1020,5948,2227,3721,10,3,7,2187,971,1216,227,83,144,118,59,59,1705,931,774
133960,Total students enrolled for credit,1499,651,848,2,2,0,25,6,19,127,68,59,388,156,232,6,1,5,802,346,456,38,18,20,101,49,52,10,5,5
133960,Undergraduate students,1499,651,848,2,2,0,25,6,19,127,68,59,388,156,232,6,1,5,802,346,456,38,18,20,101,49,52,10,5,5
133979,Total students enrolled for credit,1525,568,957,0,0,0,0,0,0,1095,373,722,98,62,36,0,0,0,19,12,7,17,2,15,123,38,85,173,81,92
133979,Undergraduate students,1446,549,897,0,0,0,0,0,0,1041,359,682,85,58,27,0,0,0,13,11,2,16,2,14,121,38,83,170,81,89
133979,Graduate student,79,19,60,0,0,0,0,0,0,54,14,40,13,4,9,0,0,0,6,1,5,1,0,1,2,0,2,3,0,3
133997,Total students enrolled for credit,644,251,393,0,0,0,0,0,0,110,45,65,474,182,292,0,0,0,26,11,15,14,7,7,20,6,14,0,0,0
133997,Undergraduate students,644,251,393,0,0,0,0,0,0,110,45,65,474,182,292,0,0,0,26,11,15,14,7,7,20,6,14,0,0,0
134024,Total students enrolled for credit,183,62,121,1,1,0,2,1,1,15,7,8,12,5,7,2,0,2,136,44,92,15,4,11,0,0,0,0,0,0
134024,Undergraduate students,183,62,121,1,1,0,2,1,1,15,7,8,12,5,7,2,0,2,136,44,92,15,4,11,0,0,0,0,0,0
134079,Total students enrolled for credit,3267,1091,2176,19,8,11,78,26,52,227,65,162,361,119,242,6,1,5,2313,749,1564,50,20,30,80,29,51,133,74,59
134079,Undergraduate students,2759,970,1789,18,7,11,62,21,41,151,51,100,314,108,206,4,1,3,1996,677,1319,43,17,26,55,22,33,116,66,50
134079,Graduate student,508,121,387,1,1,0,16,5,11,76,14,62,47,11,36,2,0,2,317,72,245,7,3,4,25,7,18,17,8,9
134097,Total students enrolled for credit,46686,20842,25844,114,46,68,1156,531,625,4079,1470,2609,8251,3638,4613,62,28,34,28512,12988,15524,1417,608,809,780,397,383,2315,1136,1179
134097,Undergraduate students,36787,16593,20194,93,38,55,869,402,467,3161,1200,1961,7249,3244,4005,53,26,27,22808,10528,12280,1201,519,682,561,297,264,792,339,453
134097,Graduate student,9899,4249,5650,21,8,13,287,129,158,918,270,648,1002,394,608,9,2,7,5704,2460,3244,216,89,127,219,100,119,1523,797,726
134112,Total students enrolled for credit,7520,2196,5324,32,8,24,46,14,32,1665,494,1171,4302,1245,3057,10,4,6,1173,338,835,211,68,143,81,25,56,0,0,0
134112,Undergraduate students,7520,2196,5324,32,8,24,46,14,32,1665,494,1171,4302,1245,3057,10,4,6,1173,338,835,211,68,143,81,25,56,0,0,0
134130,Total students enrolled for credit,58993,26840,32153,149,66,83,4282,1999,2283,3586,1301,2285,10145,4391,5754,270,95,175,31300,14063,17237,1436,589,847,1958,944,1014,5867,3392,2475
134130,Undergraduate students,37851,16956,20895,78,30,48,3027,1445,1582,2412,872,1540,8016,3513,4503,207,79,128,20847,9533,11314,1171,489,682,1194,570,624,899,425,474
134130,Graduate student,21142,9884,11258,71,36,35,1255,554,701,1174,429,745,2129,878,1251,63,16,47,10453,4530,5923,265,100,165,764,374,390,4968,2967,2001
134228,Total students enrolled for credit,36,19,17,0,0,0,0,0,0,11,7,4,6,4,2,0,0,0,19,8,11,0,0,0,0,0,0,0,0,0
134228,Undergraduate students,36,19,17,0,0,0,0,0,0,11,7,4,6,4,2,0,0,0,19,8,11,0,0,0,0,0,0,0,0,0
134237,Total students enrolled for credit,27826,19738,8088,163,99,64,588,397,191,7192,4998,2194,4224,3070,1154,91,72,19,10871,7948,2923,1596,1081,515,2684,1783,901,417,290,127
134237,Undergraduate students,24815,18141,6674,148,90,58,500,346,154,6130,4511,1619,3826,2840,986,88,69,19,9914,7396,2518,1418,986,432,2433,1657,776,358,246,112
134237,Graduate student,3011,1597,1414,15,9,6,88,51,37,1062,487,575,398,230,168,3,3,0,957,552,405,178,95,83,251,126,125,59,44,15
134291,Total students enrolled for credit,837,668,169,5,5,0,15,13,2,157,112,45,47,38,9,5,4,1,561,457,104,47,39,8,0,0,0,0,0,0
134291,Undergraduate students,837,668,169,5,5,0,15,13,2,157,112,45,47,38,9,5,4,1,561,457,104,47,39,8,0,0,0,0,0,0
134307,Total students enrolled for credit,1333,1254,79,0,0,0,10,9,1,164,149,15,1019,964,55,3,2,1,105,99,6,9,9,0,0,0,0,23,22,1
134307,Undergraduate students,1333,1254,79,0,0,0,10,9,1,164,149,15,1019,964,55,3,2,1,105,99,6,9,9,0,0,0,0,23,22,1
134343,Total students enrolled for credit,7923,3209,4714,66,30,36,230,97,133,855,294,561,475,198,277,0,0,0,5746,2351,3395,255,105,150,265,121,144,31,13,18
134343,Undergraduate students,7923,3209,4714,66,30,36,230,97,133,855,294,561,475,198,277,0,0,0,5746,2351,3395,255,105,150,265,121,144,31,13,18
134422,Total students enrolled for credit,120,7,113,0,0,0,1,0,1,19,2,17,11,0,11,0,0,0,86,5,81,0,0,0,0,0,0,3,0,3
134422,Undergraduate students,120,7,113,0,0,0,1,0,1,19,2,17,11,0,11,0,0,0,86,5,81,0,0,0,0,0,0,3,0,3
134495,Total students enrolled for credit,38537,16451,22086,148,64,84,1222,560,662,6919,2653,4266,10837,4538,6299,87,39,48,14313,6294,8019,1286,518,768,2693,1285,1408,1032,500,532
134495,Undergraduate students,38537,16451,22086,148,64,84,1222,560,662,6919,2653,4266,10837,4538,6299,87,39,48,14313,6294,8019,1286,518,768,2693,1285,1408,1032,500,532
134510,Total students enrolled for credit,270,146,124,0,0,0,4,3,1,16,10,6,17,9,8,1,0,1,189,107,82,0,0,0,33,9,24,10,8,2
134510,Undergraduate students,270,146,124,0,0,0,4,3,1,16,10,6,17,9,8,1,0,1,189,107,82,0,0,0,33,9,24,10,8,2
134529,Total students enrolled for credit,346,23,323,0,0,0,4,1,3,194,15,179,92,5,87,18,0,18,33,2,31,3,0,3,2,0,2,0,0,0
134529,Undergraduate students,346,23,323,0,0,0,4,1,3,194,15,179,92,5,87,18,0,18,33,2,31,3,0,3,2,0,2,0,0,0
134574,Total students enrolled for credit,285,85,200,5,2,3,6,1,5,39,15,24,52,24,28,1,1,0,152,37,115,14,3,11,16,2,14,0,0,0
134574,Undergraduate students,285,85,200,5,2,3,6,1,5,39,15,24,52,24,28,1,1,0,152,37,115,14,3,11,16,2,14,0,0,0
134608,Total students enrolled for credit,25291,10055,15236,66,19,47,443,184,259,4191,1549,2642,5231,2113,3118,38,22,16,13616,5449,8167,657,281,376,741,306,435,308,132,176
134608,Undergraduate students,25291,10055,15236,66,19,47,443,184,259,4191,1549,2642,5231,2113,3118,38,22,16,13616,5449,8167,657,281,376,741,306,435,308,132,176
134680,Total students enrolled for credit,94,35,59,0,0,0,0,0,0,14,7,7,12,1,11,0,0,0,19,8,11,0,0,0,49,19,30,0,0,0
134680,Undergraduate students,94,35,59,0,0,0,0,0,0,14,7,7,12,1,11,0,0,0,19,8,11,0,0,0,49,19,30,0,0,0
134714,Total students enrolled for credit,302,53,249,2,0,2,3,0,3,102,21,81,30,8,22,0,0,0,156,19,137,3,3,0,6,2,4,0,0,0
134714,Undergraduate students,302,53,249,2,0,2,3,0,3,102,21,81,30,8,22,0,0,0,156,19,137,3,3,0,6,2,4,0,0,0
134811,Total students enrolled for credit,2543,921,1622,5,2,3,16,4,12,171,76,95,937,345,592,4,2,2,246,110,136,18,11,7,588,251,337,558,120,438
134811,Undergraduate students,2457,898,1559,5,2,3,16,4,12,169,75,94,916,340,576,4,2,2,245,109,136,17,10,7,568,245,323,517,111,406
134811,Graduate student,86,23,63,0,0,0,0,0,0,2,1,1,21,5,16,0,0,0,1,1,0,1,1,0,20,6,14,41,9,32
134945,Total students enrolled for credit,5324,1738,3586,27,8,19,144,47,97,795,257,538,435,145,290,20,6,14,2544,791,1753,112,47,65,985,291,694,262,146,116
134945,Undergraduate students,3703,1315,2388,18,8,10,84,23,61,558,204,354,333,116,217,19,5,14,1695,578,1117,87,40,47,708,230,478,201,111,90
134945,Graduate student,1621,423,1198,9,0,9,60,24,36,237,53,184,102,29,73,1,1,0,849,213,636,25,7,18,277,61,216,61,35,26
135081,Total students enrolled for credit,34227,9994,24233,278,84,194,722,258,464,8129,2195,5934,10111,3135,6976,103,30,73,12817,3654,9163,1226,302,924,662,211,451,179,125,54
135081,Undergraduate students,31711,9196,22515,261,78,183,648,230,418,7450,2006,5444,9380,2872,6508,98,29,69,12114,3437,8677,1013,242,771,597,192,405,150,110,40
135081,Graduate student,2516,798,1718,17,6,11,74,28,46,679,189,490,731,263,468,5,1,4,703,217,486,213,60,153,65,19,46,29,15,14
135142,Total students enrolled for credit,358,12,346,0,0,0,0,0,0,4,1,3,354,11,343,0,0,0,0,0,0,0,0,0,0,0,0,0,0,0
135142,Undergraduate students,358,12,346,0,0,0,0,0,0,4,1,3,354,11,343,0,0,0,0,0,0,0,0,0,0,0,0,0,0,0
135160,Total students enrolled for credit,4576,1653,2923,21,7,14,57,17,40,576,176,400,265,83,182,2,1,1,3573,1339,2234,66,26,40,12,4,8,4,0,4
135160,Undergraduate students,4576,1653,2923,21,7,14,57,17,40,576,176,400,265,83,182,2,1,1,3573,1339,2234,66,26,40,12,4,8,4,0,4
135179,Total students enrolled for credit,1116,590,526,3,1,2,19,10,9,156,61,95,157,80,77,3,1,2,758,429,329,14,7,7,0,0,0,6,1,5
135179,Undergraduate students,1116,590,526,3,1,2,19,10,9,156,61,95,157,80,77,3,1,2,758,429,329,14,7,7,0,0,0,6,1,5
135188,Total students enrolled for credit,6228,2422,3806,37,9,28,264,119,145,600,199,401,435,152,283,24,8,16,4057,1624,2433,185,73,112,581,213,368,45,25,20
135188,Undergraduate students,6228,2422,3806,37,9,28,264,119,145,600,199,401,435,152,283,24,8,16,4057,1624,2433,185,73,112,581,213,368,45,25,20
135267,Total students enrolled for credit,1551,1129,422,3,3,0,9,5,4,206,106,100,416,300,116,6,5,1,880,690,190,21,15,6,0,0,0,10,5,5
135267,Undergraduate students,1551,1129,422,3,3,0,9,5,4,206,106,100,416,300,116,6,5,1,880,690,190,21,15,6,0,0,0,10,5,5
135276,Total students enrolled for credit,1082,601,481,2,1,1,11,7,4,531,220,311,45,29,16,2,1,1,475,338,137,16,5,11,0,0,0,0,0,0
135276,Undergraduate students,1082,601,481,2,1,1,11,7,4,531,220,311,45,29,16,2,1,1,475,338,137,16,5,11,0,0,0,0,0,0
135294,Total students enrolled for credit,1104,607,497,0,0,0,5,3,2,594,278,316,382,256,126,0,0,0,58,38,20,2,1,1,0,0,0,63,31,32
135294,Undergraduate students,1104,607,497,0,0,0,5,3,2,594,278,316,382,256,126,0,0,0,58,38,20,2,1,1,0,0,0,63,31,32
135337,Total students enrolled for credit,182,18,164,0,0,0,5,1,4,42,2,40,15,4,11,0,0,0,106,11,95,10,0,10,4,0,4,0,0,0
135337,Undergraduate students,182,18,164,0,0,0,5,1,4,42,2,40,15,4,11,0,0,0,106,11,95,10,0,10,4,0,4,0,0,0
135364,Total students enrolled for credit,1251,894,357,0,0,0,26,23,3,518,285,233,33,29,4,0,0,0,663,549,114,0,0,0,9,6,3,2,2,0
135364,Undergraduate students,419,289,130,0,0,0,4,3,1,171,92,79,6,6,0,0,0,0,235,186,49,0,0,0,3,2,1,0,0,0
135364,Graduate student,832,605,227,0,0,0,22,20,2,347,193,154,27,23,4,0,0,0,428,363,65,0,0,0,6,4,2,2,2,0
135391,Total students enrolled for credit,14490,5633,8857,38,18,20,354,146,208,1242,442,800,2202,852,1350,22,5,17,9592,3785,5807,363,128,235,402,142,260,275,115,160
135391,Undergraduate students,14490,5633,8857,38,18,20,354,146,208,1242,442,800,2202,852,1350,22,5,17,9592,3785,5807,363,128,235,402,142,260,275,115,160
135407,Total students enrolled for credit,1498,800,698,0,0,0,18,9,9,173,61,112,358,193,165,2,0,2,879,501,378,43,27,16,0,0,0,25,9,16
135407,Undergraduate students,1498,800,698,0,0,0,18,9,9,173,61,112,358,193,165,2,0,2,879,501,378,43,27,16,0,0,0,25,9,16
135522,Total students enrolled for credit,510,259,251,0,0,0,5,3,2,64,17,47,127,64,63,0,0,0,293,165,128,20,10,10,0,0,0,1,0,1
135522,Undergraduate students,510,259,251,0,0,0,5,3,2,64,17,47,127,64,63,0,0,0,293,165,128,20,10,10,0,0,0,1,0,1
135559,Total students enrolled for credit,123,10,113,0,0,0,2,0,2,9,1,8,51,2,49,0,0,0,59,7,52,1,0,1,1,0,1,0,0,0
135559,Undergraduate students,123,10,113,0,0,0,2,0,2,9,1,8,51,2,49,0,0,0,59,7,52,1,0,1,1,0,1,0,0,0
135610,Total students enrolled for credit,350,139,211,0,0,0,2,1,1,118,52,66,143,51,92,0,0,0,53,24,29,0,0,0,33,10,23,1,1,0
135610,Undergraduate students,220,92,128,0,0,0,1,0,1,70,34,36,103,37,66,0,0,0,33,14,19,0,0,0,12,6,6,1,1,0
135610,Graduate student,130,47,83,0,0,0,1,1,0,48,18,30,40,14,26,0,0,0,20,10,10,0,0,0,21,4,17,0,0,0
135647,Total students enrolled for credit,1615,1258,357,1,1,0,8,7,1,639,423,216,668,556,112,1,1,0,255,239,16,5,4,1,0,0,0,38,27,11
135647,Undergraduate students,1615,1258,357,1,1,0,8,7,1,639,423,216,668,556,112,1,1,0,255,239,16,5,4,1,0,0,0,38,27,11
135717,Total students enrolled for credit,88312,37483,50829,80,35,45,880,392,488,13918,5354,8564,59254,25210,34044,46,19,27,5434,2583,2851,456,214,242,2284,963,1321,5960,2713,3247
135717,Undergraduate students,88312,37483,50829,80,35,45,880,392,488,13918,5354,8564,59254,25210,34044,46,19,27,5434,2583,2851,456,214,242,2284,963,1321,5960,2713,3247
135726,Total students enrolled for credit,19031,9063,9968,22,11,11,1026,497,529,1527,608,919,4452,1891,2561,15,7,8,7132,3577,3555,495,228,267,1351,680,671,3011,1564,1447
135726,Undergraduate students,12002,5692,6310,12,6,6,633,318,315,949,394,555,2799,1216,1583,6,2,4,4861,2394,2467,350,162,188,579,272,307,1813,928,885
135726,Graduate student,7029,3371,3658,10,5,5,393,179,214,578,214,364,1653,675,978,9,5,4,2271,1183,1088,145,66,79,772,408,364,1198,636,562
135735,Total students enrolled for credit,3251,2560,691,11,9,2,121,96,25,702,525,177,1269,946,323,8,7,1,1085,937,148,28,19,9,0,0,0,27,21,6
135735,Undergraduate students,3251,2560,691,11,9,2,121,96,25,702,525,177,1269,946,323,8,7,1,1085,937,148,28,19,9,0,0,0,27,21,6
135771,Total students enrolled for credit,581,146,435,3,0,3,5,0,5,128,2,126,432,141,291,2,2,0,10,1,9,1,0,1,0,0,0,0,0,0
135771,Undergraduate students,581,146,435,3,0,3,5,0,5,128,2,126,432,141,291,2,2,0,10,1,9,1,0,1,0,0,0,0,0,0
136109,Total students enrolled for credit,286,10,276,0,0,0,6,1,5,88,2,86,14,1,13,0,0,0,168,6,162,8,0,8,1,0,1,1,0,1
136109,Undergraduate students,286,10,276,0,0,0,6,1,5,88,2,86,14,1,13,0,0,0,168,6,162,8,0,8,1,0,1,1,0,1
136145,Total students enrolled for credit,1773,594,1179,7,2,5,12,3,9,393,114,279,97,39,58,2,1,1,1241,426,815,11,5,6,1,0,1,9,4,5
136145,Undergraduate students,1773,594,1179,7,2,5,12,3,9,393,114,279,97,39,58,2,1,1,1241,426,815,11,5,6,1,0,1,9,4,5
136172,Total students enrolled for credit,19013,8134,10879,25,13,12,840,385,455,2003,661,1342,1966,844,1122,18,5,13,12645,5587,7058,971,398,573,92,40,52,453,201,252
136172,Undergraduate students,16531,7266,9265,20,12,8,729,348,381,1679,575,1104,1783,779,1004,12,5,7,11029,5000,6029,895,372,523,71,33,38,313,142,171
136172,Graduate student,2482,868,1614,5,1,4,111,37,74,324,86,238,183,65,118,6,0,6,1616,587,1029,76,26,50,21,7,14,140,59,81
136215,Total students enrolled for credit,25507,7649,17858,52,19,33,1699,637,1062,5305,1286,4019,6792,1915,4877,24,10,14,8110,2566,5544,561,143,418,1674,473,1201,1290,600,690
136215,Undergraduate students,4840,1411,3429,12,2,10,427,153,274,807,221,586,1498,356,1142,4,3,1,1548,488,1060,105,25,80,173,41,132,266,122,144
136215,Graduate student,20667,6238,14429,40,17,23,1272,484,788,4498,1065,3433,5294,1559,3735,20,7,13,6562,2078,4484,456,118,338,1501,432,1069,1024,478,546
136233,Total students enrolled for credit,8079,3471,4608,32,11,21,222,84,138,678,288,390,708,305,403,53,28,25,5433,2371,3062,409,164,245,509,205,304,35,15,20
136233,Undergraduate students,8079,3471,4608,32,11,21,222,84,138,678,288,390,708,305,403,53,28,25,5433,2371,3062,409,164,245,509,205,304,35,15,20
136303,Total students enrolled for credit,1781,753,1028,4,2,2,33,11,22,940,364,576,428,181,247,3,0,3,335,183,152,23,10,13,0,0,0,15,2,13
136303,Undergraduate students,1781,753,1028,4,2,2,33,11,22,940,364,576,428,181,247,3,0,3,335,183,152,23,10,13,0,0,0,15,2,13
136330,Total students enrolled for credit,4307,1505,2802,15,6,9,127,45,82,537,151,386,706,225,481,10,5,5,2476,904,1572,141,40,101,110,35,75,185,94,91
136330,Undergraduate students,3327,1196,2131,15,6,9,66,24,42,338,100,238,510,177,333,6,3,3,2052,749,1303,98,29,69,100,33,67,142,75,67
136330,Graduate student,980,309,671,0,0,0,61,21,40,199,51,148,196,48,148,4,2,2,424,155,269,43,11,32,10,2,8,43,19,24
136358,Total students enrolled for credit,43291,18296,24995,78,46,32,1256,553,703,11012,4076,6936,12189,5044,7145,91,33,58,15148,7022,8126,1011,448,563,1881,799,1082,625,275,350
136358,Undergraduate students,43291,18296,24995,78,46,32,1256,553,703,11012,4076,6936,12189,5044,7145,91,33,58,15148,7022,8126,1011,448,563,1881,799,1082,625,275,350
136400,Total students enrolled for credit,15204,5934,9270,45,18,27,387,159,228,943,338,605,2902,1149,1753,40,20,20,10066,3916,6150,478,197,281,310,125,185,33,12,21
136400,Undergraduate students,15204,5934,9270,45,18,27,387,159,228,943,338,605,2902,1149,1753,40,20,20,10066,3916,6150,478,197,281,310,125,185,33,12,21
136473,Total students enrolled for credit,13602,5332,8270,96,43,53,409,176,233,2161,724,1437,930,380,550,60,29,31,8884,3554,5330,709,276,433,315,134,181,38,16,22
136473,Undergraduate students,13602,5332,8270,96,43,53,409,176,233,2161,724,1437,930,380,550,60,29,31,8884,3554,5330,709,276,433,315,134,181,38,16,22
136491,Total students enrolled for credit,1850,1098,752,11,8,3,48,31,17,262,101,161,227,121,106,13,9,4,1237,802,435,39,19,20,0,0,0,13,7,6
136491,Undergraduate students,1850,1098,752,11,8,3,48,31,17,262,101,161,227,121,106,13,9,4,1237,802,435,39,19,20,0,0,0,13,7,6
136516,Total students enrolled for credit,15549,5821,9728,37,14,23,379,167,212,2651,892,1759,3243,1229,2014,14,6,8,8086,3083,5003,436,159,277,535,203,332,168,68,100
136516,Undergraduate students,15549,5821,9728,37,14,23,379,167,212,2651,892,1759,3243,1229,2014,14,6,8,8086,3083,5003,436,159,277,535,203,332,168,68,100
136659,Total students enrolled for credit,661,386,275,4,1,3,10,7,3,32,12,20,25,15,10,0,0,0,558,332,226,32,19,13,0,0,0,0,0,0
136659,Undergraduate students,661,386,275,4,1,3,10,7,3,32,12,20,25,15,10,0,0,0,558,332,226,32,19,13,0,0,0,0,0,0
136701,Total students enrolled for credit,151,145,6,0,0,0,7,6,1,7,6,1,45,45,0,0,0,0,62,58,4,0,0,0,0,0,0,30,30,0
136701,Graduate student,151,145,6,0,0,0,7,6,1,7,6,1,45,45,0,0,0,0,62,58,4,0,0,0,0,0,0,30,30,0
136765,Total students enrolled for credit,540,270,270,4,0,4,9,4,5,111,45,66,145,76,69,2,2,0,254,135,119,10,5,5,0,0,0,5,3,2
136765,Undergraduate students,540,270,270,4,0,4,9,4,5,111,45,66,145,76,69,2,2,0,254,135,119,10,5,5,0,0,0,5,3,2
136774,Total students enrolled for credit,1352,474,878,10,2,8,116,27,89,41,17,24,215,76,139,3,2,1,623,236,387,40,10,30,92,36,56,212,68,144
136774,Undergraduate students,1352,474,878,10,2,8,116,27,89,41,17,24,215,76,139,3,2,1,623,236,387,40,10,30,92,36,56,212,68,144
136783,Total students enrolled for credit,84,3,81,0,0,0,0,0,0,20,0,20,6,1,5,1,0,1,56,2,54,0,0,0,1,0,1,0,0,0
136783,Undergraduate students,84,3,81,0,0,0,0,0,0,20,0,20,6,1,5,1,0,1,56,2,54,0,0,0,1,0,1,0,0,0
136826,Total students enrolled for credit,1223,791,432,6,6,0,13,8,5,209,107,102,792,550,242,2,2,0,121,86,35,13,6,7,0,0,0,67,26,41
136826,Undergraduate students,1223,791,432,6,6,0,13,8,5,209,107,102,792,550,242,2,2,0,121,86,35,13,6,7,0,0,0,67,26,41
136950,Total students enrolled for credit,3607,1507,2100,12,4,8,118,33,85,200,80,120,583,229,354,2,0,2,2066,856,1210,101,34,67,207,104,103,318,167,151
136950,Undergraduate students,2894,1188,1706,7,3,4,94,25,69,153,60,93,498,199,299,1,0,1,1680,693,987,88,30,58,119,53,66,254,125,129
136950,Graduate student,713,319,394,5,1,4,24,8,16,47,20,27,85,30,55,1,0,1,386,163,223,13,4,9,88,51,37,64,42,22
137023,Total students enrolled for credit,784,364,420,1,1,0,7,3,4,132,31,101,38,15,23,0,0,0,600,312,288,4,1,3,0,0,0,2,1,1
137023,Undergraduate students,784,364,420,1,1,0,7,3,4,132,31,101,38,15,23,0,0,0,600,312,288,4,1,3,0,0,0,2,1,1
137032,Total students enrolled for credit,24180,9993,14187,106,44,62,372,180,192,8433,2868,5565,2574,1156,1418,53,25,28,8281,3826,4455,423,142,281,3536,1532,2004,402,220,182
137032,Undergraduate students,18518,7844,10674,90,37,53,288,144,144,6702,2357,4345,2058,938,1120,46,22,24,6044,2913,3131,327,117,210,2620,1134,1486,343,182,161
137032,Graduate student,5662,2149,3513,16,7,9,84,36,48,1731,511,1220,516,218,298,7,3,4,2237,913,1324,96,25,71,916,398,518,59,38,21
137078,Total students enrolled for credit,40181,16054,24127,132,47,85,1427,572,855,5437,1851,3586,5317,2111,3206,90,37,53,25416,10451,14965,1177,439,738,881,406,475,304,140,164
137078,Undergraduate students,40181,16054,24127,132,47,85,1427,572,855,5437,1851,3586,5317,2111,3206,90,37,53,25416,10451,14965,1177,439,738,881,406,475,304,140,164
137087,Total students enrolled for credit,1703,931,772,4,1,3,51,28,23,520,231,289,214,126,88,4,4,0,841,506,335,61,32,29,0,0,0,8,3,5
137087,Undergraduate students,1703,931,772,4,1,3,51,28,23,520,231,289,214,126,88,4,4,0,841,506,335,61,32,29,0,0,0,8,3,5
137096,Total students enrolled for credit,20335,9211,11124,51,21,30,631,296,335,3096,1223,1873,3509,1667,1842,34,16,18,11601,5281,6320,824,372,452,150,71,79,439,264,175
137096,Undergraduate students,20335,9211,11124,51,21,30,631,296,335,3096,1223,1873,3509,1667,1842,34,16,18,11601,5281,6320,824,372,452,150,71,79,439,264,175
137120,Total students enrolled for credit,2238,1378,860,9,6,3,53,26,27,166,54,112,369,206,163,3,1,2,1602,1060,542,19,13,6,0,0,0,17,12,5
137120,Undergraduate students,2238,1378,860,9,6,3,53,26,27,166,54,112,369,206,163,3,1,2,1602,1060,542,19,13,6,0,0,0,17,12,5
137148,Total students enrolled for credit,613,163,450,8,3,5,9,3,6,220,52,168,86,27,59,0,0,0,278,74,204,0,0,0,11,3,8,1,1,0
137148,Undergraduate students,177,62,115,4,1,3,1,1,0,51,17,34,28,11,17,0,0,0,89,30,59,0,0,0,4,2,2,0,0,0
137148,Graduate student,436,101,335,4,2,2,8,2,6,169,35,134,58,16,42,0,0,0,189,44,145,0,0,0,7,1,6,1,1,0
137209,Total students enrolled for credit,24793,10867,13926,68,34,34,802,359,443,4127,1418,2709,5746,2491,3255,69,34,35,12028,5669,6359,832,375,457,628,271,357,493,216,277
137209,Undergraduate students,24793,10867,13926,68,34,34,802,359,443,4127,1418,2709,5746,2491,3255,69,34,35,12028,5669,6359,832,375,457,628,271,357,493,216,277
137245,Total students enrolled for credit,2750,1378,1372,14,6,8,56,25,31,1281,568,713,674,389,285,5,2,3,575,311,264,67,37,30,0,0,0,78,40,38
137245,Undergraduate students,2750,1378,1372,14,6,8,56,25,31,1281,568,713,674,389,285,5,2,3,575,311,264,67,37,30,0,0,0,78,40,38
137272,Total students enrolled for credit,87,86,1,0,0,0,0,0,0,2,2,0,31,31,0,1,1,0,33,33,0,3,3,0,0,0,0,17,16,1
137272,Undergraduate students,65,64,1,0,0,0,0,0,0,2,2,0,23,23,0,1,1,0,22,22,0,1,1,0,0,0,0,16,15,1
137272,Graduate student,22,22,0,0,0,0,0,0,0,0,0,0,8,8,0,0,0,0,11,11,0,2,2,0,0,0,0,1,1,0
137281,Total students enrolled for credit,9273,3519,5754,41,12,29,218,88,130,914,279,635,831,311,520,28,9,19,6620,2580,4040,317,111,206,284,122,162,20,7,13
137281,Undergraduate students,9273,3519,5754,41,12,29,218,88,130,914,279,635,831,311,520,28,9,19,6620,2580,4040,317,111,206,284,122,162,20,7,13
137315,Total students enrolled for credit,3626,1409,2217,12,6,6,68,27,41,406,146,260,1200,434,766,12,4,8,1711,696,1015,96,39,57,63,32,31,58,25,33
137315,Undergraduate students,3626,1409,2217,12,6,6,68,27,41,406,146,260,1200,434,766,12,4,8,1711,696,1015,96,39,57,63,32,31,58,25,33
137351,Total students enrolled for credit,50961,22861,28100,102,51,51,3404,1547,1857,5106,1863,3243,9156,3861,5295,99,54,45,24809,10948,13861,1678,673,1005,1280,548,732,5327,3316,2011
137351,Undergraduate students,37076,16786,20290,76,40,36,2516,1191,1325,3971,1520,2451,7628,3285,4343,82,46,36,18206,8337,9869,1390,582,808,811,348,463,2396,1437,959
137351,Graduate student,13885,6075,7810,26,11,15,888,356,532,1135,343,792,1528,576,952,17,8,9,6603,2611,3992,288,91,197,469,200,269,2931,1879,1052
137476,Total students enrolled for credit,6257,2540,3717,25,8,17,98,33,65,1016,358,658,3179,1296,1883,13,8,5,1083,449,634,98,44,54,386,144,242,359,200,159
137476,Undergraduate students,3860,1629,2231,13,6,7,45,16,29,429,159,270,2288,954,1334,6,5,1,691,279,412,73,36,37,127,64,63,188,110,78
137476,Graduate student,2397,911,1486,12,2,10,53,17,36,587,199,388,891,342,549,7,3,4,392,170,222,25,8,17,259,80,179,171,90,81
137546,Total students enrolled for credit,4651,1956,2695,21,10,11,102,39,63,344,156,188,665,265,400,6,2,4,2955,1252,1703,170,58,112,120,48,72,268,126,142
137546,Undergraduate students,3213,1349,1864,13,7,6,71,22,49,250,121,129,480,194,286,5,1,4,2017,846,1171,115,37,78,47,20,27,215,101,114
137546,Graduate student,1438,607,831,8,3,5,31,17,14,94,35,59,185,71,114,1,1,0,938,406,532,55,21,34,73,28,45,53,25,28
137564,Total students enrolled for credit,6988,2971,4017,29,15,14,105,48,57,1021,463,558,1238,483,755,34,16,18,4061,1714,2347,4,1,3,381,173,208,115,58,57
137564,Undergraduate students,5878,2547,3331,24,14,10,92,42,50,856,402,454,1093,428,665,34,16,18,3365,1460,1905,4,1,3,315,136,179,95,48,47
137564,Graduate student,1110,424,686,5,1,4,13,6,7,165,61,104,145,55,90,0,0,0,696,254,442,0,0,0,66,37,29,20,10,10
137591,Total students enrolled for credit,715,170,545,3,1,2,11,2,9,83,35,48,96,39,57,0,0,0,512,91,421,10,2,8,0,0,0,0,0,0
137591,Undergraduate students,715,170,545,3,1,2,11,2,9,83,35,48,96,39,57,0,0,0,512,91,421,10,2,8,0,0,0,0,0,0
137713,Total students enrolled for credit,215,43,172,0,0,0,1,0,1,36,10,26,9,4,5,0,0,0,166,28,138,3,1,2,0,0,0,0,0,0
137713,Undergraduate students,215,43,172,0,0,0,1,0,1,36,10,26,9,4,5,0,0,0,166,28,138,3,1,2,0,0,0,0,0,0
137759,Total students enrolled for credit,16979,7852,9127,34,17,17,235,91,144,5297,2092,3205,2077,1052,1025,18,8,10,8153,3982,4171,631,313,318,301,161,140,233,136,97
137759,Undergraduate students,16979,7852,9127,34,17,17,235,91,144,5297,2092,3205,2077,1052,1025,18,8,10,8153,3982,4171,631,313,318,301,161,140,233,136,97
137777,Total students enrolled for credit,47,47,0,0,0,0,0,0,0,0,0,0,0,0,0,0,0,0,47,47,0,0,0,0,0,0,0,0,0,0
137777,Undergraduate students,40,40,0,0,0,0,0,0,0,0,0,0,0,0,0,0,0,0,40,40,0,0,0,0,0,0,0,0,0,0
137777,Graduate student,7,7,0,0,0,0,0,0,0,0,0,0,0,0,0,0,0,0,7,7,0,0,0,0,0,0,0,0,0,0
137801,Total students enrolled for credit,2671,864,1807,18,3,15,27,16,11,1219,350,869,262,100,162,5,3,2,807,283,524,112,41,71,221,68,153,0,0,0
137801,Undergraduate students,2609,837,1772,18,3,15,23,12,11,1199,341,858,256,99,157,5,3,2,788,275,513,108,39,69,212,65,147,0,0,0
137801,Graduate student,62,27,35,0,0,0,4,4,0,20,9,11,6,1,5,0,0,0,19,8,11,4,2,2,9,3,6,0,0,0
137847,Total students enrolled for credit,9415,3962,5453,14,5,9,183,67,116,516,182,334,1194,465,729,5,2,3,5361,2120,3241,242,91,151,741,304,437,1159,726,433
137847,Undergraduate students,8101,3391,4710,14,5,9,149,55,94,437,154,283,1028,393,635,5,2,3,4773,1891,2882,226,87,139,578,237,341,891,567,324
137847,Graduate student,1314,571,743,0,0,0,34,12,22,79,28,51,166,72,94,0,0,0,588,229,359,16,4,12,163,67,96,268,159,109
137856,Total students enrolled for credit,186,109,77,0,0,0,0,0,0,24,11,13,4,4,0,0,0,0,157,93,64,1,1,0,0,0,0,0,0,0
137856,Undergraduate students,186,109,77,0,0,0,0,0,0,24,11,13,4,4,0,0,0,0,157,93,64,1,1,0,0,0,0,0,0,0
137865,Total students enrolled for credit,654,324,330,2,1,1,9,5,4,122,45,77,24,10,14,2,1,1,468,252,216,23,6,17,0,0,0,4,4,0
137865,Undergraduate students,654,324,330,2,1,1,9,5,4,122,45,77,24,10,14,2,1,1,468,252,216,23,6,17,0,0,0,4,4,0
137953,Total students enrolled for credit,445,253,192,2,1,1,4,2,2,92,57,35,42,25,17,2,0,2,276,154,122,10,5,5,13,5,8,4,4,0
137953,Undergraduate students,421,240,181,2,1,1,4,2,2,83,52,31,40,23,17,2,0,2,264,148,116,10,5,5,12,5,7,4,4,0
137953,Graduate student,24,13,11,0,0,0,0,0,0,9,5,4,2,2,0,0,0,0,12,6,6,0,0,0,1,0,1,0,0,0
137962,Total students enrolled for credit,239,132,107,1,1,0,4,2,2,65,39,26,41,26,15,0,0,0,100,52,48,2,2,0,24,10,14,2,0,2
137962,Undergraduate students,239,132,107,1,1,0,4,2,2,65,39,26,41,26,15,0,0,0,100,52,48,2,2,0,24,10,14,2,0,2
138132,Total students enrolled for credit,114,18,96,0,0,0,1,0,1,13,2,11,14,0,14,0,0,0,86,16,70,0,0,0,0,0,0,0,0,0
138132,Undergraduate students,114,18,96,0,0,0,1,0,1,13,2,11,14,0,14,0,0,0,86,16,70,0,0,0,0,0,0,0,0,0
138187,Total students enrolled for credit,60729,26651,34078,194,82,112,2651,1259,1392,10153,4241,5912,20497,8774,11723,240,109,131,17631,8213,9418,1504,649,855,6019,2385,3634,1840,939,901
138187,Undergraduate students,60729,26651,34078,194,82,112,2651,1259,1392,10153,4241,5912,20497,8774,11723,240,109,131,17631,8213,9418,1504,649,855,6019,2385,3634,1840,939,901
138275,Total students enrolled for credit,1324,660,664,0,0,0,8,5,3,518,251,267,175,88,87,1,1,0,536,265,271,33,15,18,14,6,8,39,29,10
138275,Undergraduate students,1082,554,528,0,0,0,5,3,2,414,214,200,147,76,71,1,1,0,447,221,226,28,14,14,12,5,7,28,20,8
138275,Graduate student,242,106,136,0,0,0,3,2,1,104,37,67,28,12,16,0,0,0,89,44,45,5,1,4,2,1,1,11,9,2
138284,Total students enrolled for credit,658,323,335,4,2,2,2,1,1,101,32,69,20,9,11,1,1,0,511,269,242,19,9,10,0,0,0,0,0,0
138284,Undergraduate students,658,323,335,4,2,2,2,1,1,101,32,69,20,9,11,1,1,0,511,269,242,19,9,10,0,0,0,0,0,0
138293,Total students enrolled for credit,786,542,244,2,1,1,1,1,0,200,142,58,104,67,37,4,2,2,300,194,106,5,4,1,0,0,0,170,131,39
138293,Undergraduate students,725,508,217,2,1,1,1,1,0,193,137,56,99,66,33,4,2,2,264,174,90,4,3,1,0,0,0,158,124,34
138293,Graduate student,61,34,27,0,0,0,0,0,0,7,5,2,5,1,4,0,0,0,36,20,16,1,1,0,0,0,0,12,7,5
138309,Total students enrolled for credit,13169,2691,10478,202,54,148,327,90,237,2534,435,2099,103,27,76,43,16,27,7980,1621,6359,73,15,58,1906,433,1473,1,0,1
138309,Undergraduate students,13169,2691,10478,202,54,148,327,90,237,2534,435,2099,103,27,76,43,16,27,7980,1621,6359,73,15,58,1906,433,1473,1,0,1
138354,Total students enrolled for credit,16517,6554,9963,79,28,51,486,199,287,2089,778,1311,1501,577,924,58,25,33,10771,4272,6499,723,313,410,304,137,167,506,225,281
138354,Undergraduate students,12449,5256,7193,62,23,39,381,159,222,1596,637,959,1127,460,667,38,18,20,8029,3405,4624,621,285,336,228,103,125,367,166,201
138354,Graduate student,4068,1298,2770,17,5,12,105,40,65,493,141,352,374,117,257,20,7,13,2742,867,1875,102,28,74,76,34,42,139,59,80
138372,Total students enrolled for credit,2129,1311,818,10,3,7,103,69,34,518,299,219,533,324,209,11,9,2,919,588,331,18,9,9,0,0,0,17,10,7
138372,Undergraduate students,2129,1311,818,10,3,7,103,69,34,518,299,219,533,324,209,11,9,2,919,588,331,18,9,9,0,0,0,17,10,7
138479,Total students enrolled for credit,1696,968,728,6,4,2,40,20,20,540,243,297,503,282,221,3,0,3,534,376,158,50,33,17,0,0,0,20,10,10
138479,Undergraduate students,1696,968,728,6,4,2,40,20,20,540,243,297,503,282,221,3,0,3,534,376,158,50,33,17,0,0,0,20,10,10
138488,Total students enrolled for credit,1781,853,928,7,3,4,79,38,41,278,108,170,695,330,365,3,0,3,674,348,326,30,19,11,0,0,0,15,7,8
138488,Undergraduate students,1781,853,928,7,3,4,79,38,41,278,108,170,695,330,365,3,0,3,674,348,326,30,19,11,0,0,0,15,7,8
138497,Total students enrolled for credit,457,290,167,2,2,0,14,5,9,27,17,10,41,27,14,0,0,0,364,232,132,9,7,2,0,0,0,0,0,0
138497,Undergraduate students,457,290,167,2,2,0,14,5,9,27,17,10,41,27,14,0,0,0,364,232,132,9,7,2,0,0,0,0,0,0
138558,Total students enrolled for credit,4012,1838,2174,18,6,12,34,13,21,401,118,283,238,103,135,1,0,1,3208,1548,1660,50,19,31,0,0,0,62,31,31
138558,Undergraduate students,4012,1838,2174,18,6,12,34,13,21,401,118,283,238,103,135,1,0,1,3208,1548,1660,50,19,31,0,0,0,62,31,31
138600,Total students enrolled for credit,981,14,967,2,0,2,73,0,73,276,1,275,98,1,97,1,0,1,342,9,333,56,1,55,29,2,27,104,0,104
138600,Undergraduate students,981,14,967,2,0,2,73,0,73,276,1,275,98,1,97,1,0,1,342,9,333,56,1,55,29,2,27,104,0,104
138655,Total students enrolled for credit,776,560,216,3,2,1,92,57,35,456,363,93,134,82,52,0,0,0,79,50,29,0,0,0,12,6,6,0,0,0
138655,Undergraduate students,776,560,216,3,2,1,92,57,35,456,363,93,134,82,52,0,0,0,79,50,29,0,0,0,12,6,6,0,0,0
138664,Total students enrolled for credit,75,21,54,0,0,0,10,4,6,54,15,39,8,1,7,0,0,0,3,1,2,0,0,0,0,0,0,0,0,0
138664,Undergraduate students,75,21,54,0,0,0,10,4,6,54,15,39,8,1,7,0,0,0,3,1,2,0,0,0,0,0,0,0,0,0
138682,Total students enrolled for credit,4798,1805,2993,8,4,4,15,9,6,3749,1287,2462,60,27,33,5,2,3,917,461,456,41,12,29,2,2,0,1,1,0
138682,Undergraduate students,4798,1805,2993,8,4,4,15,9,6,3749,1287,2462,60,27,33,5,2,3,917,461,456,41,12,29,2,2,0,1,1,0
138716,Total students enrolled for credit,9171,2615,6556,28,11,17,99,46,53,5532,1511,4021,216,66,150,6,1,5,3000,884,2116,126,37,89,83,25,58,81,34,47
138716,Undergraduate students,8629,2484,6145,27,10,17,95,44,51,5076,1408,3668,215,65,150,6,1,5,2939,866,2073,126,37,89,73,22,51,72,31,41
138716,Graduate student,542,131,411,1,1,0,4,2,2,456,103,353,1,1,0,0,0,0,61,18,43,0,0,0,10,3,7,9,3,6
138761,Total students enrolled for credit,320,159,161,0,0,0,3,2,1,154,66,88,17,9,8,0,0,0,115,63,52,7,1,6,0,0,0,24,18,6
138761,Undergraduate students,320,159,161,0,0,0,3,2,1,154,66,88,17,9,8,0,0,0,115,63,52,7,1,6,0,0,0,24,18,6
138789,Total students enrolled for credit,8388,2739,5649,20,7,13,287,117,170,2168,544,1624,637,231,406,20,7,13,4717,1629,3088,375,122,253,19,9,10,145,73,72
138789,Undergraduate students,7431,2503,4928,20,7,13,269,114,155,1924,486,1438,606,219,387,20,7,13,4096,1479,2617,355,118,237,14,5,9,127,68,59
138789,Graduate student,957,236,721,0,0,0,18,3,15,244,58,186,31,12,19,0,0,0,621,150,471,20,4,16,5,4,1,18,5,13
138813,Total students enrolled for credit,2713,1486,1227,13,10,3,34,19,15,1066,588,478,260,121,139,2,1,1,271,161,110,58,32,26,977,538,439,32,16,16
138813,Undergraduate students,2713,1486,1227,13,10,3,34,19,15,1066,588,478,260,121,139,2,1,1,271,161,110,58,32,26,977,538,439,32,16,16
138822,Total students enrolled for credit,839,55,784,2,0,2,15,0,15,392,32,360,30,1,29,0,0,0,394,22,372,6,0,6,0,0,0,0,0,0
138822,Undergraduate students,839,55,784,2,0,2,15,0,15,392,32,360,30,1,29,0,0,0,394,22,372,6,0,6,0,0,0,0,0,0
138840,Total students enrolled for credit,5903,1974,3929,15,4,11,46,22,24,5317,1720,3597,190,76,114,6,1,5,152,82,70,113,33,80,12,4,8,52,32,20
138840,Undergraduate students,5903,1974,3929,15,4,11,46,22,24,5317,1720,3597,190,76,114,6,1,5,152,82,70,113,33,80,12,4,8,52,32,20
138868,Total students enrolled for credit,2031,919,1112,6,3,3,16,6,10,622,275,347,106,49,57,3,2,1,1018,458,560,120,56,64,117,49,68,23,21,2
138868,Undergraduate students,1989,895,1094,5,2,3,16,6,10,610,269,341,106,49,57,3,2,1,993,443,550,119,56,63,115,48,67,22,20,2
138868,Graduate student,42,24,18,1,1,0,0,0,0,12,6,6,0,0,0,0,0,0,25,15,10,1,0,1,2,1,1,1,1,0
138901,Total students enrolled for credit,4068,1481,2587,4,3,1,28,12,16,3665,1315,2350,100,32,68,7,4,3,103,56,47,76,18,58,37,16,21,48,25,23
138901,Undergraduate students,4068,1481,2587,4,3,1,28,12,16,3665,1315,2350,100,32,68,7,4,3,103,56,47,76,18,58,37,16,21,48,25,23
138929,Total students enrolled for credit,544,204,340,14,8,6,14,8,6,261,82,179,50,18,32,20,8,12,164,73,91,1,1,0,18,5,13,2,1,1
138929,Graduate student,544,204,340,14,8,6,14,8,6,261,82,179,50,18,32,20,8,12,164,73,91,1,1,0,18,5,13,2,1,1
138938,Total students enrolled for credit,505,102,403,0,0,0,17,5,12,271,59,212,30,3,27,4,1,3,135,28,107,47,6,41,1,0,1,0,0,0
138938,Undergraduate students,505,102,403,0,0,0,17,5,12,271,59,212,30,3,27,4,1,3,135,28,107,47,6,41,1,0,1,0,0,0
138947,Total students enrolled for credit,4263,1310,2953,3,1,2,15,10,5,3336,868,2468,11,4,7,0,0,0,9,3,6,0,0,0,559,196,363,330,228,102
138947,Undergraduate students,3384,1010,2374,3,1,2,6,4,2,2758,691,2067,7,3,4,0,0,0,6,3,3,0,0,0,429,154,275,175,154,21
138947,Graduate student,879,300,579,0,0,0,9,6,3,578,177,401,4,1,3,0,0,0,3,0,3,0,0,0,130,42,88,155,74,81
138956,Total students enrolled for credit,6284,2671,3613,21,8,13,79,40,39,3139,1191,1948,229,104,125,10,3,7,2475,1173,1302,189,86,103,128,60,68,14,6,8
138956,Undergraduate students,6284,2671,3613,21,8,13,79,40,39,3139,1191,1948,229,104,125,10,3,7,2475,1173,1302,189,86,103,128,60,68,14,6,8
139010,Total students enrolled for credit,3193,984,2209,4,3,1,30,10,20,1460,353,1107,103,30,73,0,0,0,1549,571,978,20,5,15,18,7,11,9,5,4
139010,Undergraduate students,3193,984,2209,4,3,1,30,10,20,1460,353,1107,103,30,73,0,0,0,1549,571,978,20,5,15,18,7,11,9,5,4
139144,Total students enrolled for credit,2339,909,1430,6,3,3,31,7,24,134,58,76,144,52,92,0,0,0,1885,742,1143,68,18,50,57,20,37,14,9,5
139144,Undergraduate students,2138,848,1290,6,3,3,31,7,24,98,48,50,137,49,88,0,0,0,1733,695,1038,68,18,50,51,19,32,14,9,5
139144,Graduate student,201,61,140,0,0,0,0,0,0,36,10,26,7,3,4,0,0,0,152,47,105,0,0,0,6,1,5,0,0,0
139153,Total students enrolled for credit,655,317,338,1,0,1,88,51,37,449,206,243,22,12,10,0,0,0,23,13,10,0,0,0,66,31,35,6,4,2
139153,Undergraduate students,415,204,211,0,0,0,30,14,16,303,147,156,16,9,7,0,0,0,19,11,8,0,0,0,45,22,23,2,1,1
139153,Graduate student,240,113,127,1,0,1,58,37,21,146,59,87,6,3,3,0,0,0,4,2,2,0,0,0,21,9,12,4,3,1
139199,Total students enrolled for credit,3714,532,3182,10,3,7,77,13,64,1340,184,1156,263,35,228,2,0,2,1698,249,1449,114,14,100,130,25,105,80,9,71
139199,Undergraduate students,2108,229,1879,6,2,4,36,3,33,712,76,636,184,19,165,1,0,1,981,107,874,66,6,60,73,13,60,49,3,46
139199,Graduate student,1606,303,1303,4,1,3,41,10,31,628,108,520,79,16,63,1,0,1,717,142,575,48,8,40,57,12,45,31,6,25
139205,Total students enrolled for credit,978,598,380,4,1,3,2,1,1,226,158,68,45,31,14,4,3,1,281,156,125,9,6,3,393,231,162,14,11,3
139205,Undergraduate students,978,598,380,4,1,3,2,1,1,226,158,68,45,31,14,4,3,1,281,156,125,9,6,3,393,231,162,14,11,3
139214,Total students enrolled for credit,345,12,333,1,0,1,1,0,1,203,3,200,15,0,15,0,0,0,125,9,116,0,0,0,0,0,0,0,0,0
139214,Undergraduate students,345,12,333,1,0,1,1,0,1,203,3,200,15,0,15,0,0,0,125,9,116,0,0,0,0,0,0,0,0,0
139250,Total students enrolled for credit,4372,1524,2848,15,2,13,73,28,45,836,269,567,247,91,156,5,1,4,2865,1011,1854,180,56,124,110,48,62,41,18,23
139250,Undergraduate students,4372,1524,2848,15,2,13,73,28,45,836,269,567,247,91,156,5,1,4,2865,1011,1854,180,56,124,110,48,62,41,18,23
139278,Total students enrolled for credit,9696,3370,6326,33,9,24,110,35,75,3105,914,2191,497,209,288,9,3,6,5605,2077,3528,243,78,165,65,30,35,29,15,14
139278,Undergraduate students,9696,3370,6326,33,9,24,110,35,75,3105,914,2191,497,209,288,9,3,6,5605,2077,3528,243,78,165,65,30,35,29,15,14
139287,Total students enrolled for credit,71,45,26,0,0,0,0,0,0,60,38,22,0,0,0,0,0,0,0,0,0,0,0,0,0,0,0,11,7,4
139287,Undergraduate students,71,45,26,0,0,0,0,0,0,60,38,22,0,0,0,0,0,0,0,0,0,0,0,0,0,0,0,11,7,4
139311,Total students enrolled for credit,8590,2683,5907,17,7,10,498,212,286,5248,1383,3865,425,161,264,11,3,8,1751,658,1093,235,77,158,242,82,160,163,100,63
139311,Undergraduate students,8011,2489,5522,14,6,8,476,204,272,4910,1302,3608,411,155,256,9,2,7,1645,621,1024,218,68,150,241,82,159,87,49,38
139311,Graduate student,579,194,385,3,1,2,22,8,14,338,81,257,14,6,8,2,1,1,106,37,69,17,9,8,1,0,1,76,51,25
139348,Total students enrolled for credit,266,118,148,0,0,0,22,13,9,47,16,31,4,3,1,0,0,0,138,61,77,5,3,2,18,4,14,32,18,14
139348,Graduate student,266,118,148,0,0,0,22,13,9,47,16,31,4,3,1,0,0,0,138,61,77,5,3,2,18,4,14,32,18,14
139357,Total students enrolled for credit,4751,1659,3092,15,5,10,70,28,42,2104,674,1430,272,105,167,11,3,8,1950,727,1223,128,47,81,185,63,122,16,7,9
139357,Undergraduate students,4751,1659,3092,15,5,10,70,28,42,2104,674,1430,272,105,167,11,3,8,1950,727,1223,128,47,81,185,63,122,16,7,9
139366,Total students enrolled for credit,10295,4220,6075,38,18,20,234,110,124,3803,1199,2604,558,250,308,14,9,5,5267,2462,2805,190,74,116,17,4,13,174,94,80
139366,Undergraduate students,8129,3349,4780,29,13,16,191,90,101,3051,991,2060,481,210,271,12,7,5,4124,1942,2182,142,48,94,13,2,11,86,46,40
139366,Graduate student,2166,871,1295,9,5,4,43,20,23,752,208,544,77,40,37,2,2,0,1143,520,623,48,26,22,4,2,2,88,48,40
139384,Total students enrolled for credit,7982,3005,4977,36,16,20,68,32,36,656,201,455,965,429,536,5,2,3,6037,2245,3792,145,47,98,10,7,3,60,26,34
139384,Undergraduate students,7982,3005,4977,36,16,20,68,32,36,656,201,455,965,429,536,5,2,3,6037,2245,3792,145,47,98,10,7,3,60,26,34
139393,Total students enrolled for credit,1080,494,586,0,0,0,17,7,10,27,17,10,33,20,13,1,0,1,935,421,514,28,11,17,4,2,2,35,16,19
139393,Undergraduate students,1017,467,550,0,0,0,15,6,9,27,17,10,33,20,13,1,0,1,878,396,482,28,11,17,4,2,2,31,15,16
139393,Graduate student,63,27,36,0,0,0,2,1,1,0,0,0,0,0,0,0,0,0,57,25,32,0,0,0,0,0,0,4,1,3
139463,Total students enrolled for credit,6043,2454,3589,21,10,11,94,33,61,270,120,150,1364,564,800,7,1,6,3850,1529,2321,77,33,44,201,89,112,159,75,84
139463,Undergraduate students,6043,2454,3589,21,10,11,94,33,61,270,120,150,1364,564,800,7,1,6,3850,1529,2321,77,33,44,201,89,112,159,75,84
139506,Total students enrolled for credit,295,168,127,0,0,0,0,0,0,289,164,125,0,0,0,0,0,0,2,2,0,0,0,0,0,0,0,4,2,2
139506,Undergraduate students,295,168,127,0,0,0,0,0,0,289,164,125,0,0,0,0,0,0,2,2,0,0,0,0,0,0,0,4,2,2
139579,Total students enrolled for credit,2125,655,1470,12,6,6,93,24,69,770,220,550,135,41,94,10,3,7,1046,340,706,1,0,1,54,20,34,4,1,3
139579,Undergraduate students,1020,359,661,7,4,3,16,3,13,461,153,308,69,25,44,7,2,5,430,159,271,1,0,1,28,13,15,1,0,1
139579,Graduate student,1105,296,809,5,2,3,77,21,56,309,67,242,66,16,50,3,1,2,616,181,435,0,0,0,26,7,19,3,1,2
139621,Total students enrolled for credit,3777,1578,2199,19,7,12,39,23,16,1641,649,992,73,33,40,11,5,6,1737,755,982,228,94,134,29,12,17,0,0,0
139621,Undergraduate students,3777,1578,2199,19,7,12,39,23,16,1641,649,992,73,33,40,11,5,6,1737,755,982,228,94,134,29,12,17,0,0,0
139630,Total students enrolled for credit,931,491,440,2,1,1,6,4,2,124,63,61,55,28,27,6,5,1,662,345,317,32,14,18,0,0,0,44,31,13
139630,Undergraduate students,931,491,440,2,1,1,6,4,2,124,63,61,55,28,27,6,5,1,662,345,317,32,14,18,0,0,0,44,31,13
139658,Total students enrolled for credit,15653,6523,9130,24,12,12,2214,979,1235,1587,450,1137,1006,397,609,18,11,7,6835,2805,4030,410,165,245,806,326,480,2753,1378,1375
139658,Undergraduate students,7859,3193,4666,13,7,6,1417,631,786,701,192,509,624,248,376,4,2,2,3143,1253,1890,263,107,156,313,107,206,1381,646,735
139658,Graduate student,7794,3330,4464,11,5,6,797,348,449,886,258,628,382,149,233,14,9,5,3692,1552,2140,147,58,89,493,219,274,1372,732,640
139700,Total students enrolled for credit,7831,2862,4969,17,6,11,112,33,79,1341,469,872,904,323,581,4,2,2,5096,1893,3203,254,100,154,26,10,16,77,26,51
139700,Undergraduate students,7831,2862,4969,17,6,11,112,33,79,1341,469,872,904,323,581,4,2,2,5096,1893,3203,254,100,154,26,10,16,77,26,51
139719,Total students enrolled for credit,3044,1193,1851,5,2,3,12,2,10,2723,1063,1660,47,17,30,0,0,0,163,54,109,52,30,22,5,2,3,37,23,14
139719,Undergraduate students,2543,1065,1478,4,2,2,9,1,8,2306,973,1333,41,17,24,0,0,0,123,39,84,51,30,21,2,0,2,7,3,4
139719,Graduate student,501,128,373,1,0,1,3,1,2,417,90,327,6,0,6,0,0,0,40,15,25,1,0,1,3,2,1,30,20,10
139746,Total students enrolled for credit,73,13,60,0,0,0,2,0,2,22,7,15,3,1,2,0,0,0,41,4,37,5,1,4,0,0,0,0,0,0
139746,Undergraduate students,73,13,60,0,0,0,2,0,2,22,7,15,3,1,2,0,0,0,41,4,37,5,1,4,0,0,0,0,0,0
139755,Total students enrolled for credit,31513,22010,9503,14,9,5,5054,3400,1654,1732,1100,632,1721,1212,509,17,13,4,13895,9836,4059,908,599,309,475,311,164,7697,5530,2167
139755,Undergraduate students,17223,10983,6240,5,3,2,3411,2158,1253,1172,715,457,1118,732,386,8,6,2,8453,5371,3082,616,372,244,467,306,161,1973,1320,653
139755,Graduate student,14290,11027,3263,9,6,3,1643,1242,401,560,385,175,603,480,123,9,7,2,5442,4465,977,292,227,65,8,5,3,5724,4210,1514
139764,Total students enrolled for credit,3646,1235,2411,8,3,5,49,28,21,961,281,680,145,50,95,6,2,4,2312,786,1526,59,24,35,14,6,8,92,55,37
139764,Undergraduate students,3024,1130,1894,8,3,5,43,24,19,832,268,564,132,50,82,5,2,3,1864,714,1150,54,23,31,11,4,7,75,42,33
139764,Graduate student,622,105,517,0,0,0,6,4,2,129,13,116,13,0,13,1,0,1,448,72,376,5,1,4,3,2,1,17,13,4
139861,Total students enrolled for credit,7989,3033,4956,11,6,5,134,58,76,695,228,467,395,141,254,6,4,2,6405,2453,3952,226,95,131,25,8,17,92,40,52
139861,Undergraduate students,6804,2629,4175,11,6,5,106,44,62,394,139,255,357,130,227,5,3,2,5630,2175,3455,200,90,110,22,7,15,79,35,44
139861,Graduate student,1185,404,781,0,0,0,28,14,14,301,89,212,38,11,27,1,1,0,775,278,497,26,5,21,3,1,2,13,5,8
139931,Total students enrolled for credit,23596,11052,12544,97,39,58,425,245,180,6041,2607,3434,1193,568,625,21,12,9,14463,6900,7563,488,210,278,348,185,163,520,286,234
139931,Undergraduate students,20314,9966,10348,95,39,56,370,228,142,5250,2385,2865,1072,528,544,20,12,8,12432,6217,6215,432,197,235,296,168,128,347,192,155
139931,Graduate student,3282,1086,2196,2,0,2,55,17,38,791,222,569,121,40,81,1,0,1,2031,683,1348,56,13,43,52,17,35,173,94,79
139940,Total students enrolled for credit,38370,15477,22893,50,17,33,4434,2149,2285,14362,4917,9445,3358,1318,2040,19,7,12,11041,4949,6092,2012,690,1322,690,297,393,2404,1133,1271
139940,Undergraduate students,29773,12090,17683,40,12,28,3842,1926,1916,12469,4346,8123,2959,1168,1791,14,6,8,7458,3480,3978,1756,609,1147,445,201,244,790,342,448
139940,Graduate student,8597,3387,5210,10,5,5,592,223,369,1893,571,1322,399,150,249,5,1,4,3583,1469,2114,256,81,175,245,96,149,1614,791,823
139959,Total students enrolled for credit,40462,17327,23135,39,19,20,3520,1606,1914,3397,1174,2223,2003,860,1143,34,13,21,27478,11942,15536,1409,555,854,493,208,285,2089,950,1139
139959,Undergraduate students,30690,13357,17333,26,12,14,3081,1453,1628,2381,872,1509,1754,754,1000,29,10,19,21438,9438,12000,1146,471,675,244,98,146,591,249,342
139959,Graduate student,9772,3970,5802,13,7,6,439,153,286,1016,302,714,249,106,143,5,3,2,6040,2504,3536,263,84,179,249,110,139,1498,701,797
139968,Total students enrolled for credit,4523,1525,2998,2,1,1,44,18,26,1675,532,1143,156,60,96,3,2,1,2466,839,1627,150,61,89,18,8,10,9,4,5
139968,Undergraduate students,4523,1525,2998,2,1,1,44,18,26,1675,532,1143,156,60,96,3,2,1,2466,839,1627,150,61,89,18,8,10,9,4,5
139986,Total students enrolled for credit,6558,2169,4389,19,7,12,73,27,46,2845,785,2060,286,97,189,4,2,2,3174,1194,1980,76,19,57,54,24,30,27,14,13
139986,Undergraduate students,6558,2169,4389,19,7,12,73,27,46,2845,785,2060,286,97,189,4,2,2,3174,1194,1980,76,19,57,54,24,30,27,14,13
139995,Total students enrolled for credit,242,99,143,0,0,0,0,0,0,154,60,94,0,0,0,0,0,0,78,39,39,0,0,0,10,0,10,0,0,0
139995,Undergraduate students,242,99,143,0,0,0,0,0,0,154,60,94,0,0,0,0,0,0,78,39,39,0,0,0,10,0,10,0,0,0
140003,Total students enrolled for credit,532,75,457,1,0,1,35,10,25,346,43,303,65,8,57,0,0,0,85,14,71,0,0,0,0,0,0,0,0,0
140003,Undergraduate students,532,75,457,1,0,1,35,10,25,346,43,303,65,8,57,0,0,0,85,14,71,0,0,0,0,0,0,0,0,0
140012,Total students enrolled for credit,11152,4571,6581,24,7,17,832,366,466,3879,1440,2439,1568,634,934,17,9,8,3591,1592,1999,404,171,233,665,267,398,172,85,87
140012,Undergraduate students,11152,4571,6581,24,7,17,832,366,466,3879,1440,2439,1568,634,934,17,9,8,3591,1592,1999,404,171,233,665,267,398,172,85,87
140146,Total students enrolled for credit,300,172,128,0,0,0,0,0,0,290,168,122,1,1,0,0,0,0,3,1,2,1,1,0,4,0,4,1,1,0
140146,Graduate student,300,172,128,0,0,0,0,0,0,290,168,122,1,1,0,0,0,0,3,1,2,1,1,0,4,0,4,1,1,0
140234,Total students enrolled for credit,1193,544,649,3,2,1,13,5,8,290,138,152,18,12,6,0,0,0,829,363,466,24,14,10,5,3,2,11,7,4
140234,Undergraduate students,979,487,492,3,2,1,12,5,7,226,128,98,12,9,3,0,0,0,692,321,371,22,14,8,3,2,1,9,6,3
140234,Graduate student,214,57,157,0,0,0,1,0,1,64,10,54,6,3,3,0,0,0,137,42,95,2,0,2,2,1,1,2,1,1
140243,Total students enrolled for credit,5093,2091,3002,24,11,13,123,47,76,469,133,336,808,321,487,10,5,5,3491,1493,1998,89,45,44,6,3,3,73,33,40
140243,Undergraduate students,5093,2091,3002,24,11,13,123,47,76,469,133,336,808,321,487,10,5,5,3491,1493,1998,89,45,44,6,3,3,73,33,40
140252,Total students enrolled for credit,3061,1496,1565,22,11,11,82,36,46,414,151,263,418,184,234,0,0,0,1284,714,570,0,0,0,693,338,355,148,62,86
140252,Undergraduate students,861,384,477,8,3,5,13,6,7,143,62,81,79,29,50,0,0,0,256,127,129,0,0,0,320,137,183,42,20,22
140252,Graduate student,2200,1112,1088,14,8,6,69,30,39,271,89,182,339,155,184,0,0,0,1028,587,441,0,0,0,373,201,172,106,42,64
140331,Total students enrolled for credit,14643,6248,8395,66,33,33,361,177,184,4518,1709,2809,1590,687,903,22,8,14,7391,3330,4061,330,136,194,170,75,95,195,93,102
140331,Undergraduate students,14643,6248,8395,66,33,33,361,177,184,4518,1709,2809,1590,687,903,22,8,14,7391,3330,4061,330,136,194,170,75,95,195,93,102
140340,Total students enrolled for credit,1334,418,916,3,1,2,151,100,51,917,244,673,58,19,39,0,0,0,101,37,64,9,1,8,94,16,78,1,0,1
140340,Undergraduate students,1150,320,830,3,1,2,65,41,24,845,215,630,50,14,36,0,0,0,92,34,58,9,1,8,86,14,72,0,0,0
140340,Graduate student,184,98,86,0,0,0,86,59,27,72,29,43,8,5,3,0,0,0,9,3,6,0,0,0,8,2,6,1,0,1
140447,Total students enrolled for credit,9597,3500,6097,27,6,21,701,263,438,2978,759,2219,422,167,255,14,4,10,4478,1919,2559,202,75,127,511,185,326,264,122,142
140447,Undergraduate students,5057,1898,3159,11,5,6,303,117,186,1616,445,1171,253,102,151,9,4,5,2334,1019,1315,136,52,84,255,80,175,140,74,66
140447,Graduate student,4540,1602,2938,16,1,15,398,146,252,1362,314,1048,169,65,104,5,0,5,2144,900,1244,66,23,43,256,105,151,124,48,76
140553,Total students enrolled for credit,2219,2212,7,5,5,0,4,4,0,2094,2089,5,18,18,0,0,0,0,6,6,0,10,10,0,45,43,2,37,37,0
140553,Undergraduate students,2219,2212,7,5,5,0,4,4,0,2094,2089,5,18,18,0,0,0,0,6,6,0,10,10,0,45,43,2,37,37,0
140562,Total students enrolled for credit,482,166,316,1,1,0,42,22,20,368,106,262,21,11,10,2,1,1,29,17,12,5,1,4,14,7,7,0,0,0
140562,Graduate student,482,166,316,1,1,0,42,22,20,368,106,262,21,11,10,2,1,1,29,17,12,5,1,4,14,7,7,0,0,0
140678,Total students enrolled for credit,3880,1529,2351,17,6,11,42,22,20,252,105,147,213,70,143,2,2,0,3225,1261,1964,62,25,37,58,33,25,9,5,4
140678,Undergraduate students,3880,1529,2351,17,6,11,42,22,20,252,105,147,213,70,143,2,2,0,3225,1261,1964,62,25,37,58,33,25,9,5,4
140696,Total students enrolled for credit,1589,590,999,3,0,3,51,19,32,261,95,166,129,52,77,1,0,1,448,232,216,30,15,15,551,127,424,115,50,65
140696,Undergraduate students,1589,590,999,3,0,3,51,19,32,261,95,166,129,52,77,1,0,1,448,232,216,30,15,15,551,127,424,115,50,65
140720,Total students enrolled for credit,590,241,349,3,1,2,1,0,1,449,192,257,11,7,4,0,0,0,12,10,2,9,1,8,93,25,68,12,5,7
140720,Undergraduate students,590,241,349,3,1,2,1,0,1,449,192,257,11,7,4,0,0,0,12,10,2,9,1,8,93,25,68,12,5,7
140818,Total students enrolled for credit,3088,857,2231,15,5,10,37,7,30,332,99,233,149,39,110,1,1,0,2269,610,1659,2,1,1,281,94,187,2,1,1
140818,Undergraduate students,1468,521,947,9,3,6,21,5,16,141,59,82,94,29,65,1,1,0,992,346,646,1,1,0,208,76,132,1,1,0
140818,Graduate student,1620,336,1284,6,2,4,16,2,14,191,40,151,55,10,45,0,0,0,1277,264,1013,1,0,1,73,18,55,1,0,1
140827,Total students enrolled for credit,87,32,55,0,0,0,5,0,5,11,4,7,6,0,6,0,0,0,63,27,36,1,1,0,0,0,0,1,0,1
140827,Undergraduate students,87,32,55,0,0,0,5,0,5,11,4,7,6,0,6,0,0,0,63,27,36,1,1,0,0,0,0,1,0,1
140872,Total students enrolled for credit,1663,887,776,8,5,3,12,3,9,355,225,130,116,61,55,2,1,1,1070,534,536,29,16,13,66,39,27,5,3,2
140872,Undergraduate students,1544,854,690,8,5,3,12,3,9,337,219,118,107,55,52,2,1,1,981,514,467,28,16,12,66,39,27,3,2,1
140872,Graduate student,119,33,86,0,0,0,0,0,0,18,6,12,9,6,3,0,0,0,89,20,69,1,0,1,0,0,0,2,1,1
140942,Total students enrolled for credit,6050,2463,3587,29,12,17,114,49,65,2861,1023,1838,385,159,226,10,5,5,2399,1102,1297,177,75,102,19,7,12,56,31,25
140942,Undergraduate students,6050,2463,3587,29,12,17,114,49,65,2861,1023,1838,385,159,226,10,5,5,2399,1102,1297,177,75,102,19,7,12,56,31,25
140951,Total students enrolled for credit,14111,4803,9308,72,21,51,769,259,510,1619,560,1059,1109,355,754,47,15,32,7009,2368,4641,6,3,3,501,170,331,2979,1052,1927
140951,Undergraduate students,11305,3769,7536,62,16,46,677,219,458,1299,464,835,978,299,679,44,15,29,6025,1990,4035,4,1,3,417,139,278,1799,626,1173
140951,Graduate student,2806,1034,1772,10,5,5,92,40,52,320,96,224,131,56,75,3,0,3,984,378,606,2,2,0,84,31,53,1180,426,754
140960,Total students enrolled for credit,5488,2202,3286,19,7,12,3,2,1,4530,1774,2756,348,151,197,4,2,2,264,137,127,176,70,106,52,23,29,92,36,56
140960,Undergraduate students,5274,2146,3128,18,6,12,3,2,1,4397,1738,2659,341,149,192,4,2,2,223,126,97,173,70,103,36,20,16,79,33,46
140960,Graduate student,214,56,158,1,1,0,0,0,0,133,36,97,7,2,5,0,0,0,41,11,30,3,0,3,16,3,13,13,3,10
140988,Total students enrolled for credit,2205,896,1309,2,2,0,19,8,11,714,274,440,100,46,54,3,1,2,1217,492,725,50,23,27,31,8,23,69,42,27
140988,Undergraduate students,1905,788,1117,1,1,0,13,5,8,591,249,342,91,43,48,3,1,2,1082,432,650,45,19,26,25,5,20,54,33,21
140988,Graduate student,300,108,192,1,1,0,6,3,3,123,25,98,9,3,6,0,0,0,135,60,75,5,4,1,6,3,3,15,9,6
141006,Total students enrolled for credit,2797,1320,1477,5,4,1,21,13,8,1511,613,898,79,32,47,0,0,0,1157,648,509,0,0,0,17,8,9,7,2,5
141006,Undergraduate students,2797,1320,1477,5,4,1,21,13,8,1511,613,898,79,32,47,0,0,0,1157,648,509,0,0,0,17,8,9,7,2,5
141015,Total students enrolled for credit,416,162,254,2,1,1,25,7,18,47,20,27,23,10,13,0,0,0,251,104,147,18,7,11,50,13,37,0,0,0
141015,Undergraduate students,416,162,254,2,1,1,25,7,18,47,20,27,23,10,13,0,0,0,251,104,147,18,7,11,50,13,37,0,0,0
141060,Total students enrolled for credit,2166,0,2166,25,0,25,2,0,2,2087,0,2087,4,0,4,0,0,0,1,0,1,28,0,28,0,0,0,19,0,19
141060,Undergraduate students,2166,0,2166,25,0,25,2,0,2,2087,0,2087,4,0,4,0,0,0,1,0,1,28,0,28,0,0,0,19,0,19
141167,Total students enrolled for credit,1493,524,969,4,1,3,7,5,2,299,94,205,42,25,17,3,2,1,588,229,359,0,0,0,501,134,367,49,34,15
141167,Undergraduate students,942,416,526,3,1,2,6,4,2,212,80,132,34,23,11,2,1,1,436,199,237,0,0,0,219,86,133,30,22,8
141167,Graduate student,551,108,443,1,0,1,1,1,0,87,14,73,8,2,6,1,1,0,152,30,122,0,0,0,282,48,234,19,12,7
141185,Total students enrolled for credit,1534,644,890,7,5,2,113,69,44,133,56,77,52,20,32,2,0,2,1165,468,697,36,17,19,10,3,7,16,6,10
141185,Undergraduate students,1534,644,890,7,5,2,113,69,44,133,56,77,52,20,32,2,0,2,1165,468,697,36,17,19,10,3,7,16,6,10
141237,Total students enrolled for credit,2454,1106,1348,7,2,5,42,21,21,149,72,77,82,39,43,0,0,0,1696,738,958,0,0,0,420,198,222,58,36,22
141237,Undergraduate students,2408,1073,1335,7,2,5,42,21,21,148,71,77,82,39,43,0,0,0,1654,709,945,0,0,0,418,196,222,57,35,22
141237,Graduate student,46,33,13,0,0,0,0,0,0,1,1,0,0,0,0,0,0,0,42,29,13,0,0,0,2,2,0,1,1,0
141255,Total students enrolled for credit,5890,2244,3646,22,9,13,53,22,31,1810,623,1187,355,129,226,12,4,8,3483,1397,2086,91,38,53,35,10,25,29,12,17
141255,Undergraduate students,5890,2244,3646,22,9,13,53,22,31,1810,623,1187,355,129,226,12,4,8,3483,1397,2086,91,38,53,35,10,25,29,12,17
141264,Total students enrolled for credit,13710,4975,8735,32,22,10,179,80,99,4579,1610,2969,655,255,400,12,6,6,7392,2625,4767,434,149,285,58,25,33,369,203,166
141264,Undergraduate students,10280,4088,6192,22,15,7,150,72,78,3771,1431,2340,562,221,341,10,5,5,5061,2010,3051,353,132,221,52,24,28,299,178,121
141264,Graduate student,3430,887,2543,10,7,3,29,8,21,808,179,629,93,34,59,2,1,1,2331,615,1716,81,17,64,6,1,5,70,25,45
141325,Total students enrolled for credit,848,33,815,0,0,0,16,2,14,247,18,229,37,0,37,1,0,1,324,12,312,24,0,24,12,1,11,187,0,187
141325,Undergraduate students,775,20,755,0,0,0,16,2,14,195,8,187,36,0,36,1,0,1,305,9,296,24,0,24,12,1,11,186,0,186
141325,Graduate student,73,13,60,0,0,0,0,0,0,52,10,42,1,0,1,0,0,0,19,3,16,0,0,0,0,0,0,1,0,1
141334,Total students enrolled for credit,15672,5403,10269,27,10,17,184,77,107,5625,1808,3817,756,241,515,17,8,9,8136,2895,5241,485,180,305,238,97,141,204,87,117
141334,Undergraduate students,12757,4711,8046,19,7,12,144,62,82,4797,1625,3172,667,218,449,15,7,8,6319,2471,3848,460,175,285,184,79,105,152,67,85
141334,Graduate student,2915,692,2223,8,3,5,40,15,25,828,183,645,89,23,66,2,1,1,1817,424,1393,25,5,20,54,18,36,52,20,32
141361,Total students enrolled for credit,1336,576,760,5,0,5,11,4,7,78,43,35,46,21,25,1,1,0,994,413,581,31,9,22,82,32,50,88,53,35
141361,Undergraduate students,1336,576,760,5,0,5,11,4,7,78,43,35,46,21,25,1,1,0,994,413,581,31,9,22,82,32,50,88,53,35
141486,Total students enrolled for credit,2918,963,1955,24,9,15,845,248,597,245,97,148,221,83,138,562,166,396,547,204,343,176,54,122,262,88,174,36,14,22
141486,Undergraduate students,2098,715,1383,15,4,11,608,176,432,202,85,117,172,69,103,385,115,270,397,153,244,164,49,115,127,51,76,28,13,15
141486,Graduate student,820,248,572,9,5,4,237,72,165,43,12,31,49,14,35,177,51,126,150,51,99,12,5,7,135,37,98,8,1,7
141565,Total students enrolled for credit,4338,1592,2746,25,9,16,854,324,530,53,27,26,569,185,384,405,171,234,906,334,572,1366,480,886,18,5,13,142,57,85
141565,Undergraduate students,3703,1363,2340,23,7,16,620,241,379,42,21,21,515,165,350,368,158,210,786,285,501,1201,432,769,17,5,12,131,49,82
141565,Graduate student,635,229,406,2,2,0,234,83,151,11,6,5,54,20,34,37,13,24,120,49,71,165,48,117,1,0,1,11,8,3
141574,Total students enrolled for credit,20993,9013,11980,37,8,29,7357,3284,4073,295,158,137,2030,779,1251,717,281,436,4198,1765,2433,4915,2122,2793,87,36,51,1357,580,777
141574,Undergraduate students,15299,6738,8561,27,7,20,5850,2718,3132,238,128,110,1637,635,1002,470,194,276,2682,1095,1587,3789,1728,2061,39,18,21,567,215,352
141574,Graduate student,5694,2275,3419,10,1,9,1507,566,941,57,30,27,393,144,249,247,87,160,1516,670,846,1126,394,732,48,18,30,790,365,425
141608,Total students enrolled for credit,160,87,73,0,0,0,57,27,30,24,18,6,8,6,2,36,18,18,8,5,3,27,13,14,0,0,0,0,0,0
141608,Undergraduate students,160,87,73,0,0,0,57,27,30,24,18,6,8,6,2,36,18,18,8,5,3,27,13,14,0,0,0,0,0,0
141644,Total students enrolled for credit,5000,2195,2805,30,11,19,746,282,464,319,172,147,677,294,383,97,45,52,1479,740,739,694,240,454,394,176,218,564,235,329
141644,Undergraduate students,4262,1872,2390,29,11,18,651,244,407,287,154,133,605,262,343,86,40,46,1239,628,611,563,189,374,365,163,202,437,181,256
141644,Graduate student,738,323,415,1,0,1,95,38,57,32,18,14,72,32,40,11,5,6,240,112,128,131,51,80,29,13,16,127,54,73
141680,Total students enrolled for credit,5460,3063,2397,8,2,6,2302,1345,957,99,64,35,598,299,299,334,182,152,502,284,218,1504,827,677,49,32,17,64,28,36
141680,Undergraduate students,5460,3063,2397,8,2,6,2302,1345,957,99,64,35,598,299,299,334,182,152,502,284,218,1504,827,677,49,32,17,64,28,36
141796,Total students enrolled for credit,10484,4176,6308,15,4,11,4301,1744,2557,126,61,65,982,352,630,317,117,200,1144,505,639,2632,1056,1576,24,16,8,943,321,622
141796,Undergraduate students,10484,4176,6308,15,4,11,4301,1744,2557,126,61,65,982,352,630,317,117,200,1144,505,639,2632,1056,1576,24,16,8,943,321,622
141802,Total students enrolled for credit,1765,632,1133,2,0,2,497,173,324,7,3,4,211,60,151,107,38,69,297,110,187,608,229,379,6,5,1,30,14,16
141802,Undergraduate students,1765,632,1133,2,0,2,497,173,324,7,3,4,211,60,151,107,38,69,297,110,187,608,229,379,6,5,1,30,14,16
141811,Total students enrolled for credit,10289,4134,6155,13,5,8,3794,1580,2214,262,140,122,1375,510,865,508,185,323,938,393,545,3138,1225,1913,25,15,10,236,81,155
141811,Undergraduate students,10289,4134,6155,13,5,8,3794,1580,2214,262,140,122,1375,510,865,508,185,323,938,393,545,3138,1225,1913,25,15,10,236,81,155
141839,Total students enrolled for credit,4307,1538,2769,9,2,7,1211,458,753,29,18,11,547,181,366,277,94,183,793,293,500,1348,457,891,29,12,17,64,23,41
141839,Undergraduate students,4307,1538,2769,9,2,7,1211,458,753,29,18,11,547,181,366,277,94,183,793,293,500,1348,457,891,29,12,17,64,23,41
141848,Total students enrolled for credit,75,64,11,0,0,0,1,1,0,24,19,5,24,22,2,0,0,0,25,22,3,1,0,1,0,0,0,0,0,0
141848,Undergraduate students,75,64,11,0,0,0,1,1,0,24,19,5,24,22,2,0,0,0,25,22,3,1,0,1,0,0,0,0,0,0
141936,Total students enrolled for credit,47,16,31,2,0,2,9,3,6,2,2,0,1,1,0,3,2,1,27,7,20,1,1,0,0,0,0,2,0,2
141936,Graduate student,47,16,31,2,0,2,9,3,6,2,2,0,1,1,0,3,2,1,27,7,20,1,1,0,0,0,0,2,0,2
141945,Total students enrolled for credit,107,70,37,1,0,1,32,23,9,12,7,5,2,1,1,41,27,14,19,12,7,0,0,0,0,0,0,0,0,0
141945,Undergraduate students,107,70,37,1,0,1,32,23,9,12,7,5,2,1,1,41,27,14,19,12,7,0,0,0,0,0,0,0,0,0
141981,Total students enrolled for credit,3854,1328,2526,11,5,6,1341,513,828,79,41,38,474,143,331,236,71,165,418,152,266,1265,393,872,3,1,2,27,9,18
141981,Undergraduate students,3854,1328,2526,11,5,6,1341,513,828,79,41,38,474,143,331,236,71,165,418,152,266,1265,393,872,3,1,2,27,9,18
141990,Total students enrolled for credit,3755,1358,2397,12,3,9,795,291,504,43,19,24,563,175,388,209,68,141,573,232,341,1517,552,965,20,10,10,23,8,15
141990,Undergraduate students,3755,1358,2397,12,3,9,795,291,504,43,19,24,563,175,388,209,68,141,573,232,341,1517,552,965,20,10,10,23,8,15
142054,Total students enrolled for credit,647,92,555,5,1,4,38,7,31,19,4,15,112,15,97,6,1,5,450,60,390,10,3,7,7,1,6,0,0,0
142054,Undergraduate students,647,92,555,5,1,4,38,7,31,19,4,15,112,15,97,6,1,5,450,60,390,10,3,7,7,1,6,0,0,0
142090,Total students enrolled for credit,153,90,63,0,0,0,1,1,0,2,1,1,7,4,3,1,0,1,132,76,56,4,3,1,6,5,1,0,0,0
142090,Undergraduate students,153,90,63,0,0,0,1,1,0,2,1,1,7,4,3,1,0,1,132,76,56,4,3,1,6,5,1,0,0,0
142115,Total students enrolled for credit,30267,12979,17288,144,55,89,647,283,364,459,273,186,3197,1326,1871,101,50,51,22641,9421,13220,1079,491,588,1046,362,684,953,718,235
142115,Undergraduate students,23634,10805,12829,115,45,70,525,233,292,379,227,152,2855,1206,1649,90,44,46,17361,7738,9623,1029,471,558,503,233,270,777,608,169
142115,Graduate student,6633,2174,4459,29,10,19,122,50,72,80,46,34,342,120,222,11,6,5,5280,1683,3597,50,20,30,543,129,414,176,110,66
142179,Total students enrolled for credit,1008,342,666,7,3,4,10,3,7,3,0,3,157,53,104,2,1,1,805,278,527,8,1,7,16,3,13,0,0,0
142179,Undergraduate students,1008,342,666,7,3,4,10,3,7,3,0,3,157,53,104,2,1,1,805,278,527,8,1,7,16,3,13,0,0,0
142276,Total students enrolled for credit,16020,7181,8839,164,63,101,242,102,140,176,93,83,1600,644,956,34,17,17,11415,4918,6497,427,180,247,839,264,575,1123,900,223
142276,Undergraduate students,13687,6143,7544,151,57,94,173,83,90,135,67,68,1493,605,888,28,14,14,9595,4116,5479,381,156,225,741,218,523,990,827,163
142276,Graduate student,2333,1038,1295,13,6,7,69,19,50,41,26,15,107,39,68,6,3,3,1820,802,1018,46,24,22,98,46,52,133,73,60
142285,Total students enrolled for credit,14032,7301,6731,114,50,64,243,113,130,200,134,66,1272,592,680,34,16,18,9896,5078,4818,486,245,241,831,403,428,956,670,286
142285,Undergraduate students,11344,5815,5529,70,30,40,187,83,104,161,113,48,1120,505,615,29,14,15,7979,4048,3931,423,207,216,721,337,384,654,478,176
142285,Graduate student,2688,1486,1202,44,20,24,56,30,26,39,21,18,152,87,65,5,2,3,1917,1030,887,63,38,25,110,66,44,302,192,110
142294,Total students enrolled for credit,1028,504,524,5,3,2,15,5,10,24,18,6,132,63,69,8,6,2,670,320,350,35,19,16,66,30,36,73,40,33
142294,Undergraduate students,999,496,503,5,3,2,15,5,10,24,18,6,129,61,68,8,6,2,657,317,340,35,19,16,53,27,26,73,40,33
142294,Graduate student,29,8,21,0,0,0,0,0,0,0,0,0,3,2,1,0,0,0,13,3,10,0,0,0,13,3,10,0,0,0
142328,Total students enrolled for credit,4883,1833,3050,156,62,94,55,27,28,45,27,18,258,99,159,22,11,11,3911,1427,2484,140,45,95,195,79,116,101,56,45
142328,Undergraduate students,4883,1833,3050,156,62,94,55,27,28,45,27,18,258,99,159,22,11,11,3911,1427,2484,140,45,95,195,79,116,101,56,45
142407,Total students enrolled for credit,76,5,71,1,0,1,2,0,2,0,0,0,27,3,24,0,0,0,46,2,44,0,0,0,0,0,0,0,0,0
142407,Undergraduate students,76,5,71,1,0,1,2,0,2,0,0,0,27,3,24,0,0,0,46,2,44,0,0,0,0,0,0,0,0,0
142416,Total students enrolled for credit,19,1,18,0,0,0,0,0,0,0,0,0,2,1,1,0,0,0,17,0,17,0,0,0,0,0,0,0,0,0
142416,Undergraduate students,19,1,18,0,0,0,0,0,0,0,0,0,2,1,1,0,0,0,17,0,17,0,0,0,0,0,0,0,0,0
142443,Total students enrolled for credit,7268,2889,4379,209,84,125,112,47,65,79,39,40,369,141,228,47,14,33,5662,2232,3430,0,0,0,790,332,458,0,0,0
142443,Undergraduate students,7268,2889,4379,209,84,125,112,47,65,79,39,40,369,141,228,47,14,33,5662,2232,3430,0,0,0,790,332,458,0,0,0
142461,Total students enrolled for credit,6074,2581,3493,31,15,16,158,59,99,70,36,34,710,273,437,19,10,9,4659,2021,2638,70,25,45,290,109,181,67,33,34
142461,Undergraduate students,5190,2243,2947,25,12,13,142,51,91,49,23,26,653,254,399,15,8,7,3934,1747,2187,46,17,29,268,101,167,58,30,28
142461,Graduate student,884,338,546,6,3,3,16,8,8,21,13,8,57,19,38,4,2,2,725,274,451,24,8,16,22,8,14,9,3,6
142489,Total students enrolled for credit,46,0,46,2,0,2,0,0,0,0,0,0,3,0,3,0,0,0,36,0,36,3,0,3,2,0,2,0,0,0
142489,Undergraduate students,46,0,46,2,0,2,0,0,0,0,0,0,3,0,3,0,0,0,36,0,36,3,0,3,2,0,2,0,0,0
142522,Total students enrolled for credit,69458,31012,38446,160,68,92,485,208,277,307,121,186,1700,691,1009,323,144,179,37365,16478,20887,3198,1313,1885,14058,5655,8403,11862,6334,5528
142522,Undergraduate students,69458,31012,38446,160,68,92,485,208,277,307,121,186,1700,691,1009,323,144,179,37365,16478,20887,3198,1313,1885,14058,5655,8403,11862,6334,5528
142559,Total students enrolled for credit,12103,4501,7602,90,24,66,145,57,88,86,42,44,2178,825,1353,34,12,22,8526,3086,5440,200,58,142,732,340,392,112,57,55
142559,Undergraduate students,12103,4501,7602,90,24,66,145,57,88,86,42,44,2178,825,1353,34,12,22,8526,3086,5440,200,58,142,732,340,392,112,57,55
142832,Total students enrolled for credit,1554,309,1245,8,3,5,49,8,41,197,35,162,171,25,146,1,1,0,833,183,650,49,12,37,205,36,169,41,6,35
142832,Graduate student,1554,309,1245,8,3,5,49,8,41,197,35,162,171,25,146,1,1,0,833,183,650,49,12,37,205,36,169,41,6,35
142887,Total students enrolled for credit,306,124,182,2,2,0,19,8,11,26,18,8,100,43,57,3,2,1,153,49,104,3,2,1,0,0,0,0,0,0
142887,Undergraduate students,306,124,182,2,2,0,19,8,11,26,18,8,100,43,57,3,2,1,153,49,104,3,2,1,0,0,0,0,0,0
142957,Total students enrolled for credit,40,22,18,1,0,1,9,6,3,8,5,3,2,0,2,0,0,0,20,11,9,0,0,0,0,0,0,0,0,0
142957,Undergraduate students,23,10,13,1,0,1,5,3,2,6,4,2,2,0,2,0,0,0,9,3,6,0,0,0,0,0,0,0,0,0
142957,Graduate student,17,12,5,0,0,0,4,3,1,2,1,1,0,0,0,0,0,0,11,8,3,0,0,0,0,0,0,0,0,0
143048,Total students enrolled for credit,3911,1073,2838,9,3,6,405,84,321,140,57,83,422,130,292,2,0,2,1400,409,991,104,17,87,191,58,133,1238,315,923
143048,Undergraduate students,3103,815,2288,7,2,5,347,66,281,100,40,60,333,96,237,2,0,2,1076,306,770,89,13,76,141,43,98,1008,249,759
143048,Graduate student,808,258,550,2,1,1,58,18,40,40,17,23,89,34,55,0,0,0,324,103,221,15,4,11,50,15,35,230,66,164
143084,Total students enrolled for credit,2591,1113,1478,2,1,1,57,13,44,102,55,47,251,81,170,3,2,1,1938,840,1098,86,36,50,23,12,11,129,73,56
143084,Undergraduate students,2591,1113,1478,2,1,1,57,13,44,102,55,47,251,81,170,3,2,1,1938,840,1098,86,36,50,23,12,11,129,73,56
143118,Total students enrolled for credit,6782,2068,4714,18,8,10,137,43,94,597,178,419,1405,388,1017,6,2,4,4001,1227,2774,155,62,93,448,150,298,15,10,5
143118,Undergraduate students,4248,1480,2768,12,6,6,100,32,68,344,135,209,1132,331,801,4,2,2,2246,810,1436,118,55,63,283,102,181,9,7,2
143118,Graduate student,2534,588,1946,6,2,4,37,11,26,253,43,210,273,57,216,2,0,2,1755,417,1338,37,7,30,165,48,117,6,3,3
143181,Total students enrolled for credit,110,9,101,0,0,0,1,0,1,38,5,33,8,0,8,0,0,0,61,4,57,2,0,2,0,0,0,0,0,0
143181,Undergraduate students,110,9,101,0,0,0,1,0,1,38,5,33,8,0,8,0,0,0,61,4,57,2,0,2,0,0,0,0,0,0
143215,Total students enrolled for credit,17176,8431,8745,45,30,15,208,82,126,3454,1476,1978,932,428,504,23,8,15,10905,5544,5361,799,407,392,756,428,328,54,28,26
143215,Undergraduate students,17176,8431,8745,45,30,15,208,82,126,3454,1476,1978,932,428,504,23,8,15,10905,5544,5361,799,407,392,756,428,328,54,28,26
143233,Total students enrolled for credit,56,30,26,0,0,0,1,0,1,1,0,1,1,0,1,0,0,0,42,22,20,1,1,0,10,7,3,0,0,0
143233,Graduate student,56,30,26,0,0,0,1,0,1,1,0,1,1,0,1,0,0,0,42,22,20,1,1,0,10,7,3,0,0,0
143279,Total students enrolled for credit,9209,4163,5046,19,5,14,396,164,232,1131,535,596,1238,491,747,5,2,3,5980,2763,3217,284,119,165,128,72,56,28,12,16
143279,Undergraduate students,9209,4163,5046,19,5,14,396,164,232,1131,535,596,1238,491,747,5,2,3,5980,2763,3217,284,119,165,128,72,56,28,12,16
143288,Total students enrolled for credit,623,286,337,1,0,1,5,3,2,76,35,41,17,9,8,1,1,0,478,217,261,20,8,12,16,9,7,9,4,5
143288,Undergraduate students,623,286,337,1,0,1,5,3,2,76,35,41,17,9,8,1,1,0,478,217,261,20,8,12,16,9,7,9,4,5
143297,Total students enrolled for credit,282,39,243,0,0,0,5,1,4,9,1,8,3,0,3,0,0,0,264,37,227,1,0,1,0,0,0,0,0,0
143297,Undergraduate students,259,36,223,0,0,0,5,1,4,8,1,7,3,0,3,0,0,0,242,34,208,1,0,1,0,0,0,0,0,0
143297,Graduate student,23,3,20,0,0,0,0,0,0,1,0,1,0,0,0,0,0,0,22,3,19,0,0,0,0,0,0,0,0,0
143303,Total students enrolled for credit,17,0,17,0,0,0,0,0,0,0,0,0,0,0,0,0,0,0,17,0,17,0,0,0,0,0,0,0,0,0
143303,Undergraduate students,17,0,17,0,0,0,0,0,0,0,0,0,0,0,0,0,0,0,17,0,17,0,0,0,0,0,0,0,0,0
143358,Total students enrolled for credit,6178,2985,3193,8,4,4,149,64,85,251,101,150,335,148,187,3,1,2,3002,1542,1460,89,44,45,1784,671,1113,557,410,147
143358,Undergraduate students,4669,2317,2352,6,3,3,131,55,76,204,83,121,296,123,173,3,1,2,2560,1330,1230,72,35,37,1160,508,652,237,179,58
143358,Graduate student,1509,668,841,2,1,1,18,9,9,47,18,29,39,25,14,0,0,0,442,212,230,17,9,8,624,163,461,320,231,89
143376,Total students enrolled for credit,423,36,387,1,0,1,0,0,0,125,9,116,44,4,40,0,0,0,221,19,202,6,2,4,26,2,24,0,0,0
143376,Undergraduate students,423,36,387,1,0,1,0,0,0,125,9,116,44,4,40,0,0,0,221,19,202,6,2,4,26,2,24,0,0,0
143464,Total students enrolled for credit,143,2,141,0,0,0,0,0,0,71,1,70,26,0,26,0,0,0,44,1,43,0,0,0,0,0,0,2,0,2
143464,Undergraduate students,143,2,141,0,0,0,0,0,0,71,1,70,26,0,26,0,0,0,44,1,43,0,0,0,0,0,0,2,0,2
143473,Total students enrolled for credit,64,2,62,0,0,0,0,0,0,0,0,0,53,1,52,0,0,0,6,1,5,0,0,0,5,0,5,0,0,0
143473,Undergraduate students,64,2,62,0,0,0,0,0,0,0,0,0,53,1,52,0,0,0,6,1,5,0,0,0,5,0,5,0,0,0
143482,Total students enrolled for credit,80,1,79,0,0,0,1,0,1,48,1,47,29,0,29,0,0,0,0,0,0,0,0,0,2,0,2,0,0,0
143482,Undergraduate students,80,1,79,0,0,0,1,0,1,48,1,47,29,0,29,0,0,0,0,0,0,0,0,0,2,0,2,0,0,0
143491,Total students enrolled for credit,113,8,105,0,0,0,0,0,0,3,0,3,105,8,97,0,0,0,0,0,0,0,0,0,5,0,5,0,0,0
143491,Undergraduate students,113,8,105,0,0,0,0,0,0,3,0,3,105,8,97,0,0,0,0,0,0,0,0,0,5,0,5,0,0,0
143516,Total students enrolled for credit,36,2,34,0,0,0,0,0,0,0,0,0,33,2,31,0,0,0,0,0,0,0,0,0,3,0,3,0,0,0
143516,Undergraduate students,36,2,34,0,0,0,0,0,0,0,0,0,33,2,31,0,0,0,0,0,0,0,0,0,3,0,3,0,0,0
143543,Total students enrolled for credit,119,3,116,1,0,1,5,0,5,26,1,25,40,2,38,0,0,0,41,0,41,1,0,1,5,0,5,0,0,0
143543,Undergraduate students,119,3,116,1,0,1,5,0,5,26,1,25,40,2,38,0,0,0,41,0,41,1,0,1,5,0,5,0,0,0
143552,Total students enrolled for credit,97,2,95,0,0,0,0,0,0,50,2,48,9,0,9,0,0,0,38,0,38,0,0,0,0,0,0,0,0,0
143552,Undergraduate students,97,2,95,0,0,0,0,0,0,50,2,48,9,0,9,0,0,0,38,0,38,0,0,0,0,0,0,0,0,0
143613,Total students enrolled for credit,2966,1088,1878,9,4,5,30,10,20,177,83,94,175,74,101,2,2,0,2227,783,1444,122,46,76,224,86,138,0,0,0
143613,Undergraduate students,2966,1088,1878,9,4,5,30,10,20,177,83,94,175,74,101,2,2,0,2227,783,1444,122,46,76,224,86,138,0,0,0
143659,Total students enrolled for credit,370,243,127,3,2,1,31,31,0,21,10,11,48,33,15,0,0,0,120,68,52,0,0,0,42,22,20,105,77,28
143659,Graduate student,370,243,127,3,2,1,31,31,0,21,10,11,48,33,15,0,0,0,120,68,52,0,0,0,42,22,20,105,77,28
143695,Total students enrolled for credit,21,1,20,0,0,0,0,0,0,5,0,5,1,0,1,0,0,0,10,1,9,3,0,3,2,0,2,0,0,0
143695,Undergraduate students,21,1,20,0,0,0,0,0,0,5,0,5,1,0,1,0,0,0,10,1,9,3,0,3,2,0,2,0,0,0
143853,Total students enrolled for credit,3082,1278,1804,4,1,3,766,339,427,65,20,45,127,56,71,7,3,4,1917,783,1134,107,44,63,58,21,37,31,11,20
143853,Graduate student,3082,1278,1804,4,1,3,766,339,427,65,20,45,127,56,71,7,3,4,1917,783,1134,107,44,63,58,21,37,31,11,20
143978,Total students enrolled for credit,1444,288,1156,0,0,0,68,19,49,226,47,179,196,34,162,1,0,1,781,153,628,38,8,30,68,11,57,66,16,50
143978,Graduate student,1444,288,1156,0,0,0,68,19,49,226,47,179,196,34,162,1,0,1,781,153,628,38,8,30,68,11,57,66,16,50
144005,Total students enrolled for credit,4210,1421,2789,8,2,6,124,53,71,2757,778,1979,297,105,192,1,1,0,291,118,173,0,0,0,356,122,234,376,242,134
144005,Undergraduate students,2737,821,1916,5,1,4,13,5,8,2053,572,1481,222,81,141,1,1,0,97,42,55,0,0,0,313,105,208,33,14,19
144005,Graduate student,1473,600,873,3,1,2,111,48,63,704,206,498,75,24,51,0,0,0,194,76,118,0,0,0,43,17,26,343,228,115
144014,Total students enrolled for credit,279,131,148,0,0,0,6,4,2,80,30,50,15,7,8,0,0,0,134,60,74,8,4,4,12,6,6,24,20,4
144014,Graduate student,279,131,148,0,0,0,6,4,2,80,30,50,15,7,8,0,0,0,134,60,74,8,4,4,12,6,6,24,20,4
144050,Total students enrolled for credit,18141,10052,8089,24,13,11,2331,1187,1144,786,334,452,1458,780,678,6,2,4,7218,4160,3058,523,239,284,1341,649,692,4454,2688,1766
144050,Undergraduate students,6915,3489,3426,9,3,6,1212,551,661,387,144,243,829,426,403,1,1,0,2780,1510,1270,316,134,182,405,175,230,976,545,431
144050,Graduate student,11226,6563,4663,15,10,5,1119,636,483,399,190,209,629,354,275,5,1,4,4438,2650,1788,207,105,102,936,474,462,3478,2143,1335
144157,Total students enrolled for credit,5793,2266,3527,5,0,5,40,23,17,4803,1757,3046,597,325,272,1,0,1,146,75,71,142,62,80,26,10,16,33,14,19
144157,Undergraduate students,5793,2266,3527,5,0,5,40,23,17,4803,1757,3046,597,325,272,1,0,1,146,75,71,142,62,80,26,10,16,33,14,19
144166,Total students enrolled for credit,9858,2960,6898,12,5,7,420,142,278,4803,1324,3479,3536,1094,2442,9,2,7,739,300,439,207,52,155,71,21,50,61,20,41
144166,Undergraduate students,9858,2960,6898,12,5,7,420,142,278,4803,1324,3479,3536,1094,2442,9,2,7,739,300,439,207,52,155,71,21,50,61,20,41
144175,Total students enrolled for credit,5494,2305,3189,11,6,5,151,132,19,3636,1377,2259,1219,472,747,2,2,0,265,197,68,108,44,64,88,67,21,14,8,6
144175,Undergraduate students,5494,2305,3189,11,6,5,151,132,19,3636,1377,2259,1219,472,747,2,2,0,265,197,68,108,44,64,88,67,21,14,8,6
144184,Total students enrolled for credit,14740,6365,8375,21,9,12,2403,1000,1403,2968,1212,1756,6081,2744,3337,13,5,8,2748,1193,1555,269,116,153,64,27,37,173,59,114
144184,Undergraduate students,14740,6365,8375,21,9,12,2403,1000,1403,2968,1212,1756,6081,2744,3337,13,5,8,2748,1193,1555,269,116,153,64,27,37,173,59,114
144193,Total students enrolled for credit,12625,5461,7164,5,1,4,179,87,92,1572,657,915,9584,3841,5743,9,6,3,1122,774,348,90,56,34,52,33,19,12,6,6
144193,Undergraduate students,12625,5461,7164,5,1,4,179,87,92,1572,657,915,9584,3841,5743,9,6,3,1122,774,348,90,56,34,52,33,19,12,6,6
144209,Total students enrolled for credit,12669,5364,7305,17,5,12,979,401,578,3896,1505,2391,5247,2326,2921,10,4,6,1607,724,883,429,167,262,134,61,73,350,171,179
144209,Undergraduate students,12669,5364,7305,17,5,12,979,401,578,3896,1505,2391,5247,2326,2921,10,4,6,1607,724,883,429,167,262,134,61,73,350,171,179
144218,Total students enrolled for credit,16534,7125,9409,16,8,8,1012,515,497,1120,481,639,10035,4203,5832,27,16,11,3790,1638,2152,288,146,142,115,50,65,131,68,63
144218,Undergraduate students,16534,7125,9409,16,8,8,1012,515,497,1120,481,639,10035,4203,5832,27,16,11,3790,1638,2152,288,146,142,115,50,65,131,68,63
144281,Total students enrolled for credit,8892,3749,5143,21,12,9,302,136,166,1267,514,753,1163,514,649,4,2,2,4834,2060,2774,393,139,254,530,210,320,378,162,216
144281,Undergraduate students,8524,3619,4905,20,11,9,289,134,155,1208,495,713,1141,502,639,4,2,2,4643,1997,2646,386,137,249,517,200,317,316,141,175
144281,Graduate student,368,130,238,1,1,0,13,2,11,59,19,40,22,12,10,0,0,0,191,63,128,7,2,5,13,10,3,62,21,41
144351,Total students enrolled for credit,6837,2293,4544,11,3,8,121,40,81,1071,303,768,844,272,572,14,7,7,4130,1397,2733,112,34,78,149,42,107,385,195,190
144351,Undergraduate students,1540,639,901,5,2,3,44,17,27,207,90,117,406,155,251,3,2,1,792,339,453,39,14,25,15,7,8,29,13,16
144351,Graduate student,5297,1654,3643,6,1,5,77,23,54,864,213,651,438,117,321,11,5,6,3338,1058,2280,73,20,53,134,35,99,356,182,174
144467,Total students enrolled for credit,424,192,232,1,1,0,13,5,8,155,69,86,13,4,9,1,0,1,77,36,41,5,3,2,159,74,85,0,0,0
144467,Undergraduate students,424,192,232,1,1,0,13,5,8,155,69,86,13,4,9,1,0,1,77,36,41,5,3,2,159,74,85,0,0,0
144485,Total students enrolled for credit,588,407,181,2,1,1,15,10,5,277,170,107,210,157,53,2,1,1,56,50,6,22,14,8,4,4,0,0,0,0
144485,Undergraduate students,588,407,181,2,1,1,15,10,5,277,170,107,210,157,53,2,1,1,56,50,6,22,14,8,4,4,0,0,0,0
144564,Total students enrolled for credit,6473,3298,3175,15,7,8,76,34,42,791,339,452,272,146,126,7,3,4,4396,2236,2160,44,17,27,871,515,356,1,1,0
144564,Undergraduate students,6473,3298,3175,15,7,8,76,34,42,791,339,452,272,146,126,7,3,4,4396,2236,2160,44,17,27,871,515,356,1,1,0
144573,Total students enrolled for credit,110,5,105,2,1,1,0,0,0,15,1,14,2,0,2,0,0,0,89,3,86,2,0,2,0,0,0,0,0,0
144573,Undergraduate students,110,5,105,2,1,1,0,0,0,15,1,14,2,0,2,0,0,0,89,3,86,2,0,2,0,0,0,0,0,0
144740,Total students enrolled for credit,27651,13080,14571,29,12,17,2266,1218,1048,2716,1030,1686,4055,1771,2284,39,23,16,14007,6817,7190,866,347,519,1750,861,889,1923,1001,922
144740,Undergraduate students,17838,8470,9368,21,10,11,1487,806,681,1611,650,961,3207,1396,1811,26,16,10,9464,4555,4909,663,275,388,730,400,330,629,362,267
144740,Graduate student,9813,4610,5203,8,2,6,779,412,367,1105,380,725,848,375,473,13,7,6,4543,2262,2281,203,72,131,1020,461,559,1294,639,655
144795,Total students enrolled for credit,347,53,294,0,0,0,10,0,10,27,17,10,89,25,64,1,0,1,210,7,203,4,2,2,6,2,4,0,0,0
144795,Undergraduate students,347,53,294,0,0,0,10,0,10,27,17,10,89,25,64,1,0,1,210,7,203,4,2,2,6,2,4,0,0,0
144865,Total students enrolled for credit,45144,20930,24214,58,23,35,5043,2372,2671,2999,1302,1697,9979,4427,5552,3,2,1,24461,11652,12809,994,463,531,1001,468,533,606,221,385
144865,Undergraduate students,45144,20930,24214,58,23,35,5043,2372,2671,2999,1302,1697,9979,4427,5552,3,2,1,24461,11652,12809,994,463,531,1001,468,533,606,221,385
144883,Total students enrolled for credit,624,317,307,3,2,1,15,10,5,339,161,178,116,50,66,0,0,0,14,9,5,2,0,2,2,0,2,133,85,48
144883,Undergraduate students,624,317,307,3,2,1,15,10,5,339,161,178,116,50,66,0,0,0,14,9,5,2,0,2,2,0,2,133,85,48
144892,Total students enrolled for credit,8590,3441,5149,20,8,12,92,32,60,1392,564,828,513,208,305,6,5,1,5670,2161,3509,175,64,111,174,66,108,548,333,215
144892,Undergraduate students,6694,2664,4030,17,7,10,69,28,41,1259,514,745,464,190,274,5,4,1,4428,1723,2705,148,56,92,168,62,106,136,80,56
144892,Graduate student,1896,777,1119,3,1,2,23,4,19,133,50,83,49,18,31,1,1,0,1242,438,804,27,8,19,6,4,2,412,253,159
144944,Total students enrolled for credit,15211,7075,8136,42,19,23,930,434,496,620,274,346,6415,2791,3624,5,3,2,6233,3080,3153,425,231,194,462,206,256,79,37,42
144944,Undergraduate students,15211,7075,8136,42,19,23,930,434,496,620,274,346,6415,2791,3624,5,3,2,6233,3080,3153,425,231,194,462,206,256,79,37,42
144962,Total students enrolled for credit,3764,1511,2253,4,0,4,210,82,128,212,108,104,612,236,376,4,3,1,2483,982,1501,113,41,72,106,49,57,20,10,10
144962,Undergraduate students,3122,1269,1853,2,0,2,177,61,116,169,94,75,558,222,336,3,2,1,2012,810,1202,106,36,70,93,44,49,2,0,2
144962,Graduate student,642,242,400,2,0,2,33,21,12,43,14,29,54,14,40,1,1,0,471,172,299,7,5,2,13,5,8,18,10,8
144971,Total students enrolled for credit,714,359,355,4,2,2,4,1,3,42,29,13,20,10,10,0,0,0,601,292,309,24,15,9,12,6,6,7,4,3
144971,Undergraduate students,714,359,355,4,2,2,4,1,3,42,29,13,20,10,10,0,0,0,601,292,309,24,15,9,12,6,6,7,4,3
145099,Total students enrolled for credit,365,17,348,0,0,0,7,1,6,18,2,16,123,8,115,2,0,2,209,5,204,3,0,3,3,1,2,0,0,0
145099,Undergraduate students,365,17,348,0,0,0,7,1,6,18,2,16,123,8,115,2,0,2,209,5,204,3,0,3,3,1,2,0,0,0
145239,Total students enrolled for credit,668,110,558,0,0,0,33,19,14,81,16,65,177,22,155,4,2,2,363,50,313,7,1,6,3,0,3,0,0,0
145239,Undergraduate students,668,110,558,0,0,0,33,19,14,81,16,65,177,22,155,4,2,2,363,50,313,7,1,6,3,0,3,0,0,0
145275,Total students enrolled for credit,397,182,215,0,0,0,25,11,14,88,41,47,28,14,14,0,0,0,198,81,117,5,2,3,9,4,5,44,29,15
145275,Graduate student,397,182,215,0,0,0,25,11,14,88,41,47,28,14,14,0,0,0,198,81,117,5,2,3,9,4,5,44,29,15
145309,Total students enrolled for credit,54,27,27,0,0,0,3,3,0,2,1,1,0,0,0,0,0,0,49,23,26,0,0,0,0,0,0,0,0,0
145309,Undergraduate students,54,27,27,0,0,0,3,3,0,2,1,1,0,0,0,0,0,0,49,23,26,0,0,0,0,0,0,0,0,0
145336,Total students enrolled for credit,7128,2483,4645,9,3,6,135,61,74,2578,665,1913,726,251,475,3,2,1,2416,891,1525,151,47,104,614,212,402,496,351,145
145336,Undergraduate students,4379,1570,2809,7,3,4,74,40,34,1681,483,1198,528,191,337,2,1,1,1466,623,843,109,42,67,457,166,291,55,21,34
145336,Graduate student,2749,913,1836,2,0,2,61,21,40,897,182,715,198,60,138,1,1,0,950,268,682,42,5,37,157,46,111,441,330,111
145354,Total students enrolled for credit,39,4,35,0,0,0,1,0,1,1,0,1,1,0,1,0,0,0,36,4,32,0,0,0,0,0,0,0,0,0
145354,Undergraduate students,39,4,35,0,0,0,1,0,1,1,0,1,1,0,1,0,0,0,36,4,32,0,0,0,0,0,0,0,0,0
145372,Total students enrolled for credit,1846,899,947,5,2,3,23,12,11,210,140,70,98,64,34,2,2,0,1312,573,739,24,14,10,121,62,59,51,30,21
145372,Undergraduate students,1358,713,645,4,2,2,17,9,8,168,115,53,83,56,27,2,2,0,919,437,482,21,12,9,98,52,46,46,28,18
145372,Graduate student,488,186,302,1,0,1,6,3,3,42,25,17,15,8,7,0,0,0,393,136,257,3,2,1,23,10,13,5,2,3
145406,Total students enrolled for credit,382,9,373,5,1,4,25,2,23,58,1,57,100,3,97,10,0,10,170,2,168,12,0,12,0,0,0,2,0,2
145406,Undergraduate students,382,9,373,5,1,4,25,2,23,58,1,57,100,3,97,10,0,10,170,2,168,12,0,12,0,0,0,2,0,2
145424,Total students enrolled for credit,87,3,84,0,0,0,2,0,2,17,0,17,9,3,6,0,0,0,54,0,54,5,0,5,0,0,0,0,0,0
145424,Undergraduate students,87,3,84,0,0,0,2,0,2,17,0,17,9,3,6,0,0,0,54,0,54,5,0,5,0,0,0,0,0,0
145433,Total students enrolled for credit,117,4,113,0,0,0,0,0,0,8,1,7,39,1,38,0,0,0,67,2,65,2,0,2,0,0,0,1,0,1
145433,Undergraduate students,117,4,113,0,0,0,0,0,0,8,1,7,39,1,38,0,0,0,67,2,65,2,0,2,0,0,0,1,0,1
145460,Total students enrolled for credit,56,11,45,0,0,0,2,0,2,9,3,6,1,0,1,0,0,0,18,3,15,2,0,2,24,5,19,0,0,0
145460,Undergraduate students,15,3,12,0,0,0,1,0,1,4,2,2,1,0,1,0,0,0,4,0,4,2,0,2,3,1,2,0,0,0
145460,Graduate student,41,8,33,0,0,0,1,0,1,5,1,4,0,0,0,0,0,0,14,3,11,0,0,0,21,4,17,0,0,0
145497,Total students enrolled for credit,450,81,369,0,0,0,0,0,0,0,0,0,3,1,2,0,0,0,429,76,353,0,0,0,18,4,14,0,0,0
145497,Undergraduate students,444,75,369,0,0,0,0,0,0,0,0,0,3,1,2,0,0,0,423,70,353,0,0,0,18,4,14,0,0,0
145497,Graduate student,6,6,0,0,0,0,0,0,0,0,0,0,0,0,0,0,0,0,6,6,0,0,0,0,0,0,0,0,0,0
145521,Total students enrolled for credit,4053,1600,2453,46,19,27,42,15,27,252,118,134,80,35,45,2,1,1,3262,1255,2007,141,65,76,228,92,136,0,0,0
145521,Undergraduate students,4053,1600,2453,46,19,27,42,15,27,252,118,134,80,35,45,2,1,1,3262,1255,2007,141,65,76,228,92,136,0,0,0
145558,Total students enrolled for credit,2193,997,1196,2,1,1,535,266,269,112,33,79,116,48,68,6,5,1,1222,549,673,55,26,29,76,32,44,69,37,32
145558,Graduate student,2193,997,1196,2,1,1,535,266,269,112,33,79,116,48,68,6,5,1,1222,549,673,55,26,29,76,32,44,69,37,32
145600,Total students enrolled for credit,31879,15071,16808,28,14,14,5794,2845,2949,2637,913,1724,7103,3277,3826,25,11,14,11550,5345,6205,849,389,460,395,254,141,3498,2023,1475
145600,Undergraduate students,19476,9773,9703,13,7,6,4165,2180,1985,1624,615,1009,5898,2799,3099,18,10,8,6246,3293,2953,598,291,307,231,181,50,683,397,286
145600,Graduate student,12403,5298,7105,15,7,8,1629,665,964,1013,298,715,1205,478,727,7,1,6,5304,2052,3252,251,98,153,164,73,91,2815,1626,1189
145619,Total students enrolled for credit,7855,2638,5217,28,7,21,817,311,506,642,223,419,666,247,419,29,16,13,2870,1056,1814,0,0,0,2704,736,1968,99,42,57
145619,Undergraduate students,3731,1609,2122,12,5,7,566,232,334,326,139,187,528,205,323,19,13,6,1641,724,917,0,0,0,599,276,323,40,15,25
145619,Graduate student,4124,1029,3095,16,2,14,251,79,172,316,84,232,138,42,96,10,3,7,1229,332,897,0,0,0,2105,460,1645,59,27,32
145628,Total students enrolled for credit,645,176,469,1,0,1,179,42,137,11,1,10,18,9,9,1,0,1,306,84,222,12,4,8,0,0,0,117,36,81
145628,Graduate student,645,176,469,1,0,1,179,42,137,11,1,10,18,9,9,1,0,1,306,84,222,12,4,8,0,0,0,117,36,81
145637,Total students enrolled for credit,50885,27590,23295,38,20,18,7507,4379,3128,2669,1109,1560,4396,2240,2156,33,23,10,22806,11979,10827,1331,697,634,588,380,208,11517,6763,4754
145637,Undergraduate students,35476,19565,15911,20,13,7,6289,3676,2613,2072,876,1196,3631,1858,1773,26,18,8,16194,8798,7396,1070,573,497,294,201,93,5880,3552,2328
145637,Graduate student,15409,8025,7384,18,7,11,1218,703,515,597,233,364,765,382,383,7,5,2,6612,3181,3431,261,124,137,294,179,115,5637,3211,2426
145646,Total students enrolled for credit,1791,832,959,0,0,0,80,34,46,79,36,43,123,51,72,1,0,1,1265,609,656,46,22,24,27,6,21,170,74,96
145646,Undergraduate students,1791,832,959,0,0,0,80,34,46,79,36,43,123,51,72,1,0,1,1265,609,656,46,22,24,27,6,21,170,74,96
145682,Total students enrolled for credit,13461,6090,7371,45,22,23,285,141,144,1542,559,983,761,329,432,12,3,9,10193,4744,5449,351,156,195,29,15,14,243,121,122
145682,Undergraduate students,13461,6090,7371,45,22,23,285,141,144,1542,559,983,761,329,432,12,3,9,10193,4744,5449,351,156,195,29,15,14,243,121,122
145691,Total students enrolled for credit,990,467,523,4,2,2,9,4,5,114,47,67,87,47,40,2,2,0,688,325,363,36,19,17,1,1,0,49,20,29
145691,Undergraduate students,987,467,520,4,2,2,9,4,5,114,47,67,87,47,40,2,2,0,685,325,360,36,19,17,1,1,0,49,20,29
145691,Graduate student,3,0,3,0,0,0,0,0,0,0,0,0,0,0,0,0,0,0,3,0,3,0,0,0,0,0,0,0,0,0
145707,Total students enrolled for credit,2154,867,1287,1,0,1,21,5,16,27,19,8,15,6,9,1,0,1,2057,821,1236,27,13,14,5,3,2,0,0,0
145707,Undergraduate students,2154,867,1287,1,0,1,21,5,16,27,19,8,15,6,9,1,0,1,2057,821,1236,27,13,14,5,3,2,0,0,0
145725,Total students enrolled for credit,8518,5564,2954,8,6,2,602,398,204,331,207,124,702,464,238,9,5,4,2126,1364,762,133,86,47,465,296,169,4142,2738,1404
145725,Undergraduate students,3227,2260,967,7,5,2,412,289,123,184,129,55,498,364,134,2,2,0,1054,765,289,85,58,27,260,173,87,725,475,250
145725,Graduate student,5291,3304,1987,1,1,0,190,109,81,147,78,69,204,100,104,7,3,4,1072,599,473,48,28,20,205,123,82,3417,2263,1154
145770,Total students enrolled for credit,795,228,567,6,2,4,20,2,18,432,105,327,99,22,77,2,1,1,188,70,118,0,0,0,11,3,8,37,23,14
145770,Undergraduate students,265,66,199,4,1,3,3,1,2,185,42,143,41,9,32,0,0,0,27,11,16,0,0,0,4,1,3,1,1,0
145770,Graduate student,530,162,368,2,1,1,17,1,16,247,63,184,58,13,45,2,1,1,161,59,102,0,0,0,7,2,5,36,22,14
145813,Total students enrolled for credit,23330,10181,13149,35,16,19,483,213,270,1842,734,1108,2160,931,1229,16,6,10,17606,7717,9889,617,276,341,95,50,45,476,238,238
145813,Undergraduate students,20115,9064,11051,32,14,18,437,200,237,1685,678,1007,2011,884,1127,16,6,10,15168,6924,8244,559,254,305,70,36,34,137,68,69
145813,Graduate student,3215,1117,2098,3,2,1,46,13,33,157,56,101,149,47,102,0,0,0,2438,793,1645,58,22,36,25,14,11,339,170,169
145831,Total students enrolled for credit,5119,2165,2954,10,3,7,75,31,44,100,51,49,756,296,460,0,0,0,3991,1691,2300,55,25,30,131,68,63,1,0,1
145831,Undergraduate students,5119,2165,2954,10,3,7,75,31,44,100,51,49,756,296,460,0,0,0,3991,1691,2300,55,25,30,131,68,63,1,0,1
145886,Total students enrolled for credit,100,21,79,3,1,2,1,0,1,14,1,13,9,1,8,1,0,1,67,17,50,0,0,0,5,1,4,0,0,0
145886,Graduate student,100,21,79,3,1,2,1,0,1,14,1,13,9,1,8,1,0,1,67,17,50,0,0,0,5,1,4,0,0,0
146205,Total students enrolled for credit,18969,8353,10616,61,28,33,182,73,109,1438,555,883,333,140,193,12,6,6,14682,6661,8021,95,36,59,2161,852,1309,5,2,3
146205,Undergraduate students,18969,8353,10616,61,28,33,182,73,109,1438,555,883,333,140,193,12,6,6,14682,6661,8021,95,36,59,2161,852,1309,5,2,3
146241,Total students enrolled for credit,1150,570,580,3,3,0,83,36,47,169,56,113,127,55,72,1,0,1,602,329,273,28,13,15,61,36,25,76,42,34
146241,Graduate student,1150,570,580,3,3,0,83,36,47,169,56,113,127,55,72,1,0,1,602,329,273,28,13,15,61,36,25,76,42,34
146278,Total students enrolled for credit,2925,1213,1712,6,1,5,26,12,14,109,48,61,53,28,25,2,1,1,2626,1084,1542,65,19,46,38,20,18,0,0,0
146278,Undergraduate students,2925,1213,1712,6,1,5,26,12,14,109,48,61,53,28,25,2,1,1,2626,1084,1542,65,19,46,38,20,18,0,0,0
146296,Total students enrolled for credit,22351,10190,12161,86,50,36,555,266,289,2072,838,1234,5492,2326,3166,13,8,5,12887,6072,6815,803,407,396,377,185,192,66,38,28
146296,Undergraduate students,22351,10190,12161,86,50,36,555,266,289,2072,838,1234,5492,2326,3166,13,8,5,12887,6072,6815,803,407,396,377,185,192,66,38,28
146339,Total students enrolled for credit,1557,594,963,3,1,2,29,11,18,164,43,121,249,100,149,3,2,1,857,331,526,28,8,20,170,73,97,54,25,29
146339,Undergraduate students,1247,506,741,3,1,2,28,10,18,124,33,91,224,91,133,3,2,1,649,274,375,24,7,17,144,66,78,48,22,26
146339,Graduate student,310,88,222,0,0,0,1,1,0,40,10,30,25,9,16,0,0,0,208,57,151,4,1,3,26,7,19,6,3,3
146348,Total students enrolled for credit,6820,2502,4318,22,13,9,82,25,57,809,242,567,832,315,517,4,3,1,4401,1606,2795,130,54,76,526,237,289,14,7,7
146348,Undergraduate students,6820,2502,4318,22,13,9,82,25,57,809,242,567,832,315,517,4,3,1,4401,1606,2795,130,54,76,526,237,289,14,7,7
146366,Total students enrolled for credit,6539,2810,3729,39,14,25,77,33,44,326,156,170,135,68,67,4,4,0,5742,2419,3323,184,97,87,23,12,11,9,7,2
146366,Undergraduate students,6539,2810,3729,39,14,25,77,33,44,326,156,170,135,68,67,4,4,0,5742,2419,3323,184,97,87,23,12,11,9,7,2
146393,Total students enrolled for credit,1650,453,1197,4,1,3,49,21,28,275,31,244,246,51,195,6,2,4,669,171,498,31,13,18,28,4,24,342,159,183
146393,Undergraduate students,1650,453,1197,4,1,3,49,21,28,275,31,244,246,51,195,6,2,4,669,171,498,31,13,18,28,4,24,342,159,183
146418,Total students enrolled for credit,5405,2467,2938,26,12,14,110,45,65,877,379,498,958,433,525,3,1,2,3189,1484,1705,148,61,87,94,52,42,0,0,0
146418,Undergraduate students,5405,2467,2938,26,12,14,110,45,65,877,379,498,958,433,525,3,1,2,3189,1484,1705,148,61,87,94,52,42,0,0,0
146427,Total students enrolled for credit,1376,568,808,0,0,0,88,33,55,108,38,70,198,70,128,0,0,0,667,284,383,71,30,41,44,13,31,200,100,100
146427,Undergraduate students,1376,568,808,0,0,0,88,33,55,108,38,70,198,70,128,0,0,0,667,284,383,71,30,41,44,13,31,200,100,100
146454,Total students enrolled for credit,61,3,58,0,0,0,0,0,0,4,2,2,5,0,5,0,0,0,52,1,51,0,0,0,0,0,0,0,0,0
146454,Undergraduate students,61,3,58,0,0,0,0,0,0,4,2,2,5,0,5,0,0,0,52,1,51,0,0,0,0,0,0,0,0,0
146472,Total students enrolled for credit,24345,11057,13288,26,12,14,1305,567,738,1544,624,920,8254,3627,4627,44,19,25,10999,5220,5779,634,316,318,1152,542,610,387,130,257
146472,Undergraduate students,24345,11057,13288,26,12,14,1305,567,738,1544,624,920,8254,3627,4627,44,19,25,10999,5220,5779,634,316,318,1152,542,610,387,130,257
146481,Total students enrolled for credit,1696,728,968,5,4,1,86,33,53,92,42,50,254,91,163,0,0,0,930,398,532,56,30,26,147,65,82,126,65,61
146481,Undergraduate students,1640,708,932,5,4,1,82,33,49,92,42,50,249,89,160,0,0,0,911,394,517,54,28,26,121,53,68,126,65,61
146481,Graduate student,56,20,36,0,0,0,4,0,4,0,0,0,5,2,3,0,0,0,19,4,15,2,2,0,26,12,14,0,0,0
146490,Total students enrolled for credit,603,298,305,1,0,1,99,47,52,59,25,34,38,22,16,3,1,2,289,138,151,4,3,1,108,61,47,2,1,1
146490,Graduate student,603,298,305,1,0,1,99,47,52,59,25,34,38,22,16,3,1,2,289,138,151,4,3,1,108,61,47,2,1,1
146506,Total students enrolled for credit,20207,14050,6157,49,39,10,153,103,50,3633,3120,513,1142,960,182,13,10,3,13632,8642,4990,278,201,77,1247,940,307,60,35,25
146506,Undergraduate students,20207,14050,6157,49,39,10,153,103,50,3633,3120,513,1142,960,182,13,10,3,13632,8642,4990,278,201,77,1247,940,307,60,35,25
146533,Total students enrolled for credit,336,52,284,1,0,1,16,3,13,33,4,29,8,4,4,1,0,1,272,41,231,4,0,4,1,0,1,0,0,0
146533,Undergraduate students,336,52,284,1,0,1,16,3,13,33,4,29,8,4,4,1,0,1,272,41,231,4,0,4,1,0,1,0,0,0
146603,Total students enrolled for credit,10145,4702,5443,60,30,30,104,49,55,763,349,414,189,90,99,14,5,9,8019,3677,4342,16,7,9,980,495,485,0,0,0
146603,Undergraduate students,10145,4702,5443,60,30,30,104,49,55,763,349,414,189,90,99,14,5,9,8019,3677,4342,16,7,9,980,495,485,0,0,0
146612,Total students enrolled for credit,8101,3521,4580,16,7,9,295,141,154,649,237,412,1269,551,718,14,5,9,4631,1996,2635,210,99,111,830,351,479,187,134,53
146612,Undergraduate students,5385,2584,2801,10,6,4,212,115,97,337,145,192,1011,468,543,9,3,6,3205,1524,1681,162,77,85,372,194,178,67,52,15
146612,Graduate student,2716,937,1779,6,1,5,83,26,57,312,92,220,258,83,175,5,2,3,1426,472,954,48,22,26,458,157,301,120,82,38
146667,Total students enrolled for credit,878,466,412,11,4,7,8,4,4,72,26,46,19,12,7,1,0,1,709,387,322,19,8,11,8,4,4,31,21,10
146667,Undergraduate students,510,253,257,7,3,4,7,3,4,38,16,22,13,9,4,0,0,0,412,205,207,11,3,8,4,1,3,18,13,5
146667,Graduate student,368,213,155,4,1,3,1,1,0,34,10,24,6,3,3,1,0,1,297,182,115,8,5,3,4,3,1,13,8,5
146676,Total students enrolled for credit,1241,538,703,6,3,3,4,3,1,470,232,238,67,39,28,0,0,0,527,204,323,34,13,21,127,39,88,6,5,1
146676,Undergraduate students,1241,538,703,6,3,3,4,3,1,470,232,238,67,39,28,0,0,0,527,204,323,34,13,21,127,39,88,6,5,1
146685,Total students enrolled for credit,11353,4811,6542,60,28,32,177,84,93,1244,541,703,400,148,252,15,10,5,8129,3491,4638,259,118,141,1069,391,678,0,0,0
146685,Undergraduate students,11353,4811,6542,60,28,32,177,84,93,1244,541,703,400,148,252,15,10,5,8129,3491,4638,259,118,141,1069,391,678,0,0,0
146700,Total students enrolled for credit,1026,689,337,1,0,1,25,20,5,296,180,116,557,364,193,2,1,1,113,97,16,25,21,4,7,6,1,0,0,0
146700,Undergraduate students,1026,689,337,1,0,1,25,20,5,296,180,116,557,364,193,2,1,1,113,97,16,25,21,4,7,6,1,0,0,0
146719,Total students enrolled for credit,18856,6419,12437,36,10,26,1831,650,1181,1300,383,917,2404,785,1619,61,28,33,10401,3489,6912,650,222,428,1074,386,688,1099,466,633
146719,Undergraduate students,12864,4378,8486,21,5,16,1426,494,932,689,225,464,1837,607,1230,48,22,26,6809,2251,4558,521,182,339,882,310,572,631,282,349
146719,Graduate student,5992,2041,3951,15,5,10,405,156,249,611,158,453,567,178,389,13,6,7,3592,1238,2354,129,40,89,192,76,116,468,184,284
146728,Total students enrolled for credit,213,114,99,1,1,0,2,0,2,13,6,7,10,6,4,0,0,0,132,66,66,0,0,0,0,0,0,55,35,20
146728,Graduate student,213,114,99,1,1,0,2,0,2,13,6,7,10,6,4,0,0,0,132,66,66,0,0,0,0,0,0,55,35,20
146755,Total students enrolled for credit,291,32,259,0,0,0,6,1,5,12,3,9,14,3,11,0,0,0,240,24,216,17,1,16,2,0,2,0,0,0
146755,Undergraduate students,283,32,251,0,0,0,6,1,5,12,3,9,14,3,11,0,0,0,232,24,208,17,1,16,2,0,2,0,0,0
146755,Graduate student,8,0,8,0,0,0,0,0,0,0,0,0,0,0,0,0,0,0,8,0,8,0,0,0,0,0,0,0,0,0
146807,Total students enrolled for credit,71,7,64,0,0,0,1,0,1,9,0,9,19,3,16,0,0,0,42,4,38,0,0,0,0,0,0,0,0,0
146807,Undergraduate students,71,7,64,0,0,0,1,0,1,9,0,9,19,3,16,0,0,0,42,4,38,0,0,0,0,0,0,0,0,0
146816,Total students enrolled for credit,386,92,294,1,0,1,0,0,0,199,39,160,117,44,73,0,0,0,59,6,53,8,2,6,0,0,0,2,1,1
146816,Undergraduate students,386,92,294,1,0,1,0,0,0,199,39,160,117,44,73,0,0,0,59,6,53,8,2,6,0,0,0,2,1,1
146825,Total students enrolled for credit,554,281,273,0,0,0,1,1,0,55,40,15,38,19,19,2,2,0,414,185,229,38,29,9,6,5,1,0,0,0
146825,Undergraduate students,554,281,273,0,0,0,1,1,0,55,40,15,38,19,19,2,2,0,414,185,229,38,29,9,6,5,1,0,0,0
146977,Total students enrolled for credit,243,136,107,0,0,0,19,14,5,113,53,60,46,38,8,0,0,0,47,17,30,1,1,0,0,0,0,17,13,4
146977,Graduate student,243,136,107,0,0,0,19,14,5,113,53,60,46,38,8,0,0,0,47,17,30,1,1,0,0,0,0,17,13,4
147004,Total students enrolled for credit,10205,4712,5493,14,4,10,234,106,128,159,86,73,2170,973,1197,11,9,2,6703,3110,3593,275,143,132,622,276,346,17,5,12
147004,Undergraduate students,10205,4712,5493,14,4,10,234,106,128,159,86,73,2170,973,1197,11,9,2,6703,3110,3593,275,143,132,622,276,346,17,5,12
147013,Total students enrolled for credit,3438,1450,1988,18,7,11,27,11,16,445,238,207,149,69,80,7,3,4,2354,889,1465,86,46,40,278,133,145,74,54,20
147013,Undergraduate students,2588,1194,1394,17,7,10,25,10,15,357,202,155,135,63,72,4,3,1,1680,707,973,77,41,36,228,114,114,65,47,18
147013,Graduate student,850,256,594,1,0,1,2,1,1,88,36,52,14,6,8,3,0,3,674,182,492,9,5,4,50,19,31,9,7,2
147031,Total students enrolled for credit,115,29,86,1,0,1,0,0,0,7,3,4,5,0,5,0,0,0,89,22,67,3,0,3,7,3,4,3,1,2
147031,Graduate student,115,29,86,1,0,1,0,0,0,7,3,4,5,0,5,0,0,0,89,22,67,3,0,3,7,3,4,3,1,2
147129,Total students enrolled for credit,766,97,669,4,0,4,19,6,13,76,7,69,16,2,14,3,2,1,622,76,546,20,3,17,6,1,5,0,0,0
147129,Undergraduate students,757,95,662,4,0,4,19,6,13,75,7,68,15,2,13,3,2,1,616,74,542,19,3,16,6,1,5,0,0,0
147129,Graduate student,9,2,7,0,0,0,0,0,0,1,0,1,1,0,1,0,0,0,6,2,4,1,0,1,0,0,0,0,0,0
147165,Total students enrolled for credit,598,131,467,0,0,0,1,0,1,159,24,135,12,4,8,0,0,0,387,92,295,31,8,23,8,3,5,0,0,0
147165,Undergraduate students,598,131,467,0,0,0,1,0,1,159,24,135,12,4,8,0,0,0,387,92,295,31,8,23,8,3,5,0,0,0
147244,Total students enrolled for credit,2258,946,1312,3,2,1,30,16,14,310,155,155,136,62,74,0,0,0,1592,625,967,93,43,50,32,13,19,62,30,32
147244,Undergraduate students,2132,894,1238,3,2,1,28,15,13,290,148,142,131,61,70,0,0,0,1504,592,912,85,36,49,30,11,19,61,29,32
147244,Graduate student,126,52,74,0,0,0,2,1,1,20,7,13,5,1,4,0,0,0,88,33,55,8,7,1,2,2,0,1,1,0
147341,Total students enrolled for credit,1205,577,628,5,3,2,21,8,13,115,52,63,135,60,75,0,0,0,743,349,394,28,17,11,61,33,28,97,55,42
147341,Undergraduate students,1205,577,628,5,3,2,21,8,13,115,52,63,135,60,75,0,0,0,743,349,394,28,17,11,61,33,28,97,55,42
147369,Total students enrolled for credit,4235,2457,1778,9,6,3,172,104,68,258,139,119,238,158,80,7,5,2,2380,1419,961,79,45,34,692,346,346,400,235,165
147369,Undergraduate students,3302,1835,1467,5,3,2,98,52,46,123,72,51,191,129,62,4,2,2,1933,1086,847,71,39,32,603,289,314,274,163,111
147369,Graduate student,933,622,311,4,3,1,74,52,22,135,67,68,47,29,18,3,3,0,447,333,114,8,6,2,89,57,32,126,72,54
147378,Total students enrolled for credit,25027,12408,12619,63,36,27,606,303,303,2420,1030,1390,5188,2435,2753,18,9,9,12916,6435,6481,518,280,238,2909,1622,1287,389,258,131
147378,Undergraduate students,25027,12408,12619,63,36,27,606,303,303,2420,1030,1390,5188,2435,2753,18,9,9,12916,6435,6481,518,280,238,2909,1622,1287,389,258,131
147396,Total students enrolled for credit,97,91,6,0,0,0,0,0,0,2,2,0,9,9,0,1,0,1,83,78,5,0,0,0,2,2,0,0,0,0
147396,Undergraduate students,97,91,6,0,0,0,0,0,0,2,2,0,9,9,0,1,0,1,83,78,5,0,0,0,2,2,0,0,0,0
147411,Total students enrolled for credit,6647,2848,3799,4,2,2,73,37,36,199,72,127,5632,2409,3223,3,2,1,479,209,270,31,14,17,226,103,123,0,0,0
147411,Undergraduate students,6647,2848,3799,4,2,2,73,37,36,199,72,127,5632,2409,3223,3,2,1,479,209,270,31,14,17,226,103,123,0,0,0
147439,Total students enrolled for credit,107,2,105,0,0,0,0,0,0,31,0,31,1,0,1,0,0,0,73,2,71,2,0,2,0,0,0,0,0,0
147439,Undergraduate students,107,2,105,0,0,0,0,0,0,31,0,31,1,0,1,0,0,0,73,2,71,2,0,2,0,0,0,0,0,0
147536,Total students enrolled for credit,6934,1426,5508,14,2,12,196,30,166,1648,295,1353,1366,307,1059,6,2,4,3110,688,2422,123,26,97,445,67,378,26,9,17
147536,Undergraduate students,1969,503,1466,4,1,3,39,9,30,728,141,587,706,186,520,3,2,1,387,128,259,48,13,35,42,16,26,12,7,5
147536,Graduate student,4965,923,4042,10,1,9,157,21,136,920,154,766,660,121,539,3,0,3,2723,560,2163,75,13,62,403,51,352,14,2,12
147590,Total students enrolled for credit,866,349,517,5,1,4,71,32,39,76,14,62,50,14,36,5,3,2,597,267,330,31,9,22,27,8,19,4,1,3
147590,Undergraduate students,141,44,97,3,1,2,12,4,8,19,4,15,13,3,10,1,0,1,84,31,53,2,0,2,6,1,5,1,0,1
147590,Graduate student,725,305,420,2,0,2,59,28,31,57,10,47,37,11,26,4,3,1,513,236,277,29,9,20,21,7,14,3,1,2
147642,Total students enrolled for credit,78,4,74,0,0,0,11,0,11,3,0,3,25,1,24,0,0,0,39,3,36,0,0,0,0,0,0,0,0,0
147642,Undergraduate students,78,4,74,0,0,0,11,0,11,3,0,3,25,1,24,0,0,0,39,3,36,0,0,0,0,0,0,0,0,0
147660,Total students enrolled for credit,3179,1456,1723,4,1,3,94,35,59,123,71,52,404,174,230,3,1,2,2159,1003,1156,101,40,61,218,96,122,73,35,38
147660,Undergraduate students,2883,1340,1543,4,1,3,89,34,55,109,67,42,375,163,212,2,0,2,1931,910,1021,96,39,57,215,95,120,62,31,31
147660,Graduate student,296,116,180,0,0,0,5,1,4,14,4,10,29,11,18,1,1,0,228,93,135,5,1,4,3,1,2,11,4,7
147679,Total students enrolled for credit,3474,1259,2215,8,3,5,255,73,182,338,131,207,670,229,441,41,24,17,1626,573,1053,114,44,70,266,118,148,156,64,92
147679,Undergraduate students,2276,844,1432,3,1,2,156,48,108,187,80,107,548,189,359,34,23,11,1023,379,644,99,39,60,99,37,62,127,48,79
147679,Graduate student,1198,415,783,5,2,3,99,25,74,151,51,100,122,40,82,7,1,6,603,194,409,15,5,10,167,81,86,29,16,13
147697,Total students enrolled for credit,223,152,71,0,0,0,3,3,0,44,18,26,5,4,1,1,1,0,162,119,43,2,2,0,0,0,0,6,5,1
147697,Graduate student,223,152,71,0,0,0,3,3,0,44,18,26,5,4,1,1,1,0,162,119,43,2,2,0,0,0,0,6,5,1
147703,Total students enrolled for credit,21615,10673,10942,22,11,11,1102,611,491,2743,1169,1574,2978,1450,1528,17,9,8,12585,6181,6404,710,329,381,124,67,57,1334,846,488
147703,Undergraduate students,15429,7824,7605,19,9,10,802,451,351,2375,1022,1353,2548,1284,1264,15,9,6,8720,4545,4175,573,265,308,79,46,33,298,193,105
147703,Graduate student,6186,2849,3337,3,2,1,300,160,140,368,147,221,430,166,264,2,0,2,3865,1636,2229,137,64,73,45,21,24,1036,653,383
147749,Total students enrolled for credit,437,87,350,0,0,0,14,3,11,182,41,141,158,28,130,3,2,1,48,9,39,6,1,5,26,3,23,0,0,0
147749,Undergraduate students,437,87,350,0,0,0,14,3,11,182,41,141,158,28,130,3,2,1,48,9,39,6,1,5,26,3,23,0,0,0
147767,Total students enrolled for credit,25233,13043,12190,31,12,19,3304,1693,1611,1276,574,702,1977,956,1021,13,5,8,11186,5964,5222,773,357,416,2485,1106,1379,4188,2376,1812
147767,Undergraduate students,10163,4912,5251,6,3,3,1614,781,833,603,243,360,1147,526,621,1,0,1,4698,2387,2311,465,199,266,798,331,467,831,442,389
147767,Graduate student,15070,8131,6939,25,9,16,1690,912,778,673,331,342,830,430,400,12,5,7,6488,3577,2911,308,158,150,1687,775,912,3357,1934,1423
147776,Total students enrolled for credit,11873,5016,6857,23,8,15,1074,508,566,1240,484,756,3771,1517,2254,29,13,16,4289,1890,2399,209,74,135,550,241,309,688,281,407
147776,Undergraduate students,9260,4055,5205,16,5,11,893,448,445,1001,393,608,3345,1374,1971,26,13,13,2893,1361,1532,159,58,101,406,193,213,521,210,311
147776,Graduate student,2613,961,1652,7,3,4,181,60,121,239,91,148,426,143,283,3,0,3,1396,529,867,50,16,34,144,48,96,167,71,96
147800,Total students enrolled for credit,18527,8894,9633,20,8,12,3146,1482,1664,935,388,547,2634,1161,1473,84,45,39,10000,4984,5016,444,241,203,735,395,340,529,190,339
147800,Undergraduate students,18527,8894,9633,20,8,12,3146,1482,1664,935,388,547,2634,1161,1473,84,45,39,10000,4984,5016,444,241,203,735,395,340,529,190,339
147819,Total students enrolled for credit,76,3,73,0,0,0,0,0,0,6,1,5,2,1,1,0,0,0,68,1,67,0,0,0,0,0,0,0,0,0
147819,Undergraduate students,76,3,73,0,0,0,0,0,0,6,1,5,2,1,1,0,0,0,68,1,67,0,0,0,0,0,0,0,0,0
147828,Total students enrolled for credit,6267,1994,4273,18,5,13,272,74,198,575,153,422,474,122,352,10,4,6,4713,1551,3162,110,35,75,55,19,36,40,31,9
147828,Undergraduate students,3736,1470,2266,7,2,5,85,26,59,325,103,222,281,92,189,7,3,4,2888,1176,1712,90,32,58,14,5,9,39,31,8
147828,Graduate student,2531,524,2007,11,3,8,187,48,139,250,50,200,193,30,163,3,1,2,1825,375,1450,20,3,17,41,14,27,1,0,1
147916,Total students enrolled for credit,12686,6181,6505,30,18,12,1084,604,480,1610,726,884,1061,497,564,10,3,7,6734,3182,3552,372,182,190,1509,801,708,276,168,108
147916,Undergraduate students,12686,6181,6505,30,18,12,1084,604,480,1610,726,884,1061,497,564,10,3,7,6734,3182,3552,372,182,190,1509,801,708,276,168,108
148007,Total students enrolled for credit,9000,3854,5146,20,15,5,59,19,40,4938,1941,2997,1387,589,798,1,0,1,1674,850,824,159,52,107,730,364,366,32,24,8
148007,Undergraduate students,9000,3854,5146,20,15,5,59,19,40,4938,1941,2997,1387,589,798,1,0,1,1674,850,824,159,52,107,730,364,366,32,24,8
148016,Total students enrolled for credit,501,249,252,2,1,1,7,4,3,9,6,3,23,9,14,1,1,0,355,182,173,7,3,4,7,5,2,90,38,52
148016,Undergraduate students,501,249,252,2,1,1,7,4,3,9,6,3,23,9,14,1,1,0,355,182,173,7,3,4,7,5,2,90,38,52
148098,Total students enrolled for credit,62,4,58,0,0,0,2,1,1,5,0,5,21,0,21,0,0,0,33,3,30,0,0,0,1,0,1,0,0,0
148098,Undergraduate students,62,4,58,0,0,0,2,1,1,5,0,5,21,0,21,0,0,0,33,3,30,0,0,0,1,0,1,0,0,0
148131,Total students enrolled for credit,1634,683,951,7,1,6,19,11,8,144,91,53,22,13,9,4,2,2,1055,446,609,22,8,14,353,104,249,8,7,1
148131,Undergraduate students,1156,561,595,5,0,5,16,11,5,132,89,43,17,10,7,4,2,2,830,378,452,20,8,12,125,57,68,7,6,1
148131,Graduate student,478,122,356,2,1,1,3,0,3,12,2,10,5,3,2,0,0,0,225,68,157,2,0,2,228,47,181,1,1,0
148140,Total students enrolled for credit,174,114,60,0,0,0,0,0,0,10,5,5,2,2,0,0,0,0,148,98,50,4,2,2,10,7,3,0,0,0
148140,Undergraduate students,174,114,60,0,0,0,0,0,0,10,5,5,2,2,0,0,0,0,148,98,50,4,2,2,10,7,3,0,0,0
148177,Total students enrolled for credit,1392,624,768,10,4,6,43,23,20,611,279,332,287,139,148,11,6,5,326,131,195,0,0,0,77,38,39,27,4,23
148177,Undergraduate students,1392,624,768,10,4,6,43,23,20,611,279,332,287,139,148,11,6,5,326,131,195,0,0,0,77,38,39,27,4,23
148256,Total students enrolled for credit,5773,2983,2790,17,14,3,35,16,19,239,100,139,71,32,39,4,3,1,5352,2791,2561,34,14,20,18,11,7,3,2,1
148256,Undergraduate students,5773,2983,2790,17,14,3,35,16,19,239,100,139,71,32,39,4,3,1,5352,2791,2561,34,14,20,18,11,7,3,2,1
148292,Total students enrolled for credit,4852,2175,2677,14,4,10,40,16,24,625,188,437,117,42,75,6,3,3,3637,1736,1901,209,76,133,202,108,94,2,2,0
148292,Undergraduate students,4852,2175,2677,14,4,10,40,16,24,625,188,437,117,42,75,6,3,3,3637,1736,1901,209,76,133,202,108,94,2,2,0
148335,Total students enrolled for credit,3210,1649,1561,5,2,3,97,57,40,893,424,469,937,422,515,6,2,4,1084,643,441,55,28,27,80,40,40,53,31,22
148335,Undergraduate students,2662,1413,1249,5,2,3,72,42,30,726,366,360,822,378,444,4,1,3,897,548,349,49,26,23,69,37,32,18,13,5
148335,Graduate student,548,236,312,0,0,0,25,15,10,167,58,109,115,44,71,2,1,1,187,95,92,6,2,4,11,3,8,35,18,17
148380,Total students enrolled for credit,11568,5244,6324,45,22,23,442,176,266,1250,537,713,2179,920,1259,13,6,7,7160,3366,3794,212,83,129,221,118,103,46,16,30
148380,Undergraduate students,11568,5244,6324,45,22,23,442,176,266,1250,537,713,2179,920,1259,13,6,7,7160,3366,3794,212,83,129,221,118,103,46,16,30
148399,Total students enrolled for credit,1179,272,907,2,1,1,10,1,9,293,76,217,157,31,126,0,0,0,689,160,529,25,3,22,3,0,3,0,0,0
148399,Undergraduate students,1179,272,907,2,1,1,10,1,9,293,76,217,157,31,126,0,0,0,689,160,529,25,3,22,3,0,3,0,0,0
148405,Total students enrolled for credit,1973,740,1233,2,2,0,28,17,11,132,73,59,193,70,123,3,3,0,1363,457,906,40,19,21,112,33,79,100,66,34
148405,Undergraduate students,1205,514,691,2,2,0,20,13,7,110,61,49,157,63,94,0,0,0,777,296,481,35,17,18,23,8,15,81,54,27
148405,Graduate student,768,226,542,0,0,0,8,4,4,22,12,10,36,7,29,3,3,0,586,161,425,5,2,3,89,25,64,19,12,7
148487,Total students enrolled for credit,5533,1925,3608,11,4,7,362,148,214,1053,297,756,970,333,637,12,3,9,2419,880,1539,138,43,95,115,38,77,453,179,274
148487,Undergraduate students,3072,1116,1956,8,3,5,175,74,101,566,180,386,709,247,462,9,3,6,1336,505,831,74,27,47,57,18,39,138,59,79
148487,Graduate student,2461,809,1652,3,1,2,187,74,113,487,117,370,261,86,175,3,0,3,1083,375,708,64,16,48,58,20,38,315,120,195
148496,Total students enrolled for credit,4031,1148,2883,9,2,7,119,34,85,350,73,277,1246,395,851,12,2,10,1770,467,1303,36,11,25,373,85,288,116,79,37
148496,Undergraduate students,2459,814,1645,4,2,2,81,23,58,183,43,140,1150,371,779,6,0,6,868,281,587,15,7,8,75,23,52,77,64,13
148496,Graduate student,1572,334,1238,5,0,5,38,11,27,167,30,137,96,24,72,6,2,4,902,186,716,21,4,17,298,62,236,39,15,24
148511,Total students enrolled for credit,3025,746,2279,4,1,3,358,143,215,195,39,156,274,77,197,1,1,0,1929,414,1515,54,11,43,186,49,137,24,11,13
148511,Undergraduate students,149,49,100,2,0,2,11,4,7,21,9,12,37,7,30,1,1,0,66,22,44,4,4,0,7,2,5,0,0,0
148511,Graduate student,2876,697,2179,2,1,1,347,139,208,174,30,144,237,70,167,0,0,0,1863,392,1471,50,7,43,179,47,132,24,11,13
148575,Total students enrolled for credit,738,82,656,1,0,1,13,2,11,31,3,28,19,3,16,0,0,0,657,74,583,10,0,10,4,0,4,3,0,3
148575,Undergraduate students,467,45,422,1,0,1,10,2,8,18,1,17,15,2,13,0,0,0,411,40,371,6,0,6,3,0,3,3,0,3
148575,Graduate student,271,37,234,0,0,0,3,0,3,13,2,11,4,1,3,0,0,0,246,34,212,4,0,4,1,0,1,0,0,0
148584,Total students enrolled for credit,5753,1343,4410,10,3,7,130,32,98,460,110,350,703,176,527,13,4,9,4218,923,3295,97,35,62,47,14,33,75,46,29
148584,Undergraduate students,1774,600,1174,6,3,3,32,9,23,149,65,84,314,97,217,5,2,3,1149,363,786,57,28,29,22,8,14,40,25,15
148584,Graduate student,3979,743,3236,4,0,4,98,23,75,311,45,266,389,79,310,8,2,6,3069,560,2509,40,7,33,25,6,19,35,21,14
148593,Total students enrolled for credit,145,24,121,1,0,1,1,1,0,4,0,4,0,0,0,0,0,0,133,23,110,2,0,2,4,0,4,0,0,0
148593,Undergraduate students,139,24,115,1,0,1,1,1,0,4,0,4,0,0,0,0,0,0,127,23,104,2,0,2,4,0,4,0,0,0
148593,Graduate student,6,0,6,0,0,0,0,0,0,0,0,0,0,0,0,0,0,0,6,0,6,0,0,0,0,0,0,0,0,0
148627,Total students enrolled for credit,4359,1495,2864,4,3,1,144,54,90,605,183,422,1215,410,805,2,2,0,2011,705,1306,123,39,84,215,75,140,40,24,16
148627,Undergraduate students,3247,1159,2088,3,3,0,102,43,59,415,139,276,1107,377,730,2,2,0,1388,509,879,99,31,68,130,55,75,1,0,1
148627,Graduate student,1112,336,776,1,0,1,42,11,31,190,44,146,108,33,75,0,0,0,623,196,427,24,8,16,85,20,65,39,24,15
148654,Total students enrolled for credit,6590,3441,3149,11,6,5,238,137,101,767,309,458,376,183,193,6,0,6,3697,1897,1800,139,56,83,108,68,40,1248,785,463
148654,Undergraduate students,3500,1756,1744,8,3,5,123,69,54,500,207,293,265,123,142,5,0,5,2273,1196,1077,100,36,64,61,39,22,165,83,82
148654,Graduate student,3090,1685,1405,3,3,0,115,68,47,267,102,165,111,60,51,1,0,1,1424,701,723,39,20,19,47,29,18,1083,702,381
148672,Total students enrolled for credit,3086,1241,1845,6,3,3,37,12,25,86,51,35,413,169,244,1,0,1,2451,968,1483,27,10,17,64,27,37,1,1,0
148672,Undergraduate students,3086,1241,1845,6,3,3,37,12,25,86,51,35,413,169,244,1,0,1,2451,968,1483,27,10,17,64,27,37,1,1,0
148821,Total students enrolled for credit,4640,2015,2625,12,6,6,20,8,12,520,189,331,124,58,66,2,0,2,3822,1661,2161,0,0,0,140,93,47,0,0,0
148821,Undergraduate students,4640,2015,2625,12,6,6,20,8,12,520,189,331,124,58,66,2,0,2,3822,1661,2161,0,0,0,140,93,47,0,0,0
148876,Total students enrolled for credit,1996,430,1566,0,0,0,41,23,18,42,4,38,1708,343,1365,1,1,0,16,8,8,2,2,0,131,29,102,55,20,35
148876,Undergraduate students,1996,430,1566,0,0,0,41,23,18,42,4,38,1708,343,1365,1,1,0,16,8,8,2,2,0,131,29,102,55,20,35
148885,Total students enrolled for credit,254,235,19,0,0,0,7,7,0,2,2,0,20,20,0,0,0,0,182,163,19,0,0,0,0,0,0,43,43,0
148885,Graduate student,254,235,19,0,0,0,7,7,0,2,2,0,20,20,0,0,0,0,182,163,19,0,0,0,0,0,0,43,43,0
148937,Total students enrolled for credit,4147,1827,2320,8,3,5,17,9,8,101,48,53,60,33,27,2,2,0,3517,1492,2025,86,40,46,347,195,152,9,5,4
148937,Undergraduate students,4147,1827,2320,8,3,5,17,9,8,101,48,53,60,33,27,2,2,0,3517,1492,2025,86,40,46,347,195,152,9,5,4
148955,Total students enrolled for credit,95,6,89,0,0,0,0,0,0,0,0,0,84,6,78,0,0,0,1,0,1,0,0,0,0,0,0,10,0,10
148955,Undergraduate students,95,6,89,0,0,0,0,0,0,0,0,0,84,6,78,0,0,0,1,0,1,0,0,0,0,0,0,10,0,10
148982,Total students enrolled for credit,159,57,102,0,0,0,0,0,0,5,1,4,3,1,2,0,0,0,151,55,96,0,0,0,0,0,0,0,0,0
148982,Graduate student,159,57,102,0,0,0,0,0,0,5,1,4,3,1,2,0,0,0,151,55,96,0,0,0,0,0,0,0,0,0
148991,Total students enrolled for credit,2499,976,1523,16,4,12,27,13,14,250,101,149,84,45,39,0,0,0,2097,807,1290,13,3,10,10,3,7,2,0,2
148991,Undergraduate students,2499,976,1523,16,4,12,27,13,14,250,101,149,84,45,39,0,0,0,2097,807,1290,13,3,10,10,3,7,2,0,2
149028,Total students enrolled for credit,379,46,333,1,0,1,19,4,15,16,2,14,41,4,37,1,0,1,297,34,263,4,2,2,0,0,0,0,0,0
149028,Undergraduate students,278,36,242,0,0,0,14,4,10,8,2,6,35,4,31,1,0,1,216,24,192,4,2,2,0,0,0,0,0,0
149028,Graduate student,101,10,91,1,0,1,5,0,5,8,0,8,6,0,6,0,0,0,81,10,71,0,0,0,0,0,0,0,0,0
149204,Total students enrolled for credit,66,4,62,0,0,0,0,0,0,1,0,1,0,0,0,0,0,0,65,4,61,0,0,0,0,0,0,0,0,0
149204,Undergraduate students,66,4,62,0,0,0,0,0,0,1,0,1,0,0,0,0,0,0,65,4,61,0,0,0,0,0,0,0,0,0
149222,Total students enrolled for credit,17873,9637,8236,39,24,15,362,193,169,2822,1259,1563,1381,776,605,17,13,4,11192,6127,5065,527,278,249,21,16,5,1512,951,561
149222,Undergraduate students,13518,7495,6023,29,19,10,240,137,103,2315,1093,1222,1197,675,522,15,13,2,8709,4931,3778,438,235,203,13,10,3,562,382,180
149222,Graduate student,4355,2142,2213,10,5,5,122,56,66,507,166,341,184,101,83,2,0,2,2483,1196,1287,89,43,46,8,6,2,950,569,381
149231,Total students enrolled for credit,16432,7391,9041,44,24,20,335,154,181,2138,758,1380,633,287,346,21,10,11,11944,5494,6450,494,196,298,319,159,160,504,309,195
149231,Undergraduate students,13294,6177,7117,41,22,19,255,126,129,1892,693,1199,558,258,300,20,10,10,9745,4685,5060,436,180,256,164,88,76,183,115,68
149231,Graduate student,3138,1214,1924,3,2,1,80,28,52,246,65,181,75,29,46,1,0,1,2199,809,1390,58,16,42,155,71,84,321,194,127
149310,Total students enrolled for credit,436,219,217,0,0,0,0,0,0,129,41,88,10,2,8,0,0,0,2,0,2,0,0,0,0,0,0,295,176,119
149310,Undergraduate students,436,219,217,0,0,0,0,0,0,129,41,88,10,2,8,0,0,0,2,0,2,0,0,0,0,0,0,295,176,119
149329,Total students enrolled for credit,82,82,0,0,0,0,0,0,0,0,0,0,0,0,0,0,0,0,82,82,0,0,0,0,0,0,0,0,0,0
149329,Undergraduate students,70,70,0,0,0,0,0,0,0,0,0,0,0,0,0,0,0,0,70,70,0,0,0,0,0,0,0,0,0,0
149329,Graduate student,12,12,0,0,0,0,0,0,0,0,0,0,0,0,0,0,0,0,12,12,0,0,0,0,0,0,0,0,0,0
149365,Total students enrolled for credit,9610,3896,5714,34,19,15,97,50,47,5303,1747,3556,1876,876,1000,72,30,42,1822,970,852,173,67,106,223,132,91,10,5,5
149365,Undergraduate students,9610,3896,5714,34,19,15,97,50,47,5303,1747,3556,1876,876,1000,72,30,42,1822,970,852,173,67,106,223,132,91,10,5,5
149499,Total students enrolled for credit,24,0,24,0,0,0,0,0,0,0,0,0,0,0,0,0,0,0,24,0,24,0,0,0,0,0,0,0,0,0
149499,Undergraduate students,24,0,24,0,0,0,0,0,0,0,0,0,0,0,0,0,0,0,24,0,24,0,0,0,0,0,0,0,0,0
149505,Total students enrolled for credit,1588,488,1100,6,1,5,18,4,14,149,39,110,182,42,140,1,0,1,1000,335,665,20,5,15,113,20,93,99,42,57
149505,Undergraduate students,1463,474,989,6,1,5,16,3,13,139,39,100,175,40,135,1,0,1,956,329,627,20,5,15,52,15,37,98,42,56
149505,Graduate student,125,14,111,0,0,0,2,1,1,10,0,10,7,2,5,0,0,0,44,6,38,0,0,0,61,5,56,1,0,1
149514,Total students enrolled for credit,2881,1797,1084,6,4,2,216,153,63,244,135,109,95,59,36,2,0,2,1418,892,526,105,70,35,568,336,232,227,148,79
149514,Undergraduate students,1048,534,514,1,0,1,47,30,17,124,74,50,55,34,21,2,0,2,544,266,278,58,33,25,174,86,88,43,11,32
149514,Graduate student,1833,1263,570,5,4,1,169,123,46,120,61,59,40,25,15,0,0,0,874,626,248,47,37,10,394,250,144,184,137,47
149532,Total students enrolled for credit,18537,8341,10196,36,24,12,546,263,283,2871,1068,1803,7201,2980,4221,30,15,15,6257,3125,3132,281,107,174,1314,759,555,1,0,1
149532,Undergraduate students,18537,8341,10196,36,24,12,546,263,283,2871,1068,1803,7201,2980,4221,30,15,15,6257,3125,3132,281,107,174,1314,759,555,1,0,1
149550,Total students enrolled for credit,264,30,234,0,0,0,0,0,0,55,16,39,10,0,10,0,0,0,186,12,174,13,2,11,0,0,0,0,0,0
149550,Undergraduate students,264,30,234,0,0,0,0,0,0,55,16,39,10,0,10,0,0,0,186,12,174,13,2,11,0,0,0,0,0,0
149639,Total students enrolled for credit,1347,547,800,1,0,1,17,4,13,30,17,13,29,22,7,3,1,2,856,356,500,26,14,12,375,130,245,10,3,7
149639,Undergraduate students,152,86,66,0,0,0,3,1,2,8,6,2,23,18,5,0,0,0,71,32,39,5,2,3,40,27,13,2,0,2
149639,Graduate student,1195,461,734,1,0,1,14,3,11,22,11,11,6,4,2,3,1,2,785,324,461,21,12,9,335,103,232,8,3,5
149727,Total students enrolled for credit,18016,8011,10005,29,15,14,671,280,391,1272,520,752,6288,2667,3621,11,6,5,8719,4046,4673,435,186,249,460,232,228,131,59,72
149727,Undergraduate students,18016,8011,10005,29,15,14,671,280,391,1272,520,752,6288,2667,3621,11,6,5,8719,4046,4673,435,186,249,460,232,228,131,59,72
149763,Total students enrolled for credit,914,179,735,4,0,4,131,42,89,154,26,128,202,37,165,5,0,5,313,52,261,50,10,40,55,12,43,0,0,0
149763,Undergraduate students,812,165,647,4,0,4,112,41,71,131,23,108,191,35,156,3,0,3,275,46,229,47,10,37,49,10,39,0,0,0
149763,Graduate student,102,14,88,0,0,0,19,1,18,23,3,20,11,2,9,2,0,2,38,6,32,3,0,3,6,2,4,0,0,0
149772,Total students enrolled for credit,11951,5726,6225,16,6,10,113,49,64,2106,872,1234,1184,559,625,6,4,2,7313,3624,3689,297,112,185,252,134,118,664,366,298
149772,Undergraduate students,9656,4774,4882,13,6,7,82,39,43,1985,816,1169,1105,526,579,5,3,2,5788,3060,2728,265,100,165,198,114,84,215,110,105
149772,Graduate student,2295,952,1343,3,0,3,31,10,21,121,56,65,79,33,46,1,1,0,1525,564,961,32,12,20,54,20,34,449,256,193
149781,Total students enrolled for credit,3215,1475,1740,7,2,5,273,128,145,100,41,59,136,51,85,0,0,0,2293,1050,1243,126,59,67,115,57,58,165,87,78
149781,Undergraduate students,2544,1187,1357,3,0,3,232,109,123,72,31,41,125,48,77,0,0,0,1899,889,1010,107,52,55,29,24,5,77,34,43
149781,Graduate student,671,288,383,4,2,2,41,19,22,28,10,18,11,3,8,0,0,0,394,161,233,19,7,12,86,33,53,88,53,35
149842,Total students enrolled for credit,25158,11266,13892,41,28,13,3017,1370,1647,1022,410,612,6243,2606,3637,27,8,19,13251,6116,7135,541,268,273,868,384,484,148,76,72
149842,Undergraduate students,25158,11266,13892,41,28,13,3017,1370,1647,1022,410,612,6243,2606,3637,27,8,19,13251,6116,7135,541,268,273,868,384,484,148,76,72
150048,Total students enrolled for credit,653,297,356,3,2,1,4,0,4,84,52,32,57,32,25,0,0,0,436,167,269,45,28,17,0,0,0,24,16,8
150048,Undergraduate students,653,297,356,3,2,1,4,0,4,84,52,32,57,32,25,0,0,0,436,167,269,45,28,17,0,0,0,24,16,8
150066,Total students enrolled for credit,2419,1032,1387,12,3,9,34,12,22,338,166,172,47,23,24,6,3,3,1772,731,1041,50,24,26,98,37,61,62,33,29
150066,Undergraduate students,1961,786,1175,11,3,8,21,7,14,252,121,131,38,17,21,5,2,3,1486,568,918,50,24,26,57,26,31,41,18,23
150066,Graduate student,458,246,212,1,0,1,13,5,8,86,45,41,9,6,3,1,1,0,286,163,123,0,0,0,41,11,30,21,15,6
150136,Total students enrolled for credit,26419,9643,16776,14,5,9,406,134,272,1899,671,1228,1214,421,793,30,12,18,20640,7538,13102,665,246,419,959,351,608,592,265,327
150136,Undergraduate students,19231,7861,11370,10,3,7,250,100,150,1483,584,899,864,366,498,22,11,11,15067,6138,8929,564,224,340,664,279,385,307,156,151
150136,Graduate student,7188,1782,5406,4,2,2,156,34,122,416,87,329,350,55,295,8,1,7,5573,1400,4173,101,22,79,295,72,223,285,109,176
150145,Total students enrolled for credit,1895,675,1220,4,0,4,30,7,23,205,65,140,139,58,81,3,1,2,1367,479,888,108,43,65,17,10,7,22,12,10
150145,Undergraduate students,1541,540,1001,4,0,4,27,7,20,169,56,113,121,45,76,3,1,2,1094,376,718,92,37,55,14,8,6,17,10,7
150145,Graduate student,354,135,219,0,0,0,3,0,3,36,9,27,18,13,5,0,0,0,273,103,170,16,6,10,3,2,1,5,2,3
150163,Total students enrolled for credit,5163,2103,3060,9,3,6,158,56,102,203,95,108,196,88,108,1,0,1,4266,1722,2544,129,56,73,155,60,95,46,23,23
150163,Undergraduate students,4311,1749,2562,9,3,6,136,49,87,179,85,94,178,78,100,1,0,1,3529,1412,2117,119,52,67,124,50,74,36,20,16
150163,Graduate student,852,354,498,0,0,0,22,7,15,24,10,14,18,10,8,0,0,0,737,310,427,10,4,6,31,10,21,10,3,7
150172,Total students enrolled for credit,1157,631,526,4,3,1,16,11,5,305,139,166,316,174,142,1,0,1,447,275,172,14,6,8,54,23,31,0,0,0
150172,Undergraduate students,877,489,388,4,3,1,11,8,3,202,104,98,264,143,121,0,0,0,332,203,129,13,5,8,51,23,28,0,0,0
150172,Graduate student,280,142,138,0,0,0,5,3,2,103,35,68,52,31,21,1,0,1,115,72,43,1,1,0,3,0,3,0,0,0
150215,Total students enrolled for credit,195,73,122,1,0,1,1,0,1,61,21,40,1,0,1,0,0,0,128,51,77,0,0,0,1,0,1,2,1,1
150215,Graduate student,195,73,122,1,0,1,1,0,1,61,21,40,1,0,1,0,0,0,128,51,77,0,0,0,1,0,1,2,1,1
150251,Total students enrolled for credit,241,14,227,3,0,3,6,0,6,27,1,26,27,1,26,0,0,0,169,11,158,0,0,0,9,1,8,0,0,0
150251,Undergraduate students,241,14,227,3,0,3,6,0,6,27,1,26,27,1,26,0,0,0,169,11,158,0,0,0,9,1,8,0,0,0
150288,Total students enrolled for credit,385,343,42,0,0,0,3,3,0,4,4,0,3,3,0,1,1,0,322,283,39,4,4,0,2,0,2,46,45,1
150288,Graduate student,385,343,42,0,0,0,3,3,0,4,4,0,3,3,0,1,1,0,322,283,39,4,4,0,2,0,2,46,45,1
150303,Total students enrolled for credit,374,6,368,0,0,0,0,0,0,136,4,132,89,0,89,0,0,0,137,2,135,11,0,11,1,0,1,0,0,0
150303,Undergraduate students,374,6,368,0,0,0,0,0,0,136,4,132,89,0,89,0,0,0,137,2,135,11,0,11,1,0,1,0,0,0
150400,Total students enrolled for credit,2253,1059,1194,7,6,1,73,31,42,123,57,66,120,48,72,0,0,0,1532,744,788,135,58,77,67,36,31,196,79,117
150400,Undergraduate students,2253,1059,1194,7,6,1,73,31,42,123,57,66,120,48,72,0,0,0,1532,744,788,135,58,77,67,36,31,196,79,117
150428,Total students enrolled for credit,69,1,68,0,0,0,1,1,0,12,0,12,13,0,13,0,0,0,43,0,43,0,0,0,0,0,0,0,0,0
150428,Undergraduate students,69,1,68,0,0,0,1,1,0,12,0,12,13,0,13,0,0,0,43,0,43,0,0,0,0,0,0,0,0,0
150437,Total students enrolled for credit,67,2,65,0,0,0,0,0,0,1,0,1,6,1,5,0,0,0,59,1,58,1,0,1,0,0,0,0,0,0
150437,Undergraduate students,67,2,65,0,0,0,0,0,0,1,0,1,6,1,5,0,0,0,59,1,58,1,0,1,0,0,0,0,0,0
150455,Total students enrolled for credit,1166,512,654,5,1,4,68,26,42,119,54,65,69,28,41,1,0,1,599,253,346,4,0,4,67,23,44,234,127,107
150455,Undergraduate students,1072,472,600,5,1,4,68,26,42,119,54,65,69,28,41,1,0,1,518,220,298,3,0,3,59,19,40,230,124,106
150455,Graduate student,94,40,54,0,0,0,0,0,0,0,0,0,0,0,0,0,0,0,81,33,48,1,0,1,8,4,4,4,3,1
150534,Total students enrolled for credit,2770,1203,1567,2,1,1,55,24,31,80,35,45,91,34,57,0,0,0,1842,735,1107,51,21,30,264,70,194,385,283,102
150534,Undergraduate students,2537,1137,1400,2,1,1,48,21,27,76,34,42,87,33,54,0,0,0,1660,690,970,48,20,28,245,63,182,371,275,96
150534,Graduate student,233,66,167,0,0,0,7,3,4,4,1,3,4,1,3,0,0,0,182,45,137,3,1,2,19,7,12,14,8,6
150604,Total students enrolled for credit,1052,513,539,2,0,2,10,4,6,49,32,17,37,16,21,0,0,0,880,427,453,39,20,19,27,10,17,8,4,4
150604,Undergraduate students,1044,511,533,2,0,2,10,4,6,49,32,17,37,16,21,0,0,0,873,425,448,39,20,19,26,10,16,8,4,4
150604,Graduate student,8,2,6,0,0,0,0,0,0,0,0,0,0,0,0,0,0,0,7,2,5,0,0,0,1,0,1,0,0,0
150668,Total students enrolled for credit,996,364,632,1,1,0,19,4,15,42,20,22,183,60,123,0,0,0,646,226,420,26,11,15,5,1,4,74,41,33
150668,Undergraduate students,921,352,569,1,1,0,16,4,12,39,19,20,178,60,118,0,0,0,587,215,372,23,11,12,5,1,4,72,41,31
150668,Graduate student,75,12,63,0,0,0,3,0,3,3,1,2,5,0,5,0,0,0,59,11,48,3,0,3,0,0,0,2,0,2
150677,Total students enrolled for credit,2600,1204,1396,5,2,3,39,24,15,158,71,87,133,48,85,3,1,2,1926,850,1076,54,24,30,203,118,85,79,66,13
150677,Undergraduate students,2063,924,1139,5,2,3,23,13,10,118,62,56,117,43,74,2,0,2,1607,699,908,47,19,28,130,77,53,14,9,5
150677,Graduate student,537,280,257,0,0,0,16,11,5,40,9,31,16,5,11,1,1,0,319,151,168,7,5,2,73,41,32,65,57,8
150695,Total students enrolled for credit,88,1,87,0,0,0,3,0,3,6,0,6,1,0,1,0,0,0,76,1,75,1,0,1,1,0,1,0,0,0
150695,Undergraduate students,88,1,87,0,0,0,3,0,3,6,0,6,1,0,1,0,0,0,76,1,75,1,0,1,1,0,1,0,0,0
150756,Total students enrolled for credit,1103,477,626,7,2,5,12,3,9,56,27,29,32,12,20,1,1,0,882,385,497,15,10,5,53,16,37,45,21,24
150756,Undergraduate students,1103,477,626,7,2,5,12,3,9,56,27,29,32,12,20,1,1,0,882,385,497,15,10,5,53,16,37,45,21,24
150765,Total students enrolled for credit,90,2,88,0,0,0,0,0,0,8,1,7,1,0,1,0,0,0,81,1,80,0,0,0,0,0,0,0,0,0
150765,Undergraduate students,90,2,88,0,0,0,0,0,0,8,1,7,1,0,1,0,0,0,81,1,80,0,0,0,0,0,0,0,0,0
150774,Total students enrolled for credit,640,371,269,3,3,0,14,6,8,79,50,29,63,26,37,3,0,3,401,252,149,22,11,11,33,11,22,22,12,10
150774,Undergraduate students,640,371,269,3,3,0,14,6,8,79,50,29,63,26,37,3,0,3,401,252,149,22,11,11,33,11,22,22,12,10
150853,Total students enrolled for credit,182,6,176,0,0,0,1,0,1,10,1,9,3,0,3,0,0,0,165,4,161,3,1,2,0,0,0,0,0,0
150853,Undergraduate students,182,6,176,0,0,0,1,0,1,10,1,9,3,0,3,0,0,0,165,4,161,3,1,2,0,0,0,0,0,0
150941,Total students enrolled for credit,1483,607,876,6,0,6,13,5,8,41,17,24,79,40,39,0,0,0,1252,498,754,37,11,26,2,2,0,53,34,19
150941,Undergraduate students,1146,504,642,5,0,5,4,3,1,29,13,16,71,38,33,0,0,0,953,407,546,34,10,24,0,0,0,50,33,17
150941,Graduate student,337,103,234,1,0,1,9,2,7,12,4,8,8,2,6,0,0,0,299,91,208,3,1,2,2,2,0,3,1,2
150987,Total students enrolled for credit,164851,74086,90765,488,253,235,2938,1382,1556,16676,6525,10151,6630,3049,3581,236,115,121,116373,55311,61062,5440,2400,3040,15167,4589,10578,903,462,441
150987,Undergraduate students,164851,74086,90765,488,253,235,2938,1382,1556,16676,6525,10151,6630,3049,3581,236,115,121,116373,55311,61062,5440,2400,3040,15167,4589,10578,903,462,441
151102,Total students enrolled for credit,14002,6118,7884,31,11,20,397,174,223,646,237,409,830,346,484,6,2,4,11256,4968,6288,419,163,256,124,58,66,293,159,134
151102,Undergraduate students,13361,5849,7512,30,11,19,367,161,206,609,222,387,809,336,473,6,2,4,10790,4788,6002,405,157,248,119,53,66,226,119,107
151102,Graduate student,641,269,372,1,0,1,30,13,17,37,15,22,21,10,11,0,0,0,466,180,286,14,6,8,5,5,0,67,40,27
151111,Total students enrolled for credit,34984,15269,19715,32,12,20,1677,834,843,3436,1185,2251,2126,847,1279,23,11,12,23820,10265,13555,1250,511,739,226,112,114,2394,1492,902
151111,Undergraduate students,25516,11133,14383,25,8,17,1065,538,527,2658,926,1732,1670,652,1018,19,9,10,17785,7769,10016,1041,429,612,166,84,82,1087,718,369
151111,Graduate student,9468,4136,5332,7,4,3,612,296,316,778,259,519,456,195,261,4,2,2,6035,2496,3539,209,82,127,60,28,32,1307,774,533
151166,Total students enrolled for credit,4419,762,3657,20,1,19,44,23,21,952,184,768,180,34,146,3,1,2,2850,442,2408,191,37,154,179,40,139,0,0,0
151166,Undergraduate students,4419,762,3657,20,1,19,44,23,21,952,184,768,180,34,146,3,1,2,2850,442,2408,191,37,154,179,40,139,0,0,0
151263,Total students enrolled for credit,6811,2254,4557,15,3,12,128,47,81,605,185,420,306,96,210,9,1,8,4579,1395,3184,161,53,108,457,166,291,551,308,243
151263,Undergraduate students,5030,1816,3214,13,3,10,88,33,55,501,159,342,258,88,170,5,1,4,3294,1086,2208,120,42,78,331,126,205,420,278,142
151263,Graduate student,1781,438,1343,2,0,2,40,14,26,104,26,78,48,8,40,4,0,4,1285,309,976,41,11,30,126,40,86,131,30,101
151290,Total students enrolled for credit,10223,4018,6205,37,12,25,55,31,24,3705,1097,2608,406,163,243,11,3,8,3588,1594,1994,263,84,179,1638,589,1049,520,445,75
151290,Undergraduate students,9155,3476,5679,32,9,23,43,24,19,3492,1025,2467,370,143,227,10,2,8,3177,1384,1793,251,83,168,1438,499,939,342,307,35
151290,Graduate student,1068,542,526,5,3,2,12,7,5,213,72,141,36,20,16,1,1,0,411,210,201,12,1,11,200,90,110,178,138,40
151306,Total students enrolled for credit,12240,4591,7649,27,11,16,179,64,115,536,204,332,339,142,197,6,3,3,10605,3880,6725,282,106,176,34,18,16,232,163,69
151306,Undergraduate students,10817,4161,6656,25,11,14,161,58,103,446,175,271,299,125,174,6,3,3,9377,3527,5850,266,99,167,34,18,16,203,145,58
151306,Graduate student,1423,430,993,2,0,2,18,6,12,90,29,61,40,17,23,0,0,0,1228,353,875,16,7,9,0,0,0,29,18,11
151324,Total students enrolled for credit,16638,7359,9279,43,18,25,236,103,133,2569,1048,1521,598,250,348,5,5,0,10852,4509,6343,541,228,313,751,399,352,1043,799,244
151324,Undergraduate students,13626,6199,7427,41,16,25,170,81,89,2291,953,1338,521,217,304,5,5,0,8680,3716,4964,478,213,265,714,387,327,726,611,115
151324,Graduate student,3012,1160,1852,2,2,0,66,22,44,278,95,183,77,33,44,0,0,0,2172,793,1379,63,15,48,37,12,25,317,188,129
151333,Total students enrolled for credit,4928,1729,3199,10,5,5,68,26,42,197,68,129,245,76,169,5,4,1,4022,1393,2629,133,50,83,163,63,100,85,44,41
151333,Undergraduate students,4707,1654,3053,10,5,5,65,24,41,184,66,118,243,76,167,5,4,1,3866,1349,2517,132,49,83,157,60,97,45,21,24
151333,Graduate student,221,75,146,0,0,0,3,2,1,13,2,11,2,0,2,0,0,0,156,44,112,1,1,0,6,3,3,40,23,17
151342,Total students enrolled for credit,8425,3277,5148,18,4,14,157,72,85,598,194,404,824,345,479,4,2,2,6149,2361,3788,255,107,148,187,69,118,233,123,110
151342,Undergraduate students,7726,3056,4670,17,4,13,147,66,81,533,177,356,791,332,459,4,2,2,5632,2207,3425,239,101,138,180,66,114,183,101,82
151342,Graduate student,699,221,478,1,0,1,10,6,4,65,17,48,33,13,20,0,0,0,517,154,363,16,6,10,7,3,4,50,22,28
151351,Total students enrolled for credit,53254,26772,26482,58,22,36,2745,1479,1266,2453,1058,1395,2793,1329,1464,22,12,10,35641,17857,17784,1759,789,970,827,445,382,6956,3781,3175
151351,Undergraduate students,41317,20199,21118,48,17,31,2002,1025,977,1924,798,1126,2311,1071,1240,15,7,8,29040,14267,14773,1527,671,856,573,269,304,3877,2074,1803
151351,Graduate student,11937,6573,5364,10,5,5,743,454,289,529,260,269,482,258,224,7,5,2,6601,3590,3011,232,118,114,254,176,78,3079,1707,1372
151360,Total students enrolled for credit,7013,2411,4602,11,4,7,172,71,101,1008,278,730,1231,371,860,1,0,1,3496,1204,2292,161,46,115,904,422,482,29,15,14
151360,Undergraduate students,6545,2256,4289,11,4,7,167,69,98,881,245,636,1165,345,820,1,0,1,3239,1115,2124,154,43,111,902,422,480,25,13,12
151360,Graduate student,468,155,313,0,0,0,5,2,3,127,33,94,66,26,40,0,0,0,257,89,168,7,3,4,2,0,2,4,2,2
151379,Total students enrolled for credit,7159,2852,4307,10,5,5,118,54,64,469,168,301,252,92,160,7,5,2,5933,2369,3564,202,78,124,116,55,61,52,26,26
151379,Undergraduate students,6588,2638,3950,9,5,4,111,52,59,428,150,278,233,87,146,7,5,2,5451,2187,3264,190,73,117,112,54,58,47,25,22
151379,Graduate student,571,214,357,1,0,1,7,2,5,41,18,23,19,5,14,0,0,0,482,182,300,12,5,7,4,1,3,5,1,4
151388,Total students enrolled for credit,6420,2444,3976,16,3,13,123,66,57,274,116,158,224,94,130,2,2,0,5288,1933,3355,179,67,112,214,99,115,100,64,36
151388,Undergraduate students,6092,2364,3728,14,3,11,122,66,56,256,111,145,219,92,127,2,2,0,4994,1862,3132,175,66,109,211,98,113,99,64,35
151388,Graduate student,328,80,248,2,0,2,1,0,1,18,5,13,5,2,3,0,0,0,294,71,223,4,1,3,3,1,2,1,0,1
151458,Total students enrolled for credit,349,100,249,1,0,1,2,0,2,11,2,9,13,5,8,0,0,0,286,81,205,17,6,11,19,6,13,0,0,0
151458,Undergraduate students,349,100,249,1,0,1,2,0,2,11,2,9,13,5,8,0,0,0,286,81,205,17,6,11,19,6,13,0,0,0
151467,Total students enrolled for credit,397,73,324,1,0,1,4,1,3,33,7,26,23,8,15,1,0,1,302,46,256,27,8,19,6,3,3,0,0,0
151467,Undergraduate students,397,73,324,1,0,1,4,1,3,33,7,26,23,8,15,1,0,1,302,46,256,27,8,19,6,3,3,0,0,0
151564,Total students enrolled for credit,63,2,61,0,0,0,0,0,0,0,0,0,4,0,4,0,0,0,59,2,57,0,0,0,0,0,0,0,0,0
151564,Undergraduate students,63,2,61,0,0,0,0,0,0,0,0,0,4,0,4,0,0,0,59,2,57,0,0,0,0,0,0,0,0,0
151607,Total students enrolled for credit,218,10,208,0,0,0,1,0,1,28,3,25,18,1,17,0,0,0,160,5,155,11,1,10,0,0,0,0,0,0
151607,Undergraduate students,218,10,208,0,0,0,1,0,1,28,3,25,18,1,17,0,0,0,160,5,155,11,1,10,0,0,0,0,0,0
151616,Total students enrolled for credit,246,45,201,0,0,0,3,2,1,117,23,94,38,8,30,0,0,0,84,12,72,0,0,0,4,0,4,0,0,0
151616,Undergraduate students,246,45,201,0,0,0,3,2,1,117,23,94,38,8,30,0,0,0,84,12,72,0,0,0,4,0,4,0,0,0
151652,Total students enrolled for credit,367,18,349,1,0,1,8,0,8,92,5,87,8,0,8,1,0,1,233,10,223,8,1,7,16,2,14,0,0,0
151652,Undergraduate students,367,18,349,1,0,1,8,0,8,92,5,87,8,0,8,1,0,1,233,10,223,8,1,7,16,2,14,0,0,0
151661,Total students enrolled for credit,1312,1252,60,0,0,0,29,29,0,181,167,14,75,74,1,1,1,0,968,925,43,37,35,2,21,21,0,0,0,0
151661,Undergraduate students,1312,1252,60,0,0,0,29,29,0,181,167,14,75,74,1,1,1,0,968,925,43,37,35,2,21,21,0,0,0,0
151777,Total students enrolled for credit,1648,763,885,4,3,1,80,33,47,132,61,71,84,38,46,1,0,1,1214,570,644,48,26,22,27,6,21,58,26,32
151777,Undergraduate students,1318,639,679,3,2,1,20,4,16,88,46,42,70,33,37,0,0,0,1012,497,515,47,26,21,20,5,15,58,26,32
151777,Graduate student,330,124,206,1,1,0,60,29,31,44,15,29,14,5,9,1,0,1,202,73,129,1,0,1,7,1,6,0,0,0
151786,Total students enrolled for credit,4042,1513,2529,10,3,7,162,60,102,486,165,321,177,68,109,5,2,3,2780,1023,1757,111,51,60,264,115,149,47,26,21
151786,Undergraduate students,2818,999,1819,9,3,6,65,18,47,375,136,239,130,52,78,5,2,3,1960,673,1287,87,42,45,159,58,101,28,15,13
151786,Graduate student,1224,514,710,1,0,1,97,42,55,111,29,82,47,16,31,0,0,0,820,350,470,24,9,15,105,57,48,19,11,8
151801,Total students enrolled for credit,3160,1058,2102,3,2,1,43,17,26,149,43,106,134,39,95,2,1,1,2622,888,1734,100,38,62,80,14,66,27,16,11
151801,Undergraduate students,2854,980,1874,2,1,1,42,17,25,101,32,69,122,36,86,2,1,1,2428,833,1595,96,36,60,35,8,27,26,16,10
151801,Graduate student,306,78,228,1,1,0,1,0,1,48,11,37,12,3,9,0,0,0,194,55,139,4,2,2,45,6,39,1,0,1
151810,Total students enrolled for credit,491,154,337,1,0,1,1,0,1,451,141,310,7,4,3,0,0,0,14,3,11,15,6,9,1,0,1,1,0,1
151810,Undergraduate students,378,117,261,0,0,0,1,0,1,349,110,239,4,1,3,0,0,0,11,2,9,11,4,7,1,0,1,1,0,1
151810,Graduate student,113,37,76,1,0,1,0,0,0,102,31,71,3,3,0,0,0,0,3,1,2,4,2,2,0,0,0,0,0,0
151865,Total students enrolled for credit,112,59,53,0,0,0,5,3,2,6,4,2,4,1,3,0,0,0,80,37,43,1,0,1,1,1,0,15,13,2
151865,Graduate student,112,59,53,0,0,0,5,3,2,6,4,2,4,1,3,0,0,0,80,37,43,1,0,1,1,1,0,15,13,2
151944,Total students enrolled for credit,160,21,139,1,1,0,1,0,1,44,6,38,13,3,10,0,0,0,93,8,85,0,0,0,8,3,5,0,0,0
151944,Undergraduate students,160,21,139,1,1,0,1,0,1,44,6,38,13,3,10,0,0,0,93,8,85,0,0,0,8,3,5,0,0,0
151962,Total students enrolled for credit,119,55,64,1,0,1,0,0,0,19,7,12,1,0,1,1,0,1,97,48,49,0,0,0,0,0,0,0,0,0
151962,Undergraduate students,119,55,64,1,0,1,0,0,0,19,7,12,1,0,1,1,0,1,97,48,49,0,0,0,0,0,0,0,0,0
152044,Total students enrolled for credit,105,39,66,0,0,0,3,1,2,55,24,31,11,5,6,0,0,0,33,9,24,3,0,3,0,0,0,0,0,0
152044,Undergraduate students,105,39,66,0,0,0,3,1,2,55,24,31,11,5,6,0,0,0,33,9,24,3,0,3,0,0,0,0,0,0
152080,Total students enrolled for credit,12899,7056,5843,19,8,11,593,277,316,462,231,231,1231,606,625,5,3,2,8510,4823,3687,522,258,264,171,98,73,1386,752,634
152080,Undergraduate students,8664,4566,4098,12,3,9,434,194,240,352,169,183,909,434,475,3,2,1,5949,3280,2669,408,199,209,50,22,28,547,263,284
152080,Graduate student,4235,2490,1745,7,5,2,159,83,76,110,62,48,322,172,150,2,1,1,2561,1543,1018,114,59,55,121,76,45,839,489,350
152099,Total students enrolled for credit,2350,943,1407,8,4,4,8,3,5,103,53,50,29,15,14,2,1,1,1682,700,982,16,8,8,479,141,338,23,18,5
152099,Undergraduate students,1620,696,924,6,3,3,4,2,2,62,31,31,26,13,13,1,0,1,1342,563,779,14,6,8,146,63,83,19,15,4
152099,Graduate student,730,247,483,2,1,1,4,1,3,41,22,19,3,2,1,1,1,0,340,137,203,2,2,0,333,78,255,4,3,1
152150,Total students enrolled for credit,46,2,44,0,0,0,0,0,0,0,0,0,0,0,0,0,0,0,45,2,43,1,0,1,0,0,0,0,0,0
152150,Undergraduate students,46,2,44,0,0,0,0,0,0,0,0,0,0,0,0,0,0,0,45,2,43,1,0,1,0,0,0,0,0,0
152275,Total students enrolled for credit,305,80,225,2,1,1,12,1,11,112,45,67,16,4,12,0,0,0,139,19,120,22,10,12,2,0,2,0,0,0
152275,Undergraduate students,305,80,225,2,1,1,12,1,11,112,45,67,16,4,12,0,0,0,139,19,120,22,10,12,2,0,2,0,0,0
152309,Total students enrolled for credit,121,27,94,0,0,0,1,0,1,16,8,8,2,1,1,0,0,0,101,18,83,0,0,0,1,0,1,0,0,0
152309,Undergraduate students,121,27,94,0,0,0,1,0,1,16,8,8,2,1,1,0,0,0,101,18,83,0,0,0,1,0,1,0,0,0
152318,Total students enrolled for credit,2352,1761,591,3,2,1,101,67,34,55,36,19,96,59,37,3,2,1,1622,1249,373,99,66,33,50,29,21,323,251,72
152318,Undergraduate students,2254,1683,571,3,2,1,98,64,34,53,34,19,93,57,36,3,2,1,1576,1211,365,97,65,32,49,28,21,282,220,62
152318,Graduate student,98,78,20,0,0,0,3,3,0,2,2,0,3,2,1,0,0,0,46,38,8,2,1,1,1,1,0,41,31,10
152327,Total students enrolled for credit,27,0,27,0,0,0,0,0,0,4,0,4,1,0,1,0,0,0,22,0,22,0,0,0,0,0,0,0,0,0
152327,Undergraduate students,27,0,27,0,0,0,0,0,0,4,0,4,1,0,1,0,0,0,22,0,22,0,0,0,0,0,0,0,0,0
152336,Total students enrolled for credit,2802,794,2008,6,3,3,36,9,27,228,92,136,193,59,134,4,2,2,2237,588,1649,49,21,28,37,12,25,12,8,4
152336,Undergraduate students,2114,570,1544,6,3,3,25,5,20,174,72,102,161,47,114,3,2,1,1674,409,1265,43,18,25,19,6,13,9,8,1
152336,Graduate student,688,224,464,0,0,0,11,4,7,54,20,34,32,12,20,1,0,1,563,179,384,6,3,3,18,6,12,3,0,3
152381,Total students enrolled for credit,1060,80,980,9,0,9,11,0,11,51,4,47,27,3,24,2,0,2,767,56,711,21,1,20,147,14,133,25,2,23
152381,Undergraduate students,768,57,711,6,0,6,6,0,6,43,3,40,15,3,12,0,0,0,574,42,532,15,1,14,87,7,80,22,1,21
152381,Graduate student,292,23,269,3,0,3,5,0,5,8,1,7,12,0,12,2,0,2,193,14,179,6,0,6,60,7,53,3,1,2
152390,Total students enrolled for credit,1767,43,1724,2,0,2,38,3,35,37,2,35,185,2,183,1,0,1,1310,3,1307,48,0,48,115,33,82,31,0,31
152390,Undergraduate students,1690,33,1657,2,0,2,33,0,33,34,0,34,182,0,182,1,0,1,1247,0,1247,48,0,48,112,33,79,31,0,31
152390,Graduate student,77,10,67,0,0,0,5,3,2,3,2,1,3,2,1,0,0,0,63,3,60,0,0,0,3,0,3,0,0,0
152415,Total students enrolled for credit,501,37,464,1,0,1,0,0,0,239,15,224,126,11,115,0,0,0,59,3,56,2,0,2,74,8,66,0,0,0
152415,Undergraduate students,501,37,464,1,0,1,0,0,0,239,15,224,126,11,115,0,0,0,59,3,56,2,0,2,74,8,66,0,0,0
152451,Total students enrolled for credit,243,188,55,0,0,0,4,3,1,3,2,1,9,7,2,0,0,0,200,149,51,0,0,0,0,0,0,27,27,0
152451,Graduate student,243,188,55,0,0,0,4,3,1,3,2,1,9,7,2,0,0,0,200,149,51,0,0,0,0,0,0,27,27,0
152497,Total students enrolled for credit,209,8,201,0,0,0,4,0,4,8,0,8,13,1,12,0,0,0,183,7,176,1,0,1,0,0,0,0,0,0
152497,Undergraduate students,209,8,201,0,0,0,4,0,4,8,0,8,13,1,12,0,0,0,183,7,176,1,0,1,0,0,0,0,0,0
152530,Total students enrolled for credit,2874,1249,1625,19,9,10,74,30,44,92,53,39,109,50,59,9,5,4,2336,985,1351,24,11,13,0,0,0,211,106,105
152530,Undergraduate students,2831,1232,1599,19,9,10,73,29,44,92,53,39,109,50,59,9,5,4,2299,972,1327,24,11,13,0,0,0,206,103,103
152530,Graduate student,43,17,26,0,0,0,1,1,0,0,0,0,0,0,0,0,0,0,37,13,24,0,0,0,0,0,0,5,3,2
152567,Total students enrolled for credit,4093,2409,1684,11,5,6,81,42,39,218,118,100,275,125,150,7,6,1,2691,1503,1188,133,74,59,170,82,88,507,454,53
152567,Undergraduate students,3649,2056,1593,11,5,6,81,42,39,218,118,100,275,125,150,7,6,1,2651,1479,1172,131,72,59,83,46,37,192,163,29
152567,Graduate student,444,353,91,0,0,0,0,0,0,0,0,0,0,0,0,0,0,0,40,24,16,2,2,0,87,36,51,315,291,24
152600,Total students enrolled for credit,4853,2261,2592,12,4,8,97,34,63,305,137,168,372,146,226,5,2,3,3077,1322,1755,112,45,67,206,101,105,667,470,197
152600,Undergraduate students,3531,1604,1927,7,1,6,73,26,47,218,107,111,310,113,197,1,0,1,2497,1099,1398,101,41,60,107,58,49,217,159,58
152600,Graduate student,1322,657,665,5,3,2,24,8,16,87,30,57,62,33,29,4,2,2,580,223,357,11,4,7,99,43,56,450,311,139
152628,Total students enrolled for credit,42,1,41,0,0,0,0,0,0,0,0,0,2,0,2,0,0,0,40,1,39,0,0,0,0,0,0,0,0,0
152628,Undergraduate students,42,1,41,0,0,0,0,0,0,0,0,0,2,0,2,0,0,0,40,1,39,0,0,0,0,0,0,0,0,0
152637,Total students enrolled for credit,22420,12300,10120,57,30,27,341,195,146,2425,1170,1255,1987,1011,976,50,28,22,15774,8882,6892,414,190,224,1287,736,551,85,58,27
152637,Undergraduate students,22420,12300,10120,57,30,27,341,195,146,2425,1170,1255,1987,1011,976,50,28,22,15774,8882,6892,414,190,224,1287,736,551,85,58,27
152673,Total students enrolled for credit,848,848,0,2,2,0,11,11,0,54,54,0,71,71,0,0,0,0,610,610,0,20,20,0,22,22,0,58,58,0
152673,Undergraduate students,848,848,0,2,2,0,11,11,0,54,54,0,71,71,0,0,0,0,610,610,0,20,20,0,22,22,0,58,58,0
152798,Total students enrolled for credit,848,90,758,0,0,0,10,2,8,23,6,17,4,0,4,2,0,2,752,75,677,7,1,6,48,6,42,2,0,2
152798,Undergraduate students,547,58,489,0,0,0,10,2,8,13,3,10,1,0,1,2,0,2,483,50,433,5,0,5,33,3,30,0,0,0
152798,Graduate student,301,32,269,0,0,0,0,0,0,10,3,7,3,0,3,0,0,0,269,25,244,2,1,1,15,3,12,2,0,2
152992,Total students enrolled for credit,1486,625,861,24,8,16,30,15,15,131,77,54,169,81,88,9,4,5,1061,409,652,12,3,9,1,0,1,49,28,21
152992,Undergraduate students,1227,524,703,21,7,14,20,9,11,114,67,47,159,75,84,8,4,4,847,332,515,10,3,7,1,0,1,47,27,20
152992,Graduate student,259,101,158,3,1,2,10,6,4,17,10,7,10,6,4,1,0,1,214,77,137,2,0,2,0,0,0,2,1,1
153001,Total students enrolled for credit,2878,855,2023,15,2,13,28,7,21,62,34,28,88,26,62,4,3,1,2332,669,1663,41,21,20,254,74,180,54,19,35
153001,Undergraduate students,2510,806,1704,14,2,12,27,7,20,56,33,23,82,26,56,4,3,1,2065,635,1430,41,21,20,167,60,107,54,19,35
153001,Graduate student,368,49,319,1,0,1,1,0,1,6,1,5,6,0,6,0,0,0,267,34,233,0,0,0,87,14,73,0,0,0
153074,Total students enrolled for credit,295,12,283,0,0,0,1,0,1,24,0,24,10,0,10,1,1,0,255,11,244,4,0,4,0,0,0,0,0,0
153074,Undergraduate students,295,12,283,0,0,0,1,0,1,24,0,24,10,0,10,1,1,0,255,11,244,4,0,4,0,0,0,0,0,0
153083,Total students enrolled for credit,212,10,202,0,0,0,0,0,0,17,1,16,10,0,10,0,0,0,179,9,170,5,0,5,1,0,1,0,0,0
153083,Undergraduate students,212,10,202,0,0,0,0,0,0,17,1,16,10,0,10,0,0,0,179,9,170,5,0,5,1,0,1,0,0,0
153108,Total students enrolled for credit,1433,650,783,4,1,3,21,11,10,33,24,9,67,29,38,0,0,0,1176,530,646,18,9,9,104,44,60,10,2,8
153108,Undergraduate students,1433,650,783,4,1,3,21,11,10,33,24,9,67,29,38,0,0,0,1176,530,646,18,9,9,104,44,60,10,2,8
153126,Total students enrolled for credit,1149,339,810,0,0,0,12,6,6,49,26,23,61,29,32,8,4,4,957,255,702,21,7,14,32,8,24,9,4,5
153126,Undergraduate students,845,286,559,0,0,0,10,6,4,44,25,19,53,26,27,8,4,4,686,207,479,18,7,11,18,7,11,8,4,4
153126,Graduate student,304,53,251,0,0,0,2,0,2,5,1,4,8,3,5,0,0,0,271,48,223,3,0,3,14,1,13,1,0,1
153144,Total students enrolled for credit,1476,635,841,5,3,2,29,9,20,87,36,51,123,55,68,2,2,0,1002,437,565,44,20,24,97,38,59,87,35,52
153144,Undergraduate students,1476,635,841,5,3,2,29,9,20,87,36,51,123,55,68,2,2,0,1002,437,565,44,20,24,97,38,59,87,35,52
153162,Total students enrolled for credit,1006,508,498,8,5,3,38,16,22,53,29,24,113,51,62,0,0,0,673,337,336,23,10,13,59,36,23,39,24,15
153162,Undergraduate students,1006,508,498,8,5,3,38,16,22,53,29,24,113,51,62,0,0,0,673,337,336,23,10,13,59,36,23,39,24,15
153171,Total students enrolled for credit,24,0,24,2,0,2,0,0,0,1,0,1,5,0,5,0,0,0,16,0,16,0,0,0,0,0,0,0,0,0
153171,Undergraduate students,24,0,24,2,0,2,0,0,0,1,0,1,5,0,5,0,0,0,16,0,16,0,0,0,0,0,0,0,0,0
153214,Total students enrolled for credit,35488,16825,18663,114,63,51,1348,630,718,1876,899,977,2588,1211,1377,30,12,18,25406,11925,13481,743,331,412,2986,1525,1461,397,229,168
153214,Undergraduate students,35488,16825,18663,114,63,51,1348,630,718,1876,899,977,2588,1211,1377,30,12,18,25406,11925,13481,743,331,412,2986,1525,1461,397,229,168
153241,Total students enrolled for credit,66,38,28,0,0,0,10,10,0,2,1,1,6,6,0,0,0,0,4,4,0,0,0,0,0,0,0,44,17,27
153241,Undergraduate students,66,38,28,0,0,0,10,10,0,2,1,1,6,6,0,0,0,0,4,4,0,0,0,0,0,0,0,44,17,27
153250,Total students enrolled for credit,1703,860,843,1,1,0,24,5,19,30,24,6,40,23,17,3,2,1,1385,684,701,11,6,5,69,40,29,140,75,65
153250,Undergraduate students,1579,802,777,1,1,0,21,4,17,28,24,4,40,23,17,3,2,1,1288,641,647,11,6,5,51,28,23,136,73,63
153250,Graduate student,124,58,66,0,0,0,3,1,2,2,0,2,0,0,0,0,0,0,97,43,54,0,0,0,18,12,6,4,2,2
153269,Total students enrolled for credit,5886,2277,3609,10,2,8,186,69,117,211,98,113,211,79,132,0,0,0,4803,1813,2990,115,45,70,70,31,39,280,140,140
153269,Undergraduate students,3606,1534,2072,7,2,5,122,48,74,150,71,79,154,57,97,0,0,0,2808,1178,1630,83,32,51,33,15,18,249,131,118
153269,Graduate student,2280,743,1537,3,0,3,64,21,43,61,27,34,57,22,35,0,0,0,1995,635,1360,32,13,19,37,16,21,31,9,22
153278,Total students enrolled for credit,2518,1402,1116,10,8,2,46,35,11,295,205,90,183,124,59,6,3,3,1590,757,833,72,44,28,173,101,72,143,125,18
153278,Undergraduate students,2027,1182,845,8,6,2,41,33,8,273,190,83,175,118,57,5,3,2,1232,607,625,63,41,22,99,64,35,131,120,11
153278,Graduate student,491,220,271,2,2,0,5,2,3,22,15,7,8,6,2,1,0,1,358,150,208,9,3,6,74,37,37,12,5,7
153296,Total students enrolled for credit,1049,546,503,5,3,2,4,1,3,159,149,10,75,40,35,1,1,0,697,297,400,23,14,9,67,29,38,18,12,6
153296,Undergraduate students,1049,546,503,5,3,2,4,1,3,159,149,10,75,40,35,1,1,0,697,297,400,23,14,9,67,29,38,18,12,6
153302,Total students enrolled for credit,284,123,161,3,2,1,11,6,5,11,6,5,20,12,8,1,1,0,212,88,124,8,2,6,18,6,12,0,0,0
153302,Undergraduate students,284,123,161,3,2,1,11,6,5,11,6,5,20,12,8,1,1,0,212,88,124,8,2,6,18,6,12,0,0,0
153311,Total students enrolled for credit,13139,5726,7413,43,20,23,401,213,188,797,344,453,1221,551,670,16,9,7,9311,3955,5356,463,191,272,806,396,410,81,47,34
153311,Undergraduate students,13139,5726,7413,43,20,23,401,213,188,797,344,453,1221,551,670,16,9,7,9311,3955,5356,463,191,272,806,396,410,81,47,34
153320,Total students enrolled for credit,354,181,173,2,0,2,7,2,5,6,3,3,5,1,4,0,0,0,315,164,151,2,2,0,12,7,5,5,2,3
153320,Undergraduate students,299,138,161,2,0,2,6,1,5,5,2,3,4,1,3,0,0,0,270,128,142,2,2,0,6,2,4,4,2,2
153320,Graduate student,55,43,12,0,0,0,1,1,0,1,1,0,1,0,1,0,0,0,45,36,9,0,0,0,6,5,1,1,0,1
153339,Total students enrolled for credit,27,0,27,0,0,0,4,0,4,1,0,1,5,0,5,0,0,0,16,0,16,1,0,1,0,0,0,0,0,0
153339,Undergraduate students,27,0,27,0,0,0,4,0,4,1,0,1,5,0,5,0,0,0,16,0,16,1,0,1,0,0,0,0,0,0
153366,Total students enrolled for credit,2961,903,2058,13,4,9,35,7,28,197,118,79,198,99,99,17,9,8,1703,399,1304,74,27,47,659,205,454,65,35,30
153366,Undergraduate students,1791,732,1059,7,3,4,18,5,13,157,111,46,158,95,63,13,9,4,943,305,638,55,23,32,384,152,232,56,29,27
153366,Graduate student,1170,171,999,6,1,5,17,2,15,40,7,33,40,4,36,4,0,4,760,94,666,19,4,15,275,53,222,9,6,3
153375,Total students enrolled for credit,2187,995,1192,7,5,2,60,27,33,179,126,53,89,46,43,5,3,2,1503,621,882,104,38,66,188,92,96,52,37,15
153375,Undergraduate students,2122,966,1156,7,5,2,58,27,31,175,123,52,88,45,43,5,3,2,1455,604,851,100,34,66,185,90,95,49,35,14
153375,Graduate student,65,29,36,0,0,0,2,0,2,4,3,1,1,1,0,0,0,0,48,17,31,4,4,0,3,2,1,3,2,1
153384,Total students enrolled for credit,1765,801,964,1,0,1,134,58,76,106,51,55,133,57,76,0,0,0,918,416,502,81,36,45,87,43,44,305,140,165
153384,Undergraduate students,1765,801,964,1,0,1,134,58,76,106,51,55,133,57,76,0,0,0,918,416,502,81,36,45,87,43,44,305,140,165
153409,Total students enrolled for credit,305,60,245,0,0,0,1,0,1,14,7,7,13,2,11,1,0,1,165,31,134,0,0,0,111,20,91,0,0,0
153409,Undergraduate students,252,50,202,0,0,0,0,0,0,12,7,5,10,1,9,1,0,1,139,26,113,0,0,0,90,16,74,0,0,0
153409,Graduate student,53,10,43,0,0,0,1,0,1,2,0,2,3,1,2,0,0,0,26,5,21,0,0,0,21,4,17,0,0,0
153418,Total students enrolled for credit,787,138,649,2,0,2,6,2,4,78,18,60,32,3,29,3,1,2,560,93,467,20,4,16,86,17,69,0,0,0
153418,Undergraduate students,696,122,574,2,0,2,5,2,3,68,15,53,30,3,27,1,1,0,496,83,413,19,4,15,75,14,61,0,0,0
153418,Graduate student,91,16,75,0,0,0,1,0,1,10,3,7,2,0,2,2,0,2,64,10,54,1,0,1,11,3,8,0,0,0
153427,Total students enrolled for credit,288,155,133,0,0,0,3,2,1,44,15,29,39,16,23,0,0,0,195,117,78,3,2,1,4,3,1,0,0,0
153427,Undergraduate students,288,155,133,0,0,0,3,2,1,44,15,29,39,16,23,0,0,0,195,117,78,3,2,1,4,3,1,0,0,0
153445,Total students enrolled for credit,8023,3596,4427,9,5,4,180,79,101,675,312,363,283,115,168,14,7,7,6644,2987,3657,218,91,127,0,0,0,0,0,0
153445,Undergraduate students,8023,3596,4427,9,5,4,180,79,101,675,312,363,283,115,168,14,7,7,6644,2987,3657,218,91,127,0,0,0,0,0,0
153463,Total students enrolled for credit,36,3,33,0,0,0,0,0,0,2,1,1,0,0,0,0,0,0,31,1,30,3,1,2,0,0,0,0,0,0
153463,Undergraduate students,36,3,33,0,0,0,0,0,0,2,1,1,0,0,0,0,0,0,31,1,30,3,1,2,0,0,0,0,0,0
153472,Total students enrolled for credit,5649,2693,2956,15,12,3,64,43,21,356,193,163,286,156,130,7,0,7,4366,2001,2365,121,62,59,209,79,130,225,147,78
153472,Undergraduate students,5649,2693,2956,15,12,3,64,43,21,356,193,163,286,156,130,7,0,7,4366,2001,2365,121,62,59,209,79,130,225,147,78
153524,Total students enrolled for credit,8466,4095,4371,90,50,40,121,62,59,949,581,368,675,332,343,18,10,8,5728,2617,3111,77,36,41,694,337,357,114,70,44
153524,Undergraduate students,8466,4095,4371,90,50,40,121,62,59,949,581,368,675,332,343,18,10,8,5728,2617,3111,77,36,41,694,337,357,114,70,44
153533,Total students enrolled for credit,3044,1384,1660,29,13,16,95,55,40,162,80,82,136,61,75,2,1,1,2546,1134,1412,0,0,0,74,40,34,0,0,0
153533,Undergraduate students,3044,1384,1660,29,13,16,95,55,40,162,80,82,136,61,75,2,1,1,2546,1134,1412,0,0,0,74,40,34,0,0,0
153542,Total students enrolled for credit,18,3,15,0,0,0,1,0,1,1,0,1,1,1,0,0,0,0,15,2,13,0,0,0,0,0,0,0,0,0
153542,Undergraduate students,18,3,15,0,0,0,1,0,1,1,0,1,1,1,0,0,0,0,15,2,13,0,0,0,0,0,0,0,0,0
153588,Total students enrolled for credit,47,35,12,0,0,0,2,0,2,16,14,2,10,6,4,0,0,0,17,13,4,2,2,0,0,0,0,0,0,0
153588,Undergraduate students,47,35,12,0,0,0,2,0,2,16,14,2,10,6,4,0,0,0,17,13,4,2,2,0,0,0,0,0,0,0
153597,Total students enrolled for credit,158,12,146,0,0,0,11,0,11,21,3,18,14,0,14,4,1,3,102,8,94,5,0,5,1,0,1,0,0,0
153597,Undergraduate students,158,12,146,0,0,0,11,0,11,21,3,18,14,0,14,4,1,3,102,8,94,5,0,5,1,0,1,0,0,0
153603,Total students enrolled for credit,39729,22451,17278,87,55,32,1172,695,477,1102,632,470,1879,975,904,35,23,12,27696,15435,12261,829,393,436,2314,1254,1060,4615,2989,1626
153603,Undergraduate students,32814,18783,14031,66,40,26,1027,618,409,906,539,367,1655,865,790,27,19,8,24154,13691,10463,765,362,403,1773,1046,727,2441,1603,838
153603,Graduate student,6915,3668,3247,21,15,6,145,77,68,196,93,103,224,110,114,8,4,4,3542,1744,1798,64,31,33,541,208,333,2174,1386,788
153621,Total students enrolled for credit,571,265,306,6,2,4,13,6,7,84,53,31,30,16,14,4,2,2,227,89,138,26,14,12,117,50,67,64,33,31
153621,Undergraduate students,570,265,305,6,2,4,13,6,7,84,53,31,30,16,14,4,2,2,226,89,137,26,14,12,117,50,67,64,33,31
153621,Graduate student,1,0,1,0,0,0,0,0,0,0,0,0,0,0,0,0,0,0,1,0,1,0,0,0,0,0,0,0,0,0
153630,Total students enrolled for credit,9625,4632,4993,100,47,53,193,94,99,824,484,340,606,292,314,25,10,15,7054,3210,3844,36,13,23,266,141,125,521,341,180
153630,Undergraduate students,9625,4632,4993,100,47,53,193,94,99,824,484,340,606,292,314,25,10,15,7054,3210,3844,36,13,23,266,141,125,521,341,180
153658,Total students enrolled for credit,35671,16987,18684,64,31,33,1519,727,792,1161,525,636,2356,1068,1288,31,17,14,23958,11276,12682,901,375,526,1654,744,910,4027,2224,1803
153658,Undergraduate students,27051,12762,14289,46,22,24,1085,503,582,925,418,507,1986,895,1091,25,13,12,18330,8620,9710,729,302,427,1161,490,671,2764,1499,1265
153658,Graduate student,8620,4225,4395,18,9,9,434,224,210,236,107,129,370,173,197,6,4,2,5628,2656,2972,172,73,99,493,254,239,1263,725,538
153737,Total students enrolled for credit,20125,9635,10490,88,48,40,448,219,229,2134,1100,1034,1005,459,546,15,5,10,14381,6754,7627,523,257,266,824,400,424,707,393,314
153737,Undergraduate students,20125,9635,10490,88,48,40,448,219,229,2134,1100,1034,1005,459,546,15,5,10,14381,6754,7627,523,257,266,824,400,424,707,393,314
153746,Total students enrolled for credit,61,3,58,1,0,1,0,0,0,14,0,14,0,0,0,0,0,0,34,1,33,1,0,1,11,2,9,0,0,0
153746,Undergraduate students,61,3,58,1,0,1,0,0,0,14,0,14,0,0,0,0,0,0,34,1,33,1,0,1,11,2,9,0,0,0
153764,Total students enrolled for credit,133,9,124,0,0,0,6,0,6,16,0,16,24,2,22,0,0,0,70,5,65,3,0,3,14,2,12,0,0,0
153764,Undergraduate students,133,9,124,0,0,0,6,0,6,16,0,16,24,2,22,0,0,0,70,5,65,3,0,3,14,2,12,0,0,0
153773,Total students enrolled for credit,91,3,88,0,0,0,0,0,0,7,1,6,6,0,6,1,0,1,77,2,75,0,0,0,0,0,0,0,0,0
153773,Undergraduate students,91,3,88,0,0,0,0,0,0,7,1,6,6,0,6,1,0,1,77,2,75,0,0,0,0,0,0,0,0,0
153782,Total students enrolled for credit,68,2,66,1,0,1,0,0,0,6,1,5,6,0,6,0,0,0,50,1,49,1,0,1,4,0,4,0,0,0
153782,Undergraduate students,68,2,66,1,0,1,0,0,0,6,1,5,6,0,6,0,0,0,50,1,49,1,0,1,4,0,4,0,0,0
153825,Total students enrolled for credit,1697,887,810,2,2,0,15,6,9,36,28,8,112,58,54,1,1,0,1353,691,662,32,16,16,117,69,48,29,16,13
153825,Undergraduate students,1571,825,746,1,1,0,14,5,9,36,28,8,110,58,52,1,1,0,1242,638,604,32,16,16,106,62,44,29,16,13
153825,Graduate student,126,62,64,1,1,0,1,1,0,0,0,0,2,0,2,0,0,0,111,53,58,0,0,0,11,7,4,0,0,0
153834,Total students enrolled for credit,2214,991,1223,7,6,1,36,14,22,45,26,19,101,53,48,1,0,1,1822,775,1047,49,26,23,5,3,2,148,88,60
153834,Undergraduate students,2214,991,1223,7,6,1,36,14,22,45,26,19,101,53,48,1,0,1,1822,775,1047,49,26,23,5,3,2,148,88,60
153861,Total students enrolled for credit,2253,1558,695,2,1,1,41,18,23,128,85,43,55,27,28,2,1,1,322,152,170,31,10,21,221,79,142,1451,1185,266
153861,Undergraduate students,503,226,277,2,1,1,14,8,6,34,19,15,40,21,19,2,1,1,167,92,75,16,7,9,187,65,122,41,12,29
153861,Graduate student,1750,1332,418,0,0,0,27,10,17,94,66,28,15,6,9,0,0,0,155,60,95,15,3,12,34,14,20,1410,1173,237
153922,Total students enrolled for credit,2548,1075,1473,42,16,26,40,14,26,70,41,29,357,120,237,3,0,3,1449,585,864,46,20,26,454,217,237,87,62,25
153922,Undergraduate students,2548,1075,1473,42,16,26,40,14,26,70,41,29,357,120,237,3,0,3,1449,585,864,46,20,26,454,217,237,87,62,25
153977,Total students enrolled for credit,968,120,848,4,1,3,29,4,25,70,8,62,38,3,35,3,1,2,783,97,686,20,2,18,21,4,17,0,0,0
153977,Undergraduate students,968,120,848,4,1,3,29,4,25,70,8,62,38,3,35,3,1,2,783,97,686,20,2,18,21,4,17,0,0,0
154004,Total students enrolled for credit,3887,1117,2770,13,8,5,28,9,19,33,19,14,140,52,88,5,1,4,3263,868,2395,48,20,28,285,88,197,72,52,20
154004,Undergraduate students,1399,649,750,8,7,1,14,8,6,23,16,7,92,37,55,3,1,2,1088,479,609,41,19,22,60,31,29,70,51,19
154004,Graduate student,2488,468,2020,5,1,4,14,1,13,10,3,7,48,15,33,2,0,2,2175,389,1786,7,1,6,225,57,168,2,1,1
154013,Total students enrolled for credit,2235,684,1551,24,7,17,46,10,36,156,67,89,28,7,21,3,0,3,1761,487,1274,42,14,28,95,37,58,80,55,25
154013,Undergraduate students,1809,542,1267,24,7,17,36,9,27,125,49,76,27,7,20,3,0,3,1431,389,1042,28,7,21,64,23,41,71,51,20
154013,Graduate student,426,142,284,0,0,0,10,1,9,31,18,13,1,0,1,0,0,0,330,98,232,14,7,7,31,14,17,9,4,5
154022,Total students enrolled for credit,92383,29496,62887,793,187,606,1380,626,754,35115,8862,26253,10762,3789,6973,761,267,494,38230,13961,24269,3482,1154,2328,1776,605,1171,84,45,39
154022,Undergraduate students,80958,26589,54369,719,174,545,1153,539,614,29628,7807,21821,9624,3449,6175,682,248,434,34366,12734,21632,3128,1053,2075,1582,545,1037,76,40,36
154022,Graduate student,11425,2907,8518,74,13,61,227,87,140,5487,1055,4432,1138,340,798,79,19,60,3864,1227,2637,354,101,253,194,60,134,8,5,3
154059,Total students enrolled for credit,3980,1708,2272,8,5,3,41,22,19,143,72,71,200,88,112,2,1,1,3424,1428,1996,72,21,51,10,5,5,80,66,14
154059,Undergraduate students,3980,1708,2272,8,5,3,41,22,19,143,72,71,200,88,112,2,1,1,3424,1428,1996,72,21,51,10,5,5,80,66,14
154095,Total students enrolled for credit,14460,5587,8873,36,10,26,178,59,119,419,189,230,530,203,327,12,4,8,11670,4373,7297,253,101,152,568,225,343,794,423,371
154095,Undergraduate students,11334,4762,6572,29,8,21,149,56,93,340,169,171,458,186,272,11,4,7,9129,3753,5376,219,92,127,423,179,244,576,315,261
154095,Graduate student,3126,825,2301,7,2,5,29,3,26,79,20,59,72,17,55,1,0,1,2541,620,1921,34,9,25,145,46,99,218,108,110
154101,Total students enrolled for credit,1401,518,883,4,0,4,11,4,7,19,16,3,56,26,30,0,0,0,1176,410,766,25,11,14,69,30,39,41,21,20
154101,Undergraduate students,1131,491,640,1,0,1,9,4,5,18,16,2,55,26,29,0,0,0,924,384,540,25,11,14,59,29,30,40,21,19
154101,Graduate student,270,27,243,3,0,3,2,0,2,1,0,1,1,0,1,0,0,0,252,26,226,0,0,0,10,1,9,1,0,1
154110,Total students enrolled for credit,6159,2651,3508,24,9,15,16,7,9,143,44,99,133,65,68,9,6,3,5654,2437,3217,45,22,23,125,55,70,10,6,4
154110,Undergraduate students,6159,2651,3508,24,9,15,16,7,9,143,44,99,133,65,68,9,6,3,5654,2437,3217,45,22,23,125,55,70,10,6,4
154129,Total students enrolled for credit,2756,1113,1643,35,14,21,54,23,31,50,22,28,183,62,121,1,1,0,2283,931,1352,28,9,19,121,51,70,1,0,1
154129,Undergraduate students,2756,1113,1643,35,14,21,54,23,31,50,22,28,183,62,121,1,1,0,2283,931,1352,28,9,19,121,51,70,1,0,1
154156,Total students enrolled for credit,1744,855,889,3,2,1,229,112,117,37,16,21,64,34,30,1,1,0,1333,653,680,39,21,18,36,15,21,2,1,1
154156,Graduate student,1744,855,889,3,2,1,229,112,117,37,16,21,64,34,30,1,1,0,1333,653,680,39,21,18,36,15,21,2,1,1
154165,Total students enrolled for credit,58,1,57,0,0,0,1,0,1,2,0,2,2,0,2,0,0,0,51,1,50,2,0,2,0,0,0,0,0,0
154165,Undergraduate students,58,1,57,0,0,0,1,0,1,2,0,2,2,0,2,0,0,0,51,1,50,2,0,2,0,0,0,0,0,0
154174,Total students enrolled for credit,2662,1604,1058,16,13,3,217,145,72,101,66,35,259,147,112,13,6,7,1958,1171,787,72,38,34,25,17,8,1,1,0
154174,Undergraduate students,47,22,25,0,0,0,4,2,2,3,2,1,1,1,0,0,0,0,38,16,22,1,1,0,0,0,0,0,0,0
154174,Graduate student,2615,1582,1033,16,13,3,213,143,70,98,64,34,258,146,112,13,6,7,1920,1155,765,71,37,34,25,17,8,1,1,0
154208,Total students enrolled for credit,194,5,189,1,0,1,2,0,2,5,1,4,7,0,7,1,0,1,178,4,174,0,0,0,0,0,0,0,0,0
154208,Undergraduate students,194,5,189,1,0,1,2,0,2,5,1,4,7,0,7,1,0,1,178,4,174,0,0,0,0,0,0,0,0,0
154235,Total students enrolled for credit,3556,1424,2132,6,3,3,53,17,36,142,82,60,232,89,143,3,1,2,2756,1024,1732,82,35,47,152,64,88,130,109,21
154235,Undergraduate students,2545,1108,1437,4,3,1,37,9,28,107,68,39,185,76,109,1,1,0,1937,784,1153,67,29,38,100,44,56,107,94,13
154235,Graduate student,1011,316,695,2,0,2,16,8,8,35,14,21,47,13,34,2,0,2,819,240,579,15,6,9,52,20,32,23,15,8
154262,Total students enrolled for credit,331,36,295,3,1,2,9,0,9,11,1,10,26,2,24,0,0,0,245,30,215,5,0,5,32,2,30,0,0,0
154262,Undergraduate students,331,36,295,3,1,2,9,0,9,11,1,10,26,2,24,0,0,0,245,30,215,5,0,5,32,2,30,0,0,0
154332,Total students enrolled for credit,127,5,122,0,0,0,2,0,2,39,1,38,4,0,4,0,0,0,65,4,61,6,0,6,11,0,11,0,0,0
154332,Undergraduate students,127,5,122,0,0,0,2,0,2,39,1,38,4,0,4,0,0,0,65,4,61,6,0,6,11,0,11,0,0,0
154341,Total students enrolled for credit,79,9,70,0,0,0,1,0,1,18,6,12,6,1,5,0,0,0,47,1,46,4,0,4,3,1,2,0,0,0
154341,Undergraduate students,79,9,70,0,0,0,1,0,1,18,6,12,6,1,5,0,0,0,47,1,46,4,0,4,3,1,2,0,0,0
154350,Total students enrolled for credit,1777,780,997,1,1,0,26,12,14,41,29,12,66,25,41,3,2,1,1464,642,822,31,12,19,131,51,80,14,6,8
154350,Undergraduate students,1695,751,944,1,1,0,26,12,14,40,29,11,66,25,41,3,2,1,1410,622,788,31,12,19,104,42,62,14,6,8
154350,Graduate student,82,29,53,0,0,0,0,0,0,1,0,1,0,0,0,0,0,0,54,20,34,0,0,0,27,9,18,0,0,0
154378,Total students enrolled for credit,4144,1681,2463,63,35,28,55,23,32,220,91,129,180,76,104,4,2,2,2653,1007,1646,119,53,66,811,372,439,39,22,17
154378,Undergraduate students,4144,1681,2463,63,35,28,55,23,32,220,91,129,180,76,104,4,2,2,2653,1007,1646,119,53,66,811,372,439,39,22,17
154396,Total students enrolled for credit,2231,936,1295,14,8,6,26,8,18,99,54,45,142,72,70,0,0,0,1868,749,1119,37,19,18,20,8,12,25,18,7
154396,Undergraduate students,2231,936,1295,14,8,6,26,8,18,99,54,45,142,72,70,0,0,0,1868,749,1119,37,19,18,20,8,12,25,18,7
154448,Total students enrolled for credit,221,6,215,2,0,2,4,1,3,11,0,11,20,0,20,0,0,0,171,4,167,10,0,10,1,0,1,2,1,1
154448,Undergraduate students,221,6,215,2,0,2,4,1,3,11,0,11,20,0,20,0,0,0,171,4,167,10,0,10,1,0,1,2,1,1
154457,Total students enrolled for credit,44,1,43,6,1,5,2,0,2,0,0,0,10,0,10,0,0,0,26,0,26,0,0,0,0,0,0,0,0,0
154457,Undergraduate students,44,1,43,6,1,5,2,0,2,0,0,0,10,0,10,0,0,0,26,0,26,0,0,0,0,0,0,0,0,0
154466,Total students enrolled for credit,70,4,66,0,0,0,2,0,2,16,2,14,2,0,2,0,0,0,50,2,48,0,0,0,0,0,0,0,0,0
154466,Undergraduate students,70,4,66,0,0,0,2,0,2,16,2,14,2,0,2,0,0,0,50,2,48,0,0,0,0,0,0,0,0,0
154493,Total students enrolled for credit,9722,3480,6242,49,19,30,147,65,82,1668,565,1103,521,236,285,22,9,13,5769,2028,3741,168,69,99,438,158,280,940,331,609
154493,Undergraduate students,7909,3020,4889,39,17,22,123,57,66,1524,521,1003,462,220,242,22,9,13,4323,1666,2657,150,63,87,379,147,232,887,320,567
154493,Graduate student,1813,460,1353,10,2,8,24,8,16,144,44,100,59,16,43,0,0,0,1446,362,1084,18,6,12,59,11,48,53,11,42
154518,Total students enrolled for credit,3759,2475,1284,28,12,16,64,36,28,449,267,182,243,156,87,3,1,2,1869,1259,610,26,18,8,1048,702,346,29,24,5
154518,Undergraduate students,3213,2101,1112,25,10,15,53,31,22,368,228,140,216,135,81,3,1,2,1577,1041,536,26,18,8,916,613,303,29,24,5
154518,Graduate student,546,374,172,3,2,1,11,5,6,81,39,42,27,21,6,0,0,0,292,218,74,0,0,0,132,89,43,0,0,0
154527,Total students enrolled for credit,1523,739,784,0,0,0,20,9,11,80,51,29,58,25,33,1,0,1,1129,515,614,49,31,18,54,26,28,132,82,50
154527,Undergraduate students,1523,739,784,0,0,0,20,9,11,80,51,29,58,25,33,1,0,1,1129,515,614,49,31,18,54,26,28,132,82,50
154536,Total students enrolled for credit,119,55,64,0,0,0,2,1,1,4,2,2,1,0,1,0,0,0,105,48,57,3,2,1,0,0,0,4,2,2
154536,Graduate student,119,55,64,0,0,0,2,1,1,4,2,2,1,0,1,0,0,0,105,48,57,3,2,1,0,0,0,4,2,2
154545,Total students enrolled for credit,44,18,26,0,0,0,1,0,1,12,7,5,2,0,2,0,0,0,25,9,16,4,2,2,0,0,0,0,0,0
154545,Undergraduate students,44,18,26,0,0,0,1,0,1,12,7,5,2,0,2,0,0,0,25,9,16,4,2,2,0,0,0,0,0,0
154572,Total students enrolled for credit,7778,3323,4455,121,47,74,172,87,85,288,141,147,1124,479,645,10,4,6,4812,2001,2811,243,91,152,895,418,477,113,55,58
154572,Undergraduate students,7778,3323,4455,121,47,74,172,87,85,288,141,147,1124,479,645,10,4,6,4812,2001,2811,243,91,152,895,418,477,113,55,58
154590,Total students enrolled for credit,1808,911,897,13,2,11,26,12,14,275,193,82,150,80,70,11,7,4,1177,522,655,27,12,15,65,39,26,64,44,20
154590,Undergraduate students,1730,869,861,13,2,11,25,12,13,272,191,81,146,77,69,11,7,4,1115,491,624,27,12,15,63,37,26,58,40,18
154590,Graduate student,78,42,36,0,0,0,1,0,1,3,2,1,4,3,1,0,0,0,62,31,31,0,0,0,2,2,0,6,4,2
154642,Total students enrolled for credit,4061,1532,2529,50,18,32,59,32,27,189,87,102,266,116,150,9,2,7,3355,1218,2137,98,44,54,30,11,19,5,4,1
154642,Undergraduate students,4061,1532,2529,50,18,32,59,32,27,189,87,102,266,116,150,9,2,7,3355,1218,2137,98,44,54,30,11,19,5,4,1
154688,Total students enrolled for credit,3741,1540,2201,65,23,42,64,21,43,328,121,207,238,102,136,12,6,6,2778,1136,1642,72,38,34,160,78,82,24,15,9
154688,Undergraduate students,2441,1054,1387,38,14,24,38,11,27,210,81,129,179,74,105,10,6,4,1808,784,1024,54,31,23,82,40,42,22,13,9
154688,Graduate student,1300,486,814,27,9,18,26,10,16,118,40,78,59,28,31,2,0,2,970,352,618,18,7,11,78,38,40,2,2,0
154697,Total students enrolled for credit,14736,9076,5660,114,72,42,1338,986,352,1787,1077,710,1351,803,548,105,58,47,8526,4964,3562,510,290,220,973,798,175,32,28,4
154697,Undergraduate students,14736,9076,5660,114,72,42,1338,986,352,1787,1077,710,1351,803,548,105,58,47,8526,4964,3562,510,290,220,973,798,175,32,28,4
154712,Total students enrolled for credit,2380,1067,1313,9,3,6,27,8,19,73,58,15,156,72,84,9,8,1,1893,808,1085,7,3,4,160,77,83,46,30,16
154712,Undergraduate students,2289,1014,1275,9,3,6,27,8,19,70,55,15,153,70,83,9,8,1,1824,770,1054,7,3,4,151,73,78,39,24,15
154712,Graduate student,91,53,38,0,0,0,0,0,0,3,3,0,3,2,1,0,0,0,69,38,31,0,0,0,9,4,5,7,6,1
154721,Total students enrolled for credit,760,458,302,7,2,5,10,4,6,124,95,29,113,75,38,5,3,2,423,216,207,21,14,7,0,0,0,57,49,8
154721,Undergraduate students,760,458,302,7,2,5,10,4,6,124,95,29,113,75,38,5,3,2,423,216,207,21,14,7,0,0,0,57,49,8
154749,Total students enrolled for credit,507,256,251,2,1,1,5,0,5,75,66,9,47,30,17,1,0,1,346,139,207,17,10,7,13,9,4,1,1,0
154749,Undergraduate students,507,256,251,2,1,1,5,0,5,75,66,9,47,30,17,1,0,1,346,139,207,17,10,7,13,9,4,1,1,0
154767,Total students enrolled for credit,208,24,184,1,0,1,4,1,3,42,8,34,23,3,20,0,0,0,129,12,117,0,0,0,9,0,9,0,0,0
154767,Undergraduate students,208,24,184,1,0,1,4,1,3,42,8,34,23,3,20,0,0,0,129,12,117,0,0,0,9,0,9,0,0,0
154776,Total students enrolled for credit,185,55,130,0,0,0,0,0,0,35,21,14,30,4,26,0,0,0,120,30,90,0,0,0,0,0,0,0,0,0
154776,Undergraduate students,185,55,130,0,0,0,0,0,0,35,21,14,30,4,26,0,0,0,120,30,90,0,0,0,0,0,0,0,0,0
154794,Total students enrolled for credit,122,40,82,7,0,7,0,0,0,29,8,21,6,3,3,2,0,2,66,27,39,12,2,10,0,0,0,0,0,0
154794,Undergraduate students,122,40,82,7,0,7,0,0,0,29,8,21,6,3,3,2,0,2,66,27,39,12,2,10,0,0,0,0,0,0
154800,Total students enrolled for credit,12885,5355,7530,131,44,87,618,264,354,1051,483,568,1473,573,900,34,11,23,8375,3381,4994,0,0,0,824,339,485,379,260,119
154800,Undergraduate students,12885,5355,7530,131,44,87,618,264,354,1051,483,568,1473,573,900,34,11,23,8375,3381,4994,0,0,0,824,339,485,379,260,119
154855,Total students enrolled for credit,1230,618,612,29,11,18,18,6,12,244,108,136,133,78,55,1,0,1,699,366,333,18,13,5,73,27,46,15,9,6
154855,Undergraduate students,1230,618,612,29,11,18,18,6,12,244,108,136,133,78,55,1,0,1,699,366,333,18,13,5,73,27,46,15,9,6
154907,Total students enrolled for credit,3089,1218,1871,22,5,17,39,20,19,245,94,151,221,86,135,4,1,3,2185,830,1355,126,38,88,130,54,76,117,90,27
154907,Undergraduate students,3089,1218,1871,22,5,17,39,20,19,245,94,151,221,86,135,4,1,3,2185,830,1355,126,38,88,130,54,76,117,90,27
154925,Total students enrolled for credit,2413,1274,1139,99,46,53,13,5,8,412,306,106,118,56,62,1,1,0,1554,742,812,185,96,89,0,0,0,31,22,9
154925,Undergraduate students,2413,1274,1139,99,46,53,13,5,8,412,306,106,118,56,62,1,1,0,1554,742,812,185,96,89,0,0,0,31,22,9
154934,Total students enrolled for credit,2239,869,1370,20,9,11,16,7,9,139,90,49,114,53,61,6,4,2,1107,385,722,0,0,0,752,257,495,85,64,21
154934,Undergraduate students,2239,869,1370,20,9,11,16,7,9,139,90,49,114,53,61,6,4,2,1107,385,722,0,0,0,752,257,495,85,64,21
154952,Total students enrolled for credit,4608,1861,2747,155,67,88,94,43,51,438,169,269,452,174,278,11,3,8,3328,1332,1996,57,21,36,11,7,4,62,45,17
154952,Undergraduate students,4608,1861,2747,155,67,88,94,43,51,438,169,269,452,174,278,11,3,8,3328,1332,1996,57,21,36,11,7,4,62,45,17
154998,Total students enrolled for credit,2564,1306,1258,30,20,10,40,20,20,231,176,55,982,444,538,0,0,0,1281,646,635,0,0,0,0,0,0,0,0,0
154998,Undergraduate students,2564,1306,1258,30,20,10,40,20,20,231,176,55,982,444,538,0,0,0,1281,646,635,0,0,0,0,0,0,0,0,0
155007,Total students enrolled for credit,844,303,541,12,6,6,26,7,19,190,59,131,265,80,185,4,2,2,281,122,159,50,24,26,7,2,5,9,1,8
155007,Undergraduate students,844,303,541,12,6,6,26,7,19,190,59,131,265,80,185,4,2,2,281,122,159,50,24,26,7,2,5,9,1,8
155025,Total students enrolled for credit,7160,2587,4573,21,10,11,63,28,35,276,152,124,359,126,233,6,4,2,4474,1489,2985,323,118,205,1068,373,695,570,287,283
155025,Undergraduate students,4039,1569,2470,14,8,6,40,18,22,219,123,96,277,107,170,2,2,0,2744,970,1774,288,106,182,75,38,37,380,197,183
155025,Graduate student,3121,1018,2103,7,2,5,23,10,13,57,29,28,82,19,63,4,2,2,1730,519,1211,35,12,23,993,335,658,190,90,100
155052,Total students enrolled for credit,1433,670,763,11,5,6,24,11,13,36,15,21,341,145,196,0,0,0,979,473,506,37,18,19,0,0,0,5,3,2
155052,Undergraduate students,1433,670,763,11,5,6,24,11,13,36,15,21,341,145,196,0,0,0,979,473,506,37,18,19,0,0,0,5,3,2
155061,Total students enrolled for credit,17429,6882,10547,80,26,54,194,83,111,720,370,350,1207,476,731,15,8,7,10767,3999,6768,408,152,256,115,52,63,3923,1716,2207
155061,Undergraduate students,13918,5580,8338,63,24,39,151,68,83,556,286,270,1027,398,629,15,8,7,7950,3012,4938,329,119,210,71,35,36,3756,1630,2126
155061,Graduate student,3511,1302,2209,17,2,15,43,15,28,164,84,80,180,78,102,0,0,0,2817,987,1830,79,33,46,44,17,27,167,86,81
155070,Total students enrolled for credit,325,175,150,1,0,1,1,1,0,40,33,7,15,12,3,0,0,0,243,118,125,10,3,7,10,6,4,5,2,3
155070,Undergraduate students,274,142,132,1,0,1,1,1,0,38,31,7,14,11,3,0,0,0,199,88,111,8,3,5,9,6,3,4,2,2
155070,Graduate student,51,33,18,0,0,0,0,0,0,2,2,0,1,1,0,0,0,0,44,30,14,2,0,2,1,0,1,1,0,1
155089,Total students enrolled for credit,2419,1044,1375,39,16,23,46,24,22,268,128,140,133,61,72,3,2,1,1247,517,730,58,23,35,624,272,352,1,1,0
155089,Undergraduate students,1782,802,980,22,8,14,11,7,4,193,100,93,112,52,60,1,1,0,867,386,481,40,16,24,535,231,304,1,1,0
155089,Graduate student,637,242,395,17,8,9,35,17,18,75,28,47,21,9,12,2,1,1,380,131,249,18,7,11,89,41,48,0,0,0
155098,Total students enrolled for credit,2539,1243,1296,18,11,7,14,7,7,200,163,37,146,59,87,6,5,1,2051,939,1112,95,52,43,0,0,0,9,7,2
155098,Undergraduate students,2539,1243,1296,18,11,7,14,7,7,200,163,37,146,59,87,6,5,1,2051,939,1112,95,52,43,0,0,0,9,7,2
155104,Total students enrolled for credit,3262,1593,1669,28,13,15,72,30,42,332,266,66,1266,510,756,14,12,2,1440,695,745,26,14,12,33,15,18,51,38,13
155104,Undergraduate students,3262,1593,1669,28,13,15,72,30,42,332,266,66,1266,510,756,14,12,2,1440,695,745,26,14,12,33,15,18,51,38,13
155140,Total students enrolled for credit,934,438,496,934,438,496,0,0,0,0,0,0,0,0,0,0,0,0,0,0,0,0,0,0,0,0,0,0,0,0
155140,Undergraduate students,934,438,496,934,438,496,0,0,0,0,0,0,0,0,0,0,0,0,0,0,0,0,0,0,0,0,0,0,0,0
155159,Total students enrolled for credit,93,3,90,0,0,0,0,0,0,0,0,0,9,0,9,1,0,1,80,3,77,3,0,3,0,0,0,0,0,0
155159,Undergraduate students,93,3,90,0,0,0,0,0,0,0,0,0,9,0,9,1,0,1,80,3,77,3,0,3,0,0,0,0,0,0
155177,Total students enrolled for credit,464,188,276,3,1,2,8,1,7,23,11,12,50,27,23,0,0,0,312,112,200,20,10,10,3,1,2,45,25,20
155177,Undergraduate students,464,188,276,3,1,2,8,1,7,23,11,12,50,27,23,0,0,0,312,112,200,20,10,10,3,1,2,45,25,20
155186,Total students enrolled for credit,5294,2148,3146,78,24,54,47,20,27,392,278,114,115,36,79,9,4,5,3986,1505,2481,324,118,206,343,163,180,0,0,0
155186,Undergraduate students,5294,2148,3146,78,24,54,47,20,27,392,278,114,115,36,79,9,4,5,3986,1505,2481,324,118,206,343,163,180,0,0,0
155195,Total students enrolled for credit,8962,4032,4930,69,30,39,69,22,47,492,302,190,881,377,504,10,6,4,6332,2744,3588,279,118,161,767,405,362,63,28,35
155195,Undergraduate students,8962,4032,4930,69,30,39,69,22,47,492,302,190,881,377,504,10,6,4,6332,2744,3588,279,118,161,767,405,362,63,28,35
155201,Total students enrolled for credit,1489,803,686,28,11,17,2,2,0,462,359,103,49,24,25,6,4,2,828,338,490,83,47,36,19,10,9,12,8,4
155201,Undergraduate students,1489,803,686,28,11,17,2,2,0,462,359,103,49,24,25,6,4,2,828,338,490,83,47,36,19,10,9,12,8,4
155210,Total students enrolled for credit,29640,14211,15429,187,84,103,1235,514,721,1743,816,927,2471,1111,1360,51,28,23,20771,10150,10621,882,369,513,1456,736,720,844,403,441
155210,Undergraduate students,29640,14211,15429,187,84,103,1235,514,721,1743,816,927,2471,1111,1360,51,28,23,20771,10150,10621,882,369,513,1456,736,720,844,403,441
155283,Total students enrolled for credit,932,81,851,7,0,7,20,3,17,381,29,352,123,11,112,5,0,5,357,35,322,18,1,17,21,2,19,0,0,0
155283,Undergraduate students,932,81,851,7,0,7,20,3,17,381,29,352,123,11,112,5,0,5,357,35,322,18,1,17,21,2,19,0,0,0
155292,Total students enrolled for credit,8340,3405,4935,40,12,28,276,122,154,1931,729,1202,1384,574,810,10,6,4,3837,1612,2225,354,128,226,178,74,104,330,148,182
155292,Undergraduate students,8340,3405,4935,40,12,28,276,122,154,1931,729,1202,1384,574,810,10,6,4,3837,1612,2225,354,128,226,178,74,104,330,148,182
155308,Total students enrolled for credit,157,97,60,1,0,1,1,1,0,73,50,23,5,2,3,0,0,0,55,35,20,4,0,4,6,4,2,12,5,7
155308,Undergraduate students,157,97,60,1,0,1,1,1,0,73,50,23,5,2,3,0,0,0,55,35,20,4,0,4,6,4,2,12,5,7
155317,Total students enrolled for credit,31201,14636,16565,181,66,115,1341,619,722,1328,632,696,1919,888,1031,10,6,4,21578,9889,11689,1422,638,784,571,277,294,2851,1621,1230
155317,Undergraduate students,20894,10327,10567,94,41,53,968,461,507,943,492,451,1581,744,837,8,5,3,14545,7104,7441,1056,504,552,204,93,111,1495,883,612
155317,Graduate student,10307,4309,5998,87,25,62,373,158,215,385,140,245,338,144,194,2,1,1,7033,2785,4248,366,134,232,367,184,183,1356,738,618
155335,Total students enrolled for credit,4907,1694,3213,57,16,41,230,77,153,177,56,121,713,192,521,8,3,5,3403,1218,2185,165,56,109,47,19,28,107,57,50
155335,Undergraduate students,3916,1450,2466,44,14,30,216,72,144,117,40,77,615,168,447,4,1,3,2637,1037,1600,150,54,96,39,15,24,94,49,45
155335,Graduate student,991,244,747,13,2,11,14,5,9,60,16,44,98,24,74,4,2,2,766,181,585,15,2,13,8,4,4,13,8,5
155353,Total students enrolled for credit,80,72,8,0,0,0,0,0,0,29,26,3,25,25,0,0,0,0,26,21,5,0,0,0,0,0,0,0,0,0
155353,Undergraduate students,80,72,8,0,0,0,0,0,0,29,26,3,25,25,0,0,0,0,26,21,5,0,0,0,0,0,0,0,0,0
155399,Total students enrolled for credit,25775,13132,12643,119,51,68,439,215,224,995,521,474,1638,797,841,32,18,14,19179,9609,9570,797,361,436,336,185,151,2240,1375,865
155399,Undergraduate students,21022,10935,10087,96,42,54,329,162,167,796,416,380,1400,706,694,25,16,9,16146,8283,7863,697,315,382,239,140,99,1294,855,439
155399,Graduate student,4753,2197,2556,23,9,14,110,53,57,199,105,94,238,91,147,7,2,5,3033,1326,1707,100,46,54,97,45,52,946,520,426
155414,Total students enrolled for credit,871,496,375,3,2,1,5,2,3,100,85,15,125,77,48,4,2,2,555,278,277,30,22,8,26,13,13,23,15,8
155414,Undergraduate students,764,439,325,3,2,1,4,2,2,90,76,14,115,70,45,4,2,2,491,246,245,28,22,6,16,10,6,13,9,4
155414,Graduate student,107,57,50,0,0,0,1,0,1,10,9,1,10,7,3,0,0,0,64,32,32,2,0,2,10,3,7,10,6,4
155423,Total students enrolled for credit,2074,1078,996,18,11,7,7,3,4,96,35,61,105,54,51,0,0,0,1032,598,434,162,70,92,654,307,347,0,0,0
155423,Undergraduate students,2074,1078,996,18,11,7,7,3,4,96,35,61,105,54,51,0,0,0,1032,598,434,162,70,92,654,307,347,0,0,0
155450,Total students enrolled for credit,3236,1106,2130,84,28,56,30,12,18,136,63,73,137,55,82,5,4,1,2654,876,1778,97,44,53,55,3,52,38,21,17
155450,Undergraduate students,3236,1106,2130,84,28,56,30,12,18,136,63,73,137,55,82,5,4,1,2654,876,1778,97,44,53,55,3,52,38,21,17
155487,Total students enrolled for credit,1260,608,652,11,5,6,28,10,18,84,32,52,114,50,64,4,2,2,962,477,485,45,26,19,10,5,5,2,1,1
155487,Undergraduate students,1260,608,652,11,5,6,28,10,18,84,32,52,114,50,64,4,2,2,962,477,485,45,26,19,10,5,5,2,1,1
155496,Total students enrolled for credit,317,179,138,0,0,0,1,1,0,10,8,2,19,13,6,0,0,0,170,92,78,4,2,2,112,62,50,1,1,0
155496,Undergraduate students,317,179,138,0,0,0,1,1,0,10,8,2,19,13,6,0,0,0,170,92,78,4,2,2,112,62,50,1,1,0
155511,Total students enrolled for credit,740,470,270,8,3,5,5,5,0,80,55,25,88,62,26,2,1,1,497,306,191,12,7,5,33,22,11,15,9,6
155511,Undergraduate students,726,466,260,8,3,5,5,5,0,80,55,25,87,62,25,2,1,1,485,303,182,12,7,5,32,21,11,15,9,6
155511,Graduate student,14,4,10,0,0,0,0,0,0,0,0,0,1,0,1,0,0,0,12,3,9,0,0,0,1,1,0,0,0,0
155520,Total students enrolled for credit,4209,1167,3042,28,13,15,44,12,32,358,175,183,43,14,29,15,10,5,2601,649,1952,65,29,36,1055,265,790,0,0,0
155520,Undergraduate students,1761,728,1033,20,11,9,28,9,19,245,141,104,22,10,12,12,8,4,1109,398,711,52,26,26,273,125,148,0,0,0
155520,Graduate student,2448,439,2009,8,2,6,16,3,13,113,34,79,21,4,17,3,2,1,1492,251,1241,13,3,10,782,140,642,0,0,0
155566,Total students enrolled for credit,2841,1003,1838,55,21,34,27,13,14,209,91,118,139,54,85,1,0,1,2187,698,1489,8,2,6,11,1,10,204,123,81
155566,Undergraduate students,2841,1003,1838,55,21,34,27,13,14,209,91,118,139,54,85,1,0,1,2187,698,1489,8,2,6,11,1,10,204,123,81
155593,Total students enrolled for credit,1276,705,571,6,2,4,6,3,3,19,11,8,33,18,15,2,1,1,1147,635,512,63,35,28,0,0,0,0,0,0
155593,Undergraduate students,1276,705,571,6,2,4,6,3,3,19,11,8,33,18,15,2,1,1,1147,635,512,63,35,28,0,0,0,0,0,0
155618,Total students enrolled for credit,905,632,273,4,4,0,4,2,2,74,48,26,120,93,27,3,3,0,656,446,210,15,14,1,2,1,1,27,21,6
155618,Undergraduate students,905,632,273,4,4,0,4,2,2,74,48,26,120,93,27,3,3,0,656,446,210,15,14,1,2,1,1,27,21,6
155627,Total students enrolled for credit,754,465,289,28,17,11,4,4,0,91,68,23,74,44,30,3,2,1,483,288,195,27,15,12,44,27,17,0,0,0
155627,Undergraduate students,681,428,253,24,13,11,3,3,0,84,65,19,69,42,27,3,2,1,429,261,168,27,15,12,42,27,15,0,0,0
155627,Graduate student,73,37,36,4,4,0,1,1,0,7,3,4,5,2,3,0,0,0,54,27,27,0,0,0,2,0,2,0,0,0
155636,Total students enrolled for credit,692,209,483,9,1,8,24,10,14,72,20,52,49,17,32,0,0,0,502,147,355,25,8,17,11,6,5,0,0,0
155636,Undergraduate students,582,172,410,7,1,6,20,8,12,61,19,42,46,15,31,0,0,0,426,122,304,16,5,11,6,2,4,0,0,0
155636,Graduate student,110,37,73,2,0,2,4,2,2,11,1,10,3,2,1,0,0,0,76,25,51,9,3,6,5,4,1,0,0,0
155681,Total students enrolled for credit,8480,4074,4406,111,45,66,72,41,31,279,167,112,388,201,187,5,1,4,6494,2972,3522,445,227,218,44,10,34,642,410,232
155681,Undergraduate students,6544,3416,3128,82,38,44,62,36,26,241,149,92,343,185,158,5,1,4,4979,2531,2448,383,202,181,18,10,8,431,264,167
155681,Graduate student,1936,658,1278,29,7,22,10,5,5,38,18,20,45,16,29,0,0,0,1515,441,1074,62,25,37,26,0,26,211,146,65
155715,Total students enrolled for credit,1641,717,924,21,9,12,8,5,3,135,52,83,153,78,75,5,1,4,1090,481,609,38,16,22,162,54,108,29,21,8
155715,Undergraduate students,1641,717,924,21,9,12,8,5,3,135,52,83,153,78,75,5,1,4,1090,481,609,38,16,22,162,54,108,29,21,8
155812,Total students enrolled for credit,2027,712,1315,11,4,7,43,18,25,157,71,86,224,121,103,6,3,3,1133,378,755,22,7,15,410,101,309,21,9,12
155812,Undergraduate students,946,394,552,4,1,3,19,8,11,85,46,39,158,88,70,4,2,2,551,205,346,9,4,5,106,35,71,10,5,5
155812,Graduate student,1081,318,763,7,3,4,24,10,14,72,25,47,66,33,33,2,1,1,582,173,409,13,3,10,304,66,238,11,4,7
155830,Total students enrolled for credit,870,382,488,9,5,4,10,4,6,24,8,16,76,37,39,1,1,0,732,319,413,18,8,10,0,0,0,0,0,0
155830,Undergraduate students,870,382,488,9,5,4,10,4,6,24,8,16,76,37,39,1,1,0,732,319,413,18,8,10,0,0,0,0,0,0
155858,Total students enrolled for credit,2592,1079,1513,18,8,10,34,16,18,69,39,30,1265,542,723,0,0,0,868,329,539,9,2,7,286,120,166,43,23,20
155858,Undergraduate students,2592,1079,1513,18,8,10,34,16,18,69,39,30,1265,542,723,0,0,0,868,329,539,9,2,7,286,120,166,43,23,20
155900,Total students enrolled for credit,2704,1603,1101,38,18,20,27,16,11,245,173,72,206,136,70,7,4,3,1166,675,491,77,47,30,817,468,349,121,66,55
155900,Undergraduate students,2180,1388,792,26,13,13,24,15,9,208,148,60,184,122,62,6,3,3,925,572,353,70,42,28,673,423,250,64,50,14
155900,Graduate student,524,215,309,12,5,7,3,1,2,37,25,12,22,14,8,1,1,0,241,103,138,7,5,2,144,45,99,57,16,41
155937,Total students enrolled for credit,683,372,311,23,13,10,7,4,3,82,74,8,81,43,38,1,1,0,487,235,252,0,0,0,2,2,0,0,0,0
155937,Undergraduate students,683,372,311,23,13,10,7,4,3,82,74,8,81,43,38,1,1,0,487,235,252,0,0,0,2,2,0,0,0,0
155973,Total students enrolled for credit,754,389,365,5,5,0,4,1,3,72,58,14,94,48,46,2,1,1,527,243,284,27,19,8,19,10,9,4,4,0
155973,Undergraduate students,695,359,336,5,5,0,4,1,3,66,57,9,92,46,46,1,1,0,481,219,262,26,18,8,17,9,8,3,3,0
155973,Graduate student,59,30,29,0,0,0,0,0,0,6,1,5,2,2,0,1,0,1,46,24,22,1,1,0,2,1,1,1,1,0
156082,Total students enrolled for credit,7702,3103,4599,41,12,29,116,41,75,404,199,205,664,261,403,6,1,5,4827,1873,2954,295,114,181,1015,419,596,334,183,151
156082,Undergraduate students,6633,2677,3956,35,11,24,97,35,62,343,180,163,620,239,381,6,1,5,4127,1606,2521,268,100,168,863,355,508,274,150,124
156082,Graduate student,1069,426,643,6,1,5,19,6,13,61,19,42,44,22,22,0,0,0,700,267,433,27,14,13,152,64,88,60,33,27
156107,Total students enrolled for credit,6260,3065,3195,73,39,34,260,134,126,619,226,393,979,466,513,9,4,5,3782,1956,1826,321,130,191,111,51,60,106,59,47
156107,Undergraduate students,6260,3065,3195,73,39,34,260,134,126,619,226,393,979,466,513,9,4,5,3782,1956,1826,321,130,191,111,51,60,106,59,47
156125,Total students enrolled for credit,15758,7393,8365,105,42,63,991,483,508,908,355,553,1579,669,910,16,4,12,9484,4150,5334,575,247,328,384,211,173,1716,1232,484
156125,Undergraduate students,12704,5958,6746,90,37,53,855,405,450,771,300,471,1412,600,812,13,3,10,7692,3480,4212,510,215,295,300,172,128,1061,746,315
156125,Graduate student,3054,1435,1619,15,5,10,136,78,58,137,55,82,167,69,98,3,1,2,1792,670,1122,65,32,33,84,39,45,655,486,169
156134,Total students enrolled for credit,1183,559,624,20,12,8,15,8,7,229,126,103,140,58,82,29,3,26,688,325,363,49,16,33,12,10,2,1,1,0
156134,Undergraduate students,1183,559,624,20,12,8,15,8,7,229,126,103,140,58,82,29,3,26,688,325,363,49,16,33,12,10,2,1,1,0
156189,Total students enrolled for credit,609,283,326,2,2,0,0,0,0,7,6,1,5,1,4,0,0,0,581,268,313,9,4,5,3,1,2,2,1,1
156189,Undergraduate students,609,283,326,2,2,0,0,0,0,7,6,1,5,1,4,0,0,0,581,268,313,9,4,5,3,1,2,2,1,1
156213,Total students enrolled for credit,2065,795,1270,2,1,1,34,10,24,79,35,44,66,31,35,4,2,2,1681,631,1050,81,33,48,65,28,37,53,24,29
156213,Undergraduate students,1772,692,1080,2,1,1,26,6,20,53,28,25,58,27,31,4,2,2,1450,551,899,75,30,45,55,23,32,49,24,25
156213,Graduate student,293,103,190,0,0,0,8,4,4,26,7,19,8,4,4,0,0,0,231,80,151,6,3,3,10,5,5,4,0,4
156222,Total students enrolled for credit,1957,1223,734,15,10,5,24,19,5,117,48,69,88,51,37,1,0,1,1177,747,430,22,14,8,292,169,123,221,165,56
156222,Graduate student,1957,1223,734,15,10,5,24,19,5,117,48,69,88,51,37,1,0,1,1177,747,430,22,14,8,292,169,123,221,165,56
156231,Total students enrolled for credit,3744,1576,2168,8,4,4,15,6,9,59,28,31,50,25,25,2,0,2,3517,1468,2049,67,35,32,26,10,16,0,0,0
156231,Undergraduate students,3744,1576,2168,8,4,4,15,6,9,59,28,31,50,25,25,2,0,2,3517,1468,2049,67,35,32,26,10,16,0,0,0
156277,Total students enrolled for credit,102,12,90,0,0,0,16,8,8,5,2,3,1,0,1,0,0,0,73,2,71,6,0,6,1,0,1,0,0,0
156277,Undergraduate students,102,12,90,0,0,0,16,8,8,5,2,3,1,0,1,0,0,0,73,2,71,6,0,6,1,0,1,0,0,0
156286,Total students enrolled for credit,4544,1421,3123,13,6,7,89,29,60,275,85,190,132,32,100,5,1,4,3611,1135,2476,122,37,85,267,79,188,30,17,13
156286,Undergraduate students,2903,1036,1867,12,6,6,67,18,49,136,57,79,101,24,77,3,1,2,2305,827,1478,95,30,65,161,60,101,23,13,10
156286,Graduate student,1641,385,1256,1,0,1,22,11,11,139,28,111,31,8,23,2,0,2,1306,308,998,27,7,20,106,19,87,7,4,3
156295,Total students enrolled for credit,1710,742,968,4,3,1,32,14,18,245,72,173,157,72,85,3,2,1,970,449,521,103,32,71,61,33,28,135,65,70
156295,Undergraduate students,1710,742,968,4,3,1,32,14,18,245,72,173,157,72,85,3,2,1,970,449,521,103,32,71,61,33,28,135,65,70
156310,Total students enrolled for credit,467,23,444,0,0,0,42,11,31,74,4,70,14,0,14,3,0,3,302,8,294,27,0,27,4,0,4,1,0,1
156310,Undergraduate students,467,23,444,0,0,0,42,11,31,74,4,70,14,0,14,3,0,3,302,8,294,27,0,27,4,0,4,1,0,1
156338,Total students enrolled for credit,5631,2385,3246,10,6,4,94,44,50,394,150,244,232,116,116,2,1,1,4672,1967,2705,180,72,108,37,25,12,10,4,6
156338,Undergraduate students,5631,2385,3246,10,6,4,94,44,50,394,150,244,232,116,116,2,1,1,4672,1967,2705,180,72,108,37,25,12,10,4,6
156356,Total students enrolled for credit,1611,481,1130,6,1,5,10,2,8,160,42,118,76,13,63,1,1,0,727,181,546,1,1,0,605,223,382,25,17,8
156356,Undergraduate students,1570,464,1106,6,1,5,9,2,7,159,42,117,73,11,62,1,1,0,700,171,529,1,1,0,597,218,379,24,17,7
156356,Graduate student,41,17,24,0,0,0,1,0,1,1,0,1,3,2,1,0,0,0,27,10,17,0,0,0,8,5,3,1,0,1
156365,Total students enrolled for credit,6435,3024,3411,16,7,9,73,32,41,498,251,247,124,62,62,8,3,5,4066,1459,2607,58,27,31,170,81,89,1422,1102,320
156365,Undergraduate students,4400,1829,2571,14,7,7,56,21,35,389,216,173,107,55,52,8,3,5,3384,1276,2108,55,26,29,141,71,70,246,154,92
156365,Graduate student,2035,1195,840,2,0,2,17,11,6,109,35,74,17,7,10,0,0,0,682,183,499,3,1,2,29,10,19,1176,948,228
156392,Total students enrolled for credit,13620,5724,7896,20,10,10,330,164,166,1601,627,974,651,285,366,18,11,7,10253,4279,5974,523,204,319,161,108,53,63,36,27
156392,Undergraduate students,13620,5724,7896,20,10,10,330,164,166,1601,627,974,651,285,366,18,11,7,10253,4279,5974,523,204,319,161,108,53,63,36,27
156408,Total students enrolled for credit,1443,706,737,5,3,2,65,22,43,72,30,42,60,23,37,2,1,1,1089,563,526,42,21,21,7,4,3,101,39,62
156408,Undergraduate students,1443,706,737,5,3,2,65,22,43,72,30,42,60,23,37,2,1,1,1089,563,526,42,21,21,7,4,3,101,39,62
156417,Total students enrolled for credit,186,153,33,0,0,0,1,1,0,3,2,1,1,0,1,0,0,0,175,144,31,4,4,0,0,0,0,2,2,0
156417,Undergraduate students,186,153,33,0,0,0,1,1,0,3,2,1,1,0,1,0,0,0,175,144,31,4,4,0,0,0,0,2,2,0
156426,Total students enrolled for credit,317,12,305,1,0,1,1,0,1,35,1,34,13,0,13,0,0,0,239,11,228,14,0,14,14,0,14,0,0,0
156426,Undergraduate students,317,12,305,1,0,1,1,0,1,35,1,34,13,0,13,0,0,0,239,11,228,14,0,14,14,0,14,0,0,0
156471,Total students enrolled for credit,2441,262,2179,7,0,7,36,8,28,350,28,322,137,20,117,5,1,4,1712,187,1525,114,10,104,80,8,72,0,0,0
156471,Undergraduate students,2441,262,2179,7,0,7,36,8,28,350,28,322,137,20,117,5,1,4,1712,187,1525,114,10,104,80,8,72,0,0,0
156541,Total students enrolled for credit,10733,4586,6147,30,13,17,82,49,33,440,209,231,188,71,117,6,1,5,6442,2251,4191,28,14,14,2195,961,1234,1322,1017,305
156541,Undergraduate students,3452,1488,1964,16,9,7,26,13,13,200,114,86,117,47,70,4,0,4,2435,1042,1393,28,14,14,547,191,356,79,58,21
156541,Graduate student,7281,3098,4183,14,4,10,56,36,20,240,95,145,71,24,47,2,1,1,4007,1209,2798,0,0,0,1648,770,878,1243,959,284
156620,Total students enrolled for credit,19517,8215,11302,49,20,29,174,62,112,1109,520,589,499,239,260,20,7,13,16249,6547,9702,485,222,263,621,363,258,311,235,76
156620,Undergraduate students,16155,7086,9069,43,18,25,120,52,68,941,459,482,434,207,227,15,6,9,13657,5799,7858,420,203,217,279,149,130,246,193,53
156620,Graduate student,3362,1129,2233,6,2,4,54,10,44,168,61,107,65,32,33,5,1,4,2592,748,1844,65,19,46,342,214,128,65,42,23
156648,Total students enrolled for credit,10235,5366,4869,22,12,10,92,44,48,629,273,356,346,165,181,18,8,10,8356,4401,3955,323,137,186,444,322,122,5,4,1
156648,Undergraduate students,10235,5366,4869,22,12,10,92,44,48,629,273,356,346,165,181,18,8,10,8356,4401,3955,323,137,186,444,322,122,5,4,1
156727,Total students enrolled for credit,2370,125,2245,13,1,12,37,5,32,205,6,199,150,7,143,6,0,6,1821,98,1723,75,5,70,62,3,59,1,0,1
156727,Graduate student,2370,125,2245,13,1,12,37,5,32,205,6,199,150,7,143,6,0,6,1821,98,1723,75,5,70,62,3,59,1,0,1
156745,Total students enrolled for credit,1867,677,1190,8,2,6,15,4,11,153,86,67,34,19,15,2,0,2,1519,493,1026,44,25,19,82,41,41,10,7,3
156745,Undergraduate students,1051,495,556,3,2,1,8,2,6,96,65,31,22,15,7,0,0,0,822,347,475,40,23,17,51,34,17,9,7,2
156745,Graduate student,816,182,634,5,0,5,7,2,5,57,21,36,12,4,8,2,0,2,697,146,551,4,2,2,31,7,24,1,0,1
156754,Total students enrolled for credit,66,4,62,0,0,0,1,0,1,7,0,7,1,1,0,0,0,0,56,3,53,0,0,0,1,0,1,0,0,0
156754,Undergraduate students,66,4,62,0,0,0,1,0,1,7,0,7,1,1,0,0,0,0,56,3,53,0,0,0,1,0,1,0,0,0
156790,Total students enrolled for credit,4320,2206,2114,5,4,1,11,8,3,65,36,29,23,9,14,0,0,0,4122,2087,2035,31,10,21,62,52,10,1,0,1
156790,Undergraduate students,4320,2206,2114,5,4,1,11,8,3,65,36,29,23,9,14,0,0,0,4122,2087,2035,31,10,21,62,52,10,1,0,1
156842,Total students enrolled for credit,253,10,243,2,0,2,2,0,2,41,1,40,12,0,12,0,0,0,192,9,183,4,0,4,0,0,0,0,0,0
156842,Undergraduate students,253,10,243,2,0,2,2,0,2,41,1,40,12,0,12,0,0,0,192,9,183,4,0,4,0,0,0,0,0,0
156851,Total students enrolled for credit,2017,693,1324,2,2,0,10,4,6,182,66,116,56,15,41,2,0,2,1665,564,1101,55,20,35,44,21,23,1,1,0
156851,Undergraduate students,2017,693,1324,2,2,0,10,4,6,182,66,116,56,15,41,2,0,2,1665,564,1101,55,20,35,44,21,23,1,1,0
156860,Total students enrolled for credit,4019,1536,2483,17,10,7,66,16,50,936,336,600,359,141,218,23,11,12,2387,931,1456,145,38,107,82,52,30,4,1,3
156860,Undergraduate students,4019,1536,2483,17,10,7,66,16,50,936,336,600,359,141,218,23,11,12,2387,931,1456,145,38,107,82,52,30,4,1,3
156921,Total students enrolled for credit,16187,7103,9084,36,15,21,518,253,265,3207,1259,1948,1123,459,664,22,11,11,9992,4364,5628,556,241,315,683,484,199,50,17,33
156921,Undergraduate students,16187,7103,9084,36,15,21,518,253,265,3207,1259,1948,1123,459,664,22,11,11,9992,4364,5628,556,241,315,683,484,199,50,17,33
156967,Total students enrolled for credit,191,9,182,2,0,2,6,0,6,43,1,42,4,0,4,0,0,0,123,6,117,8,1,7,5,1,4,0,0,0
156967,Undergraduate students,191,9,182,2,0,2,6,0,6,43,1,42,4,0,4,0,0,0,123,6,117,8,1,7,5,1,4,0,0,0
157021,Total students enrolled for credit,1083,159,924,1,0,1,1,1,0,306,48,258,68,14,54,3,0,3,564,75,489,21,2,19,118,19,99,1,0,1
157021,Undergraduate students,1083,159,924,1,0,1,1,1,0,306,48,258,68,14,54,3,0,3,564,75,489,21,2,19,118,19,99,1,0,1
157030,Total students enrolled for credit,89,56,33,0,0,0,0,0,0,3,3,0,0,0,0,0,0,0,81,49,32,0,0,0,0,0,0,5,4,1
157030,Undergraduate students,89,56,33,0,0,0,0,0,0,3,3,0,0,0,0,0,0,0,81,49,32,0,0,0,0,0,0,5,4,1
157058,Total students enrolled for credit,2656,1020,1636,8,2,6,21,10,11,925,390,535,44,17,27,0,0,0,511,195,316,46,16,30,1066,366,700,35,24,11
157058,Undergraduate students,2450,920,1530,8,2,6,15,6,9,840,358,482,43,17,26,0,0,0,456,166,290,45,16,29,1035,351,684,8,4,4
157058,Graduate student,206,100,106,0,0,0,6,4,2,85,32,53,1,0,1,0,0,0,55,29,26,1,0,1,31,15,16,27,20,7
157076,Total students enrolled for credit,800,407,393,1,0,1,9,4,5,123,96,27,11,5,6,0,0,0,596,275,321,11,2,9,49,25,24,0,0,0
157076,Undergraduate students,800,407,393,1,0,1,9,4,5,123,96,27,11,5,6,0,0,0,596,275,321,11,2,9,49,25,24,0,0,0
157085,Total students enrolled for credit,31564,14354,17210,60,28,32,878,403,475,2267,967,1300,1273,554,719,27,12,15,23326,10402,12924,969,427,542,1091,555,536,1673,1006,667
157085,Undergraduate students,23718,10908,12810,39,17,22,618,286,332,1916,855,1061,1050,451,599,22,10,12,17787,8094,9693,850,375,475,714,353,361,722,467,255
157085,Graduate student,7846,3446,4400,21,11,10,260,117,143,351,112,239,223,103,120,5,2,3,5539,2308,3231,119,52,67,377,202,175,951,539,412
157100,Total students enrolled for credit,594,294,300,2,2,0,1,0,1,53,49,4,9,8,1,0,0,0,404,186,218,5,3,2,106,40,66,14,6,8
157100,Undergraduate students,507,257,250,1,1,0,1,0,1,53,49,4,8,7,1,0,0,0,348,161,187,4,2,2,79,31,48,13,6,7
157100,Graduate student,87,37,50,1,1,0,0,0,0,0,0,0,1,1,0,0,0,0,56,25,31,1,1,0,27,9,18,1,0,1
157207,Total students enrolled for credit,105,51,54,0,0,0,2,1,1,15,9,6,1,0,1,0,0,0,87,41,46,0,0,0,0,0,0,0,0,0
157207,Graduate student,105,51,54,0,0,0,2,1,1,15,9,6,1,0,1,0,0,0,87,41,46,0,0,0,0,0,0,0,0,0
157216,Total students enrolled for credit,2948,1024,1924,13,5,8,11,4,7,255,156,99,31,9,22,2,1,1,2000,607,1393,49,27,22,584,213,371,3,2,1
157216,Undergraduate students,2258,891,1367,10,3,7,11,4,7,204,145,59,28,9,19,1,1,0,1476,510,966,45,26,19,482,193,289,1,0,1
157216,Graduate student,690,133,557,3,2,1,0,0,0,51,11,40,3,0,3,1,0,1,524,97,427,4,1,3,102,20,82,2,2,0
157270,Total students enrolled for credit,560,388,172,0,0,0,4,3,1,81,58,23,31,23,8,1,1,0,373,260,113,44,25,19,19,13,6,7,5,2
157270,Undergraduate students,560,388,172,0,0,0,4,3,1,81,58,23,31,23,8,1,1,0,373,260,113,44,25,19,19,13,6,7,5,2
157289,Total students enrolled for credit,25091,12232,12859,27,17,10,948,459,489,2769,1147,1622,1104,531,573,17,10,7,18301,9062,9239,1064,484,580,59,42,17,802,480,322
157289,Undergraduate students,18009,8873,9136,18,12,6,659,324,335,2131,911,1220,837,410,427,11,7,4,13171,6619,6552,851,393,458,30,24,6,301,173,128
157289,Graduate student,7082,3359,3723,9,5,4,289,135,154,638,236,402,267,121,146,6,3,3,5130,2443,2687,213,91,122,29,18,11,501,307,194
157298,Total students enrolled for credit,173,73,100,0,0,0,3,2,1,39,10,29,7,5,2,0,0,0,120,54,66,2,1,1,0,0,0,2,1,1
157298,Graduate student,173,73,100,0,0,0,3,2,1,39,10,29,7,5,2,0,0,0,120,54,66,2,1,1,0,0,0,2,1,1
157304,Total students enrolled for credit,4562,2112,2450,16,5,11,20,12,8,256,84,172,121,55,66,9,3,6,3905,1818,2087,86,25,61,147,110,37,2,0,2
157304,Undergraduate students,4562,2112,2450,16,5,11,20,12,8,256,84,172,121,55,66,9,3,6,3905,1818,2087,86,25,61,147,110,37,2,0,2
157331,Total students enrolled for credit,4832,1904,2928,7,3,4,13,4,9,128,69,59,82,34,48,4,2,2,4448,1707,2741,85,33,52,62,49,13,3,3,0
157331,Undergraduate students,4832,1904,2928,7,3,4,13,4,9,128,69,59,82,34,48,4,2,2,4448,1707,2741,85,33,52,62,49,13,3,3,0
157377,Total students enrolled for credit,1448,319,1129,1,1,0,9,2,7,129,42,87,57,14,43,1,0,1,1113,218,895,37,5,32,59,18,41,42,19,23
157377,Undergraduate students,1193,244,949,1,1,0,5,0,5,106,36,70,50,10,40,1,0,1,910,164,746,30,4,26,48,10,38,42,19,23
157377,Graduate student,255,75,180,0,0,0,4,2,2,23,6,17,7,4,3,0,0,0,203,54,149,7,1,6,11,8,3,0,0,0
157386,Total students enrolled for credit,12390,4883,7507,21,13,8,87,33,54,461,207,254,226,97,129,13,3,10,10895,4119,6776,240,96,144,134,50,84,313,265,48
157386,Undergraduate students,10942,4316,6626,17,12,5,77,27,50,398,181,217,207,92,115,12,3,9,9658,3670,5988,231,92,139,113,43,70,229,196,33
157386,Graduate student,1448,567,881,4,1,3,10,6,4,63,26,37,19,5,14,1,0,1,1237,449,788,9,4,5,21,7,14,84,69,15
157401,Total students enrolled for credit,11950,4895,7055,28,12,16,127,51,76,758,305,453,210,67,143,9,5,4,9481,3723,5758,256,97,159,301,125,176,780,510,270
157401,Undergraduate students,9916,4086,5830,24,10,14,103,39,64,631,267,364,190,61,129,7,5,2,8003,3216,4787,231,88,143,286,117,169,441,283,158
157401,Graduate student,2034,809,1225,4,2,2,24,12,12,127,38,89,20,6,14,2,0,2,1478,507,971,25,9,16,15,8,7,339,227,112
157438,Total students enrolled for credit,5908,2905,3003,12,5,7,50,25,25,449,172,277,204,93,111,6,3,3,4920,2452,2468,146,57,89,118,96,22,3,2,1
157438,Undergraduate students,5908,2905,3003,12,5,7,50,25,25,449,172,277,204,93,111,6,3,3,4920,2452,2468,146,57,89,118,96,22,3,2,1
157447,Total students enrolled for credit,16475,6999,9476,47,21,26,194,80,114,1151,425,726,499,201,298,10,5,5,13530,5669,7861,367,155,212,149,69,80,528,374,154
157447,Undergraduate students,14141,6177,7964,41,20,21,166,71,95,979,369,610,439,178,261,8,5,3,11626,5019,6607,337,142,195,102,47,55,443,326,117
157447,Graduate student,2334,822,1512,6,1,5,28,9,19,172,56,116,60,23,37,2,0,2,1904,650,1254,30,13,17,47,22,25,85,48,37
157465,Total students enrolled for credit,72,8,64,0,0,0,0,0,0,5,1,4,0,0,0,0,0,0,58,7,51,8,0,8,1,0,1,0,0,0
157465,Undergraduate students,72,8,64,0,0,0,0,0,0,5,1,4,0,0,0,0,0,0,58,7,51,8,0,8,1,0,1,0,0,0
157483,Total students enrolled for credit,8238,3896,4342,19,10,9,92,58,34,495,197,298,274,110,164,13,9,4,6422,2793,3629,236,97,139,670,606,64,17,16,1
157483,Undergraduate students,8238,3896,4342,19,10,9,92,58,34,495,197,298,274,110,164,13,9,4,6422,2793,3629,236,97,139,670,606,64,17,16,1
157535,Total students enrolled for credit,2688,1289,1399,21,11,10,33,18,15,128,98,30,53,30,23,6,4,2,2365,1081,1284,0,0,0,49,29,20,33,18,15
157535,Undergraduate students,1970,916,1054,17,8,9,11,5,6,114,92,22,25,15,10,5,4,1,1726,751,975,0,0,0,46,28,18,26,13,13
157535,Graduate student,718,373,345,4,3,1,22,13,9,14,6,8,28,15,13,1,0,1,639,330,309,0,0,0,3,1,2,7,5,2
157553,Total students enrolled for credit,6615,3151,3464,18,13,5,23,10,13,53,38,15,46,25,21,2,2,0,5794,2672,3122,49,20,29,629,370,259,1,1,0
157553,Undergraduate students,6615,3151,3464,18,13,5,23,10,13,53,38,15,46,25,21,2,2,0,5794,2672,3122,49,20,29,629,370,259,1,1,0
157599,Total students enrolled for credit,528,122,406,5,0,5,3,1,2,233,54,179,19,5,14,1,0,1,255,58,197,0,0,0,12,4,8,0,0,0
157599,Undergraduate students,528,122,406,5,0,5,3,1,2,233,54,179,19,5,14,1,0,1,255,58,197,0,0,0,12,4,8,0,0,0
157614,Total students enrolled for credit,164,4,160,0,0,0,1,0,1,39,0,39,2,0,2,0,0,0,88,3,85,4,0,4,30,1,29,0,0,0
157614,Undergraduate students,164,4,160,0,0,0,1,0,1,39,0,39,2,0,2,0,0,0,88,3,85,4,0,4,30,1,29,0,0,0
157650,Total students enrolled for credit,188,7,181,2,0,2,1,0,1,31,4,27,8,0,8,0,0,0,125,3,122,1,0,1,20,0,20,0,0,0
157650,Undergraduate students,188,7,181,2,0,2,1,0,1,31,4,27,8,0,8,0,0,0,125,3,122,1,0,1,20,0,20,0,0,0
157669,Total students enrolled for credit,174,5,169,1,0,1,2,0,2,97,3,94,4,0,4,0,0,0,36,2,34,4,0,4,30,0,30,0,0,0
157669,Undergraduate students,174,5,169,1,0,1,2,0,2,97,3,94,4,0,4,0,0,0,36,2,34,4,0,4,30,0,30,0,0,0
157678,Total students enrolled for credit,175,8,167,0,0,0,1,0,1,20,0,20,6,0,6,0,0,0,133,8,125,2,0,2,13,0,13,0,0,0
157678,Undergraduate students,175,8,167,0,0,0,1,0,1,20,0,20,6,0,6,0,0,0,133,8,125,2,0,2,13,0,13,0,0,0
157711,Total students enrolled for credit,8424,3285,5139,30,15,15,40,14,26,118,64,54,171,78,93,4,1,3,7812,2983,4829,176,83,93,68,45,23,5,2,3
157711,Undergraduate students,8424,3285,5139,30,15,15,40,14,26,118,64,54,171,78,93,4,1,3,7812,2983,4829,176,83,93,68,45,23,5,2,3
157739,Total students enrolled for credit,4209,2090,2119,16,7,9,14,5,9,84,42,42,30,11,19,1,0,1,3696,1720,1976,51,18,33,317,287,30,0,0,0
157739,Undergraduate students,4209,2090,2119,16,7,9,14,5,9,84,42,42,30,11,19,1,0,1,3696,1720,1976,51,18,33,317,287,30,0,0,0
157748,Total students enrolled for credit,5020,4042,978,19,18,1,341,265,76,221,185,36,208,183,25,2,2,0,4170,3345,825,5,4,1,54,40,14,0,0,0
157748,Undergraduate students,1200,699,501,3,3,0,37,24,13,36,27,9,38,27,11,0,0,0,1066,609,457,1,0,1,19,9,10,0,0,0
157748,Graduate student,3820,3343,477,16,15,1,304,241,63,185,158,27,170,156,14,2,2,0,3104,2736,368,4,4,0,35,31,4,0,0,0
157757,Total students enrolled for credit,2590,647,1943,4,2,2,39,12,27,435,105,330,65,20,45,5,3,2,1560,354,1206,74,17,57,401,130,271,7,4,3
157757,Undergraduate students,1480,424,1056,2,0,2,25,9,16,257,71,186,47,17,30,1,1,0,877,218,659,47,15,32,219,90,129,5,3,2
157757,Graduate student,1110,223,887,2,2,0,14,3,11,178,34,144,18,3,15,4,2,2,683,136,547,27,2,25,182,40,142,2,1,1
157766,Total students enrolled for credit,604,81,523,3,0,3,9,1,8,132,15,117,11,3,8,1,0,1,375,52,323,22,3,19,51,7,44,0,0,0
157766,Undergraduate students,604,81,523,3,0,3,9,1,8,132,15,117,11,3,8,1,0,1,375,52,323,22,3,19,51,7,44,0,0,0
157793,Total students enrolled for credit,5265,2200,3065,32,12,20,198,117,81,905,327,578,4,2,2,9,3,6,2405,990,1415,455,149,306,1010,423,587,247,177,70
157793,Undergraduate students,3767,1457,2310,28,10,18,41,22,19,727,257,470,2,2,0,9,3,6,1823,731,1092,364,112,252,766,315,451,7,5,2
157793,Graduate student,1498,743,755,4,2,2,157,95,62,178,70,108,2,0,2,0,0,0,582,259,323,91,37,54,244,108,136,240,172,68
157809,Total students enrolled for credit,2571,1225,1346,3,2,1,29,12,17,156,100,56,57,25,32,5,2,3,1984,909,1075,71,41,30,246,118,128,20,16,4
157809,Undergraduate students,2292,1066,1226,2,1,1,24,10,14,140,92,48,55,23,32,5,2,3,1781,791,990,70,41,29,199,93,106,16,13,3
157809,Graduate student,279,159,120,1,1,0,5,2,3,16,8,8,2,2,0,0,0,0,203,118,85,1,0,1,47,25,22,4,3,1
157818,Total students enrolled for credit,983,416,567,1,0,1,14,5,9,39,16,23,63,34,29,0,0,0,774,320,454,33,14,19,22,11,11,37,16,21
157818,Undergraduate students,983,416,567,1,0,1,14,5,9,39,16,23,63,34,29,0,0,0,774,320,454,33,14,19,22,11,11,37,16,21
157827,Total students enrolled for credit,108,8,100,0,0,0,43,8,35,37,0,37,0,0,0,0,0,0,28,0,28,0,0,0,0,0,0,0,0,0
157827,Undergraduate students,108,8,100,0,0,0,43,8,35,37,0,37,0,0,0,0,0,0,28,0,28,0,0,0,0,0,0,0,0,0
157863,Total students enrolled for credit,1539,705,834,7,3,4,4,4,0,153,119,34,37,24,13,1,0,1,1205,465,740,47,28,19,19,12,7,66,50,16
157863,Undergraduate students,1187,586,601,4,2,2,3,3,0,144,112,32,31,20,11,1,0,1,887,368,519,43,26,17,15,9,6,59,46,13
157863,Graduate student,352,119,233,3,1,2,1,1,0,9,7,2,6,4,2,0,0,0,318,97,221,4,2,2,4,3,1,7,4,3
157951,Total students enrolled for credit,25038,10148,14890,60,19,41,353,162,191,2176,965,1211,745,300,445,26,10,16,19265,7335,11930,706,271,435,359,147,212,1348,939,409
157951,Undergraduate students,21431,8875,12556,56,17,39,322,152,170,1856,839,1017,678,274,404,22,9,13,16516,6444,10072,654,250,404,317,135,182,1010,755,255
157951,Graduate student,3607,1273,2334,4,2,2,31,10,21,320,126,194,67,26,41,4,1,3,2749,891,1858,52,21,31,42,12,30,338,184,154
158088,Total students enrolled for credit,2611,1631,980,27,20,7,16,10,6,947,576,371,107,95,12,2,1,1,1192,731,461,43,27,16,277,171,106,0,0,0
158088,Undergraduate students,2611,1631,980,27,20,7,16,10,6,947,576,371,107,95,12,2,1,1,1192,731,461,43,27,16,277,171,106,0,0,0
158246,Total students enrolled for credit,289,139,150,1,0,1,5,5,0,201,90,111,5,3,2,0,0,0,73,38,35,3,2,1,1,1,0,0,0,0
158246,Undergraduate students,289,139,150,1,0,1,5,5,0,201,90,111,5,3,2,0,0,0,73,38,35,3,2,1,1,1,0,0,0,0
158325,Total students enrolled for credit,158,11,147,1,0,1,7,2,5,28,0,28,3,0,3,0,0,0,119,9,110,0,0,0,0,0,0,0,0,0
158325,Undergraduate students,158,11,147,1,0,1,7,2,5,28,0,28,3,0,3,0,0,0,119,9,110,0,0,0,0,0,0,0,0,0
158343,Total students enrolled for credit,59,34,25,0,0,0,0,0,0,34,18,16,0,0,0,0,0,0,25,16,9,0,0,0,0,0,0,0,0,0
158343,Undergraduate students,59,34,25,0,0,0,0,0,0,34,18,16,0,0,0,0,0,0,25,16,9,0,0,0,0,0,0,0,0,0
158431,Total students enrolled for credit,9622,3577,6045,109,35,74,80,29,51,3505,1136,2369,428,148,280,23,13,10,4865,1956,2909,279,110,169,307,138,169,26,12,14
158431,Undergraduate students,9622,3577,6045,109,35,74,80,29,51,3505,1136,2369,428,148,280,23,13,10,4865,1956,2909,279,110,169,307,138,169,26,12,14
158440,Total students enrolled for credit,100,8,92,0,0,0,1,1,0,88,7,81,1,0,1,0,0,0,9,0,9,0,0,0,1,0,1,0,0,0
158440,Undergraduate students,100,8,92,0,0,0,1,1,0,88,7,81,1,0,1,0,0,0,9,0,9,0,0,0,1,0,1,0,0,0
158477,Total students enrolled for credit,571,239,332,7,3,4,15,2,13,81,35,46,38,19,19,0,0,0,381,161,220,31,15,16,0,0,0,18,4,14
158477,Undergraduate students,501,217,284,7,3,4,15,2,13,78,34,44,36,19,17,0,0,0,318,140,178,30,15,15,0,0,0,17,4,13
158477,Graduate student,70,22,48,0,0,0,0,0,0,3,1,2,2,0,2,0,0,0,63,21,42,1,0,1,0,0,0,1,0,1
158538,Total students enrolled for credit,77,2,75,0,0,0,0,0,0,32,1,31,0,0,0,0,0,0,45,1,44,0,0,0,0,0,0,0,0,0
158538,Undergraduate students,77,2,75,0,0,0,0,0,0,32,1,31,0,0,0,0,0,0,45,1,44,0,0,0,0,0,0,0,0,0
158617,Total students enrolled for credit,821,366,455,0,0,0,39,16,23,281,81,200,68,46,22,0,0,0,382,186,196,0,0,0,51,37,14,0,0,0
158617,Undergraduate students,821,366,455,0,0,0,39,16,23,281,81,200,68,46,22,0,0,0,382,186,196,0,0,0,51,37,14,0,0,0
158644,Total students enrolled for credit,94,0,94,0,0,0,2,0,2,47,0,47,1,0,1,0,0,0,44,0,44,0,0,0,0,0,0,0,0,0
158644,Undergraduate students,94,0,94,0,0,0,2,0,2,47,0,47,1,0,1,0,0,0,44,0,44,0,0,0,0,0,0,0,0,0
158662,Total students enrolled for credit,21530,7029,14501,95,31,64,678,311,367,10365,2834,7531,1982,670,1312,26,9,17,6861,2589,4272,554,179,375,641,263,378,328,143,185
158662,Undergraduate students,21530,7029,14501,95,31,64,678,311,367,10365,2834,7531,1982,670,1312,26,9,17,6861,2589,4272,554,179,375,641,263,378,328,143,185
158723,Total students enrolled for credit,185,19,166,0,0,0,0,0,0,100,10,90,2,0,2,0,0,0,83,9,74,0,0,0,0,0,0,0,0,0
158723,Undergraduate students,185,19,166,0,0,0,0,0,0,100,10,90,2,0,2,0,0,0,83,9,74,0,0,0,0,0,0,0,0,0
158778,Total students enrolled for credit,97,3,94,0,0,0,1,0,1,48,1,47,0,0,0,0,0,0,44,1,43,4,1,3,0,0,0,0,0,0
158778,Undergraduate students,97,3,94,0,0,0,1,0,1,48,1,47,0,0,0,0,0,0,44,1,43,4,1,3,0,0,0,0,0,0
158787,Total students enrolled for credit,112,6,106,0,0,0,1,0,1,10,0,10,1,1,0,0,0,0,99,5,94,0,0,0,1,0,1,0,0,0
158787,Undergraduate students,112,6,106,0,0,0,1,0,1,10,0,10,1,1,0,0,0,0,99,5,94,0,0,0,1,0,1,0,0,0
158802,Total students enrolled for credit,1346,365,981,0,0,0,0,0,0,1213,318,895,6,2,4,6,0,6,17,5,12,6,0,6,75,28,47,23,12,11
158802,Undergraduate students,1346,365,981,0,0,0,0,0,0,1213,318,895,6,2,4,6,0,6,17,5,12,6,0,6,75,28,47,23,12,11
158884,Total students enrolled for credit,3587,1334,2253,22,8,14,76,39,37,1432,428,1004,234,94,140,4,3,1,1566,653,913,93,32,61,142,65,77,18,12,6
158884,Undergraduate students,3587,1334,2253,22,8,14,76,39,37,1432,428,1004,234,94,140,4,3,1,1566,653,913,93,32,61,142,65,77,18,12,6
159009,Total students enrolled for credit,6941,2825,4116,15,9,6,10,3,7,6178,2372,3806,69,42,27,3,2,1,103,46,57,97,22,75,34,18,16,432,311,121
159009,Undergraduate students,5405,2399,3006,12,8,4,10,3,7,4748,1982,2766,61,39,22,3,2,1,59,32,27,86,19,67,27,14,13,399,300,99
159009,Graduate student,1536,426,1110,3,1,2,0,0,0,1430,390,1040,8,3,5,0,0,0,44,14,30,11,3,8,7,4,3,33,11,22
159027,Total students enrolled for credit,115,4,111,0,0,0,1,1,0,27,2,25,4,0,4,2,0,2,78,1,77,2,0,2,1,0,1,0,0,0
159027,Undergraduate students,115,4,111,0,0,0,1,1,0,27,2,25,4,0,4,2,0,2,78,1,77,2,0,2,1,0,1,0,0,0
159197,Total students enrolled for credit,1025,860,165,8,7,1,5,3,2,499,386,113,11,11,0,0,0,0,475,430,45,22,20,2,5,3,2,0,0,0
159197,Undergraduate students,1025,860,165,8,7,1,5,3,2,499,386,113,11,11,0,0,0,0,475,430,45,22,20,2,5,3,2,0,0,0
159319,Total students enrolled for credit,30,2,28,0,0,0,3,0,3,3,0,3,6,1,5,0,0,0,18,1,17,0,0,0,0,0,0,0,0,0
159319,Undergraduate students,30,2,28,0,0,0,3,0,3,3,0,3,6,1,5,0,0,0,18,1,17,0,0,0,0,0,0,0,0,0
159328,Total students enrolled for credit,109,0,109,0,0,0,4,0,4,32,0,32,9,0,9,1,0,1,60,0,60,0,0,0,3,0,3,0,0,0
159328,Undergraduate students,109,0,109,0,0,0,4,0,4,32,0,32,9,0,9,1,0,1,60,0,60,0,0,0,3,0,3,0,0,0
159373,Total students enrolled for credit,3116,1028,2088,10,4,6,269,110,159,257,52,205,144,42,102,1,0,1,2207,730,1477,21,2,19,169,72,97,38,16,22
159373,Undergraduate students,1037,154,883,5,2,3,73,16,57,104,16,88,64,11,53,0,0,0,769,104,665,10,2,8,10,3,7,2,0,2
159373,Graduate student,2079,874,1205,5,2,3,196,94,102,153,36,117,80,31,49,1,0,1,1438,626,812,11,0,11,159,69,90,36,16,20
159382,Total students enrolled for credit,4119,1385,2734,296,105,191,60,16,44,728,211,517,85,39,46,0,0,0,2646,883,1763,112,27,85,93,32,61,99,72,27
159382,Undergraduate students,4119,1385,2734,296,105,191,60,16,44,728,211,517,85,39,46,0,0,0,2646,883,1763,112,27,85,93,32,61,99,72,27
159391,Total students enrolled for credit,33801,16071,17730,103,41,62,1301,694,607,4228,1580,2648,1982,945,1037,31,15,16,23350,11221,12129,646,262,384,325,152,173,1835,1161,674
159391,Undergraduate students,27658,13310,14348,88,36,52,1170,632,538,3528,1373,2155,1692,819,873,30,14,16,19757,9667,10090,558,230,328,177,88,89,658,451,207
159391,Graduate student,6143,2761,3382,15,5,10,131,62,69,700,207,493,290,126,164,1,1,0,3593,1554,2039,88,32,56,148,64,84,1177,710,467
159407,Total students enrolled for credit,3630,1088,2542,16,7,9,25,10,15,919,202,717,53,12,41,2,2,0,2480,809,1671,69,26,43,53,18,35,13,2,11
159407,Undergraduate students,3630,1088,2542,16,7,9,25,10,15,919,202,717,53,12,41,2,2,0,2480,809,1671,69,26,43,53,18,35,13,2,11
159416,Total students enrolled for credit,6375,2593,3782,30,13,17,136,65,71,1361,392,969,283,123,160,6,4,2,3152,1368,1784,185,93,92,1082,462,620,140,73,67
159416,Undergraduate students,3341,1317,2024,17,7,10,67,26,41,666,210,456,129,55,74,6,4,2,1731,732,999,110,58,52,562,205,357,53,20,33
159416,Graduate student,3034,1276,1758,13,6,7,69,39,30,695,182,513,154,68,86,0,0,0,1421,636,785,75,35,40,520,257,263,87,53,34
159513,Total students enrolled for credit,239,10,229,0,0,0,2,0,2,116,4,112,9,0,9,0,0,0,109,6,103,3,0,3,0,0,0,0,0,0
159513,Undergraduate students,239,10,229,0,0,0,2,0,2,116,4,112,9,0,9,0,0,0,109,6,103,3,0,3,0,0,0,0,0,0
159522,Total students enrolled for credit,242,17,225,1,0,1,3,0,3,38,6,32,5,0,5,1,1,0,188,9,179,5,0,5,1,1,0,0,0,0
159522,Undergraduate students,242,17,225,1,0,1,3,0,3,38,6,32,5,0,5,1,1,0,188,9,179,5,0,5,1,1,0,0,0,0
159531,Total students enrolled for credit,67,1,66,1,0,1,0,0,0,11,0,11,0,0,0,0,0,0,54,1,53,1,0,1,0,0,0,0,0,0
159531,Undergraduate students,67,1,66,1,0,1,0,0,0,11,0,11,0,0,0,0,0,0,54,1,53,1,0,1,0,0,0,0,0,0
159568,Total students enrolled for credit,1236,583,653,11,3,8,10,5,5,337,199,138,22,10,12,1,0,1,771,335,436,18,4,14,37,11,26,29,16,13
159568,Undergraduate students,1016,529,487,9,2,7,9,4,5,283,184,99,18,9,9,1,0,1,646,308,338,13,4,9,8,2,6,29,16,13
159568,Graduate student,220,54,166,2,1,1,1,1,0,54,15,39,4,1,3,0,0,0,125,27,98,5,0,5,29,9,20,0,0,0
159601,Total students enrolled for credit,34,4,30,0,0,0,0,0,0,19,4,15,0,0,0,0,0,0,15,0,15,0,0,0,0,0,0,0,0,0
159601,Undergraduate students,34,4,30,0,0,0,0,0,0,19,4,15,0,0,0,0,0,0,15,0,15,0,0,0,0,0,0,0,0,0
159647,Total students enrolled for credit,14489,7267,7222,45,20,25,185,108,77,1893,837,1056,514,281,233,13,7,6,9579,4801,4778,355,191,164,1386,703,683,519,319,200
159647,Undergraduate students,12708,6552,6156,39,17,22,161,98,63,1628,766,862,453,256,197,9,5,4,8528,4415,4113,331,179,152,1315,678,637,244,138,106
159647,Graduate student,1781,715,1066,6,3,3,24,10,14,265,71,194,61,25,36,4,2,2,1051,386,665,24,12,12,71,25,46,275,181,94
159656,Total students enrolled for credit,4228,1508,2720,25,8,17,124,35,89,635,186,449,547,195,352,2,1,1,2306,859,1447,151,58,93,310,100,210,128,66,62
159656,Undergraduate students,2766,1088,1678,13,4,9,79,26,53,411,133,278,437,164,273,1,1,0,1398,588,810,131,49,82,195,74,121,101,49,52
159656,Graduate student,1462,420,1042,12,4,8,45,9,36,224,53,171,110,31,79,1,0,1,908,271,637,20,9,11,115,26,89,27,17,10
159717,Total students enrolled for credit,8689,3440,5249,35,15,20,137,61,76,1509,505,1004,259,93,166,5,2,3,5936,2270,3666,256,90,166,1,1,0,551,403,148
159717,Undergraduate students,7833,3179,4654,32,15,17,126,56,70,1370,477,893,239,88,151,5,2,3,5344,2095,3249,246,87,159,1,1,0,470,358,112
159717,Graduate student,856,261,595,3,0,3,11,5,6,139,28,111,20,5,15,0,0,0,592,175,417,10,3,7,0,0,0,81,45,36
159939,Total students enrolled for credit,10011,4746,5265,38,15,23,698,354,344,1289,480,809,1058,483,575,6,3,3,5455,2644,2811,363,166,197,408,161,247,696,440,256
159939,Undergraduate students,8082,3930,4152,32,13,19,637,327,310,1059,421,638,938,434,504,5,3,2,4328,2170,2158,319,150,169,330,133,197,434,279,155
159939,Graduate student,1929,816,1113,6,2,4,61,27,34,230,59,171,120,49,71,1,0,1,1127,474,653,44,16,28,78,28,50,262,161,101
159948,Total students enrolled for credit,3679,2789,890,14,11,3,139,83,56,503,355,148,246,151,95,2,2,0,2300,1798,502,12,10,2,371,307,64,92,72,20
159948,Undergraduate students,1669,1195,474,3,1,2,36,14,22,303,210,93,199,119,80,0,0,0,789,572,217,12,10,2,306,254,52,21,15,6
159948,Graduate student,2010,1594,416,11,10,1,103,69,34,200,145,55,47,32,15,2,2,0,1511,1226,285,0,0,0,65,53,12,71,57,14
159966,Total students enrolled for credit,7333,2575,4758,131,48,83,77,29,48,1477,477,1000,244,86,158,1,1,0,4894,1742,3152,198,59,139,188,78,110,123,55,68
159966,Undergraduate students,6510,2408,4102,123,45,78,73,28,45,1338,458,880,224,82,142,0,0,0,4318,1617,2701,180,58,122,166,74,92,88,46,42
159966,Graduate student,823,167,656,8,3,5,4,1,3,139,19,120,20,4,16,1,1,0,576,125,451,18,1,17,22,4,18,35,9,26
159993,Total students enrolled for credit,10087,3638,6449,42,14,28,208,83,125,2211,639,1572,213,100,113,5,4,1,6524,2391,4133,244,93,151,277,96,181,363,218,145
159993,Undergraduate students,8542,3143,5399,38,14,24,146,59,87,1947,583,1364,174,79,95,5,4,1,5536,2087,3449,205,81,124,229,81,148,262,155,107
159993,Graduate student,1545,495,1050,4,0,4,62,24,38,264,56,208,39,21,18,0,0,0,988,304,684,39,12,27,48,15,33,101,63,38
160010,Total students enrolled for credit,2885,1871,1014,84,54,30,9,8,1,1168,657,511,117,86,31,2,1,1,1320,922,398,72,52,20,111,90,21,2,1,1
160010,Undergraduate students,2885,1871,1014,84,54,30,9,8,1,1168,657,511,117,86,31,2,1,1,1320,922,398,72,52,20,111,90,21,2,1,1
160038,Total students enrolled for credit,12260,3651,8609,166,47,119,104,31,73,3416,927,2489,606,193,413,21,12,9,7042,2117,4925,415,134,281,331,122,209,159,68,91
160038,Undergraduate students,10781,3347,7434,155,47,108,86,27,59,3139,869,2270,577,185,392,19,11,8,5964,1903,4061,387,127,260,307,116,191,147,62,85
160038,Graduate student,1479,304,1175,11,0,11,18,4,14,277,58,219,29,8,21,2,1,1,1078,214,864,28,7,21,24,6,18,12,6,6
160065,Total students enrolled for credit,1578,308,1270,9,3,6,41,8,33,205,28,177,83,13,70,80,0,80,419,101,318,90,0,90,651,155,496,0,0,0
160065,Undergraduate students,1203,224,979,4,1,3,36,7,29,180,15,165,64,6,58,1,0,1,363,71,292,0,0,0,555,124,431,0,0,0
160065,Graduate student,375,84,291,5,2,3,5,1,4,25,13,12,19,7,12,79,0,79,56,30,26,90,0,90,96,31,65,0,0,0
160074,Total students enrolled for credit,1841,288,1553,11,2,9,74,21,53,336,25,311,167,22,145,8,0,8,1118,193,925,0,0,0,127,25,102,0,0,0
160074,Undergraduate students,1612,209,1403,10,2,8,64,18,46,311,21,290,157,18,139,8,0,8,937,126,811,0,0,0,125,24,101,0,0,0
160074,Graduate student,229,79,150,1,0,1,10,3,7,25,4,21,10,4,6,0,0,0,181,67,114,0,0,0,2,1,1,0,0,0
160117,Total students enrolled for credit,152,5,147,0,0,0,8,1,7,103,2,101,5,0,5,0,0,0,32,2,30,3,0,3,1,0,1,0,0,0
160117,Undergraduate students,152,5,147,0,0,0,8,1,7,103,2,101,5,0,5,0,0,0,32,2,30,3,0,3,1,0,1,0,0,0
160126,Total students enrolled for credit,43,0,43,0,0,0,0,0,0,42,0,42,0,0,0,0,0,0,0,0,0,1,0,1,0,0,0,0,0,0
160126,Undergraduate students,43,0,43,0,0,0,0,0,0,42,0,42,0,0,0,0,0,0,0,0,0,1,0,1,0,0,0,0,0,0
160135,Total students enrolled for credit,106,9,97,0,0,0,0,0,0,52,4,48,2,1,1,1,0,1,50,4,46,1,0,1,0,0,0,0,0,0
160135,Undergraduate students,106,9,97,0,0,0,0,0,0,52,4,48,2,1,1,1,0,1,50,4,46,1,0,1,0,0,0,0,0,0
160199,Total students enrolled for credit,79,1,78,1,0,1,0,0,0,2,0,2,1,0,1,0,0,0,75,1,74,0,0,0,0,0,0,0,0,0
160199,Undergraduate students,79,1,78,1,0,1,0,0,0,2,0,2,1,0,1,0,0,0,75,1,74,0,0,0,0,0,0,0,0,0
160320,Total students enrolled for credit,3921,171,3750,10,0,10,66,6,60,1040,55,985,470,24,446,14,1,13,2127,83,2044,85,0,85,107,2,105,2,0,2
160320,Undergraduate students,3921,171,3750,10,0,10,66,6,60,1040,55,985,470,24,446,14,1,13,2127,83,2044,85,0,85,107,2,105,2,0,2
160409,Total students enrolled for credit,157,157,0,0,0,0,5,5,0,2,2,0,44,44,0,0,0,0,97,97,0,2,2,0,0,0,0,7,7,0
160409,Undergraduate students,157,157,0,0,0,0,5,5,0,2,2,0,44,44,0,0,0,0,97,97,0,2,2,0,0,0,0,7,7,0
160445,Total students enrolled for credit,185,2,183,0,0,0,7,0,7,32,0,32,5,0,5,0,0,0,134,2,132,7,0,7,0,0,0,0,0,0
160445,Undergraduate students,185,2,183,0,0,0,7,0,7,32,0,32,5,0,5,0,0,0,134,2,132,7,0,7,0,0,0,0,0,0
160472,Total students enrolled for credit,56,1,55,4,0,4,2,0,2,16,1,15,3,0,3,0,0,0,31,0,31,0,0,0,0,0,0,0,0,0
160472,Undergraduate students,56,1,55,4,0,4,2,0,2,16,1,15,3,0,3,0,0,0,31,0,31,0,0,0,0,0,0,0,0,0
160481,Total students enrolled for credit,2858,970,1888,110,39,71,19,6,13,621,204,417,94,25,69,3,0,3,1811,626,1185,87,33,54,113,37,76,0,0,0
160481,Undergraduate students,2858,970,1888,110,39,71,19,6,13,621,204,417,94,25,69,3,0,3,1811,626,1185,87,33,54,113,37,76,0,0,0
160524,Total students enrolled for credit,596,151,445,2,0,2,6,3,3,363,83,280,16,5,11,0,0,0,181,49,132,27,10,17,1,1,0,0,0,0
160524,Undergraduate students,596,151,445,2,0,2,6,3,3,363,83,280,16,5,11,0,0,0,181,49,132,27,10,17,1,1,0,0,0,0
160579,Total students enrolled for credit,4217,2174,2043,29,13,16,32,22,10,1096,411,685,117,50,67,1,1,0,2607,1517,1090,107,57,50,212,96,116,16,7,9
160579,Undergraduate students,4217,2174,2043,29,13,16,32,22,10,1096,411,685,117,50,67,1,1,0,2607,1517,1090,107,57,50,212,96,116,16,7,9
160597,Total students enrolled for credit,154,43,111,1,0,1,2,1,1,150,42,108,1,0,1,0,0,0,0,0,0,0,0,0,0,0,0,0,0,0
160597,Undergraduate students,154,43,111,1,0,1,2,1,1,150,42,108,1,0,1,0,0,0,0,0,0,0,0,0,0,0,0,0,0,0
160612,Total students enrolled for credit,17788,6641,11147,42,21,21,174,66,108,2967,959,2008,1263,482,781,15,9,6,10831,4022,6809,802,308,494,1451,636,815,243,138,105
160612,Undergraduate students,16512,6327,10185,40,20,20,169,65,104,2803,917,1886,1181,458,723,13,9,4,9914,3814,6100,760,298,462,1440,634,806,192,112,80
160612,Graduate student,1276,314,962,2,1,1,5,1,4,164,42,122,82,24,58,2,0,2,917,208,709,42,10,32,11,2,9,51,26,25
160621,Total students enrolled for credit,7415,2563,4852,10,7,3,159,101,58,6566,2190,4376,43,18,25,1,0,1,235,87,148,136,38,98,233,110,123,32,12,20
160621,Undergraduate students,6177,2193,3984,9,6,3,18,9,9,5579,1940,3639,37,18,19,0,0,0,167,74,93,128,36,92,207,98,109,32,12,20
160621,Graduate student,1238,370,868,1,1,0,141,92,49,987,250,737,6,0,6,1,0,1,68,13,55,8,2,6,26,12,14,0,0,0
160630,Total students enrolled for credit,3113,869,2244,11,5,6,42,23,19,2511,670,1841,30,6,24,0,0,0,105,36,69,0,0,0,373,107,266,41,22,19
160630,Undergraduate students,2595,736,1859,10,5,5,30,16,14,2101,583,1518,30,6,24,0,0,0,73,24,49,0,0,0,330,93,237,21,9,12
160630,Graduate student,518,133,385,1,0,1,12,7,5,410,87,323,0,0,0,0,0,0,32,12,20,0,0,0,43,14,29,20,13,7
160649,Total students enrolled for credit,4654,1814,2840,4,0,4,16,5,11,3822,1227,2595,10,2,8,1,0,1,226,57,169,12,3,9,0,0,0,563,520,43
160649,Undergraduate students,4654,1814,2840,4,0,4,16,5,11,3822,1227,2595,10,2,8,1,0,1,226,57,169,12,3,9,0,0,0,563,520,43
160658,Total students enrolled for credit,19297,8099,11198,25,8,17,428,187,241,3725,1326,2399,949,403,546,13,6,7,12222,5222,7000,288,112,176,1044,443,601,603,392,211
160658,Undergraduate students,17556,7368,10188,25,8,17,398,174,224,3539,1272,2267,907,382,525,13,6,7,11111,4804,6307,269,105,164,992,426,566,302,191,111
160658,Graduate student,1741,731,1010,0,0,0,30,13,17,186,54,132,42,21,21,0,0,0,1111,418,693,19,7,12,52,17,35,301,201,100
160667,Total students enrolled for credit,5509,2582,2927,26,9,17,32,18,14,1699,695,1004,220,85,135,6,5,1,2630,1343,1287,92,52,40,799,372,427,5,3,2
160667,Undergraduate students,5509,2582,2927,26,9,17,32,18,14,1699,695,1004,220,85,135,6,5,1,2630,1343,1287,92,52,40,799,372,427,5,3,2
160755,Total students enrolled for credit,14066,6024,8042,32,12,20,665,263,402,1154,437,717,898,369,529,21,12,9,8773,3735,5038,433,160,273,423,215,208,1667,821,846
160755,Undergraduate students,8873,3640,5233,15,6,9,337,118,219,785,309,476,596,236,360,13,8,5,6257,2579,3678,313,118,195,209,111,98,348,155,193
160755,Graduate student,5193,2384,2809,17,6,11,328,145,183,369,128,241,302,133,169,8,4,4,2516,1156,1360,120,42,78,214,104,110,1319,666,653
160904,Total students enrolled for credit,3324,924,2400,5,5,0,390,165,225,2319,555,1764,120,42,78,6,4,2,225,58,167,108,32,76,53,18,35,98,45,53
160904,Undergraduate students,2527,692,1835,2,2,0,219,100,119,1952,472,1480,83,32,51,3,1,2,88,23,65,88,23,65,36,12,24,56,27,29
160904,Graduate student,797,232,565,3,3,0,171,65,106,367,83,284,37,10,27,3,3,0,137,35,102,20,9,11,17,6,11,42,18,24
160913,Total students enrolled for credit,3360,2501,859,70,58,12,31,30,1,1044,614,430,163,137,26,1,0,1,1952,1592,360,40,25,15,43,34,9,16,11,5
160913,Undergraduate students,3360,2501,859,70,58,12,31,30,1,1044,614,430,163,137,26,1,0,1,1952,1592,360,40,25,15,43,34,9,16,11,5
160940,Total students enrolled for credit,1159,233,926,18,3,15,14,5,9,34,10,24,30,5,25,3,1,2,949,184,765,6,1,5,103,24,79,2,0,2
160940,Undergraduate students,1018,208,810,18,3,15,11,3,8,28,8,20,28,4,24,2,1,1,834,165,669,6,1,5,89,23,66,2,0,2
160940,Graduate student,141,25,116,0,0,0,3,2,1,6,2,4,2,1,1,1,0,1,115,19,96,0,0,0,14,1,13,0,0,0
160959,Total students enrolled for credit,397,113,284,1,0,1,10,5,5,3,1,2,16,2,14,0,0,0,251,71,180,5,1,4,39,17,22,72,16,56
160959,Undergraduate students,390,112,278,1,0,1,10,5,5,3,1,2,16,2,14,0,0,0,246,70,176,5,1,4,39,17,22,70,16,54
160959,Graduate student,7,1,6,0,0,0,0,0,0,0,0,0,0,0,0,0,0,0,5,1,4,0,0,0,0,0,0,2,0,2
160977,Total students enrolled for credit,1905,942,963,2,2,0,76,29,47,102,61,41,164,82,82,0,0,0,1340,660,680,86,37,49,6,4,2,129,67,62
160977,Undergraduate students,1905,942,963,2,2,0,76,29,47,102,61,41,164,82,82,0,0,0,1340,660,680,86,37,49,6,4,2,129,67,62
160995,Total students enrolled for credit,490,178,312,10,6,4,2,0,2,7,5,2,4,2,2,2,1,1,382,126,256,4,2,2,79,36,43,0,0,0
160995,Undergraduate students,490,178,312,10,6,4,2,0,2,7,5,2,4,2,2,2,1,1,382,126,256,4,2,2,79,36,43,0,0,0
161004,Total students enrolled for credit,1965,973,992,5,2,3,116,51,65,115,53,62,220,102,118,1,1,0,1258,639,619,135,66,69,22,14,8,93,45,48
161004,Undergraduate students,1965,973,992,5,2,3,116,51,65,115,53,62,220,102,118,1,1,0,1258,639,619,135,66,69,22,14,8,93,45,48
161022,Total students enrolled for credit,204,22,182,0,0,0,4,1,3,3,1,2,2,1,1,0,0,0,176,12,164,0,0,0,19,7,12,0,0,0
161022,Undergraduate students,204,22,182,0,0,0,4,1,3,3,1,2,2,1,1,0,0,0,176,12,164,0,0,0,19,7,12,0,0,0
161077,Total students enrolled for credit,3707,1695,2012,29,14,15,29,15,14,265,142,123,81,32,49,3,1,2,2768,1244,1524,71,29,42,441,207,234,20,11,9
161077,Undergraduate students,3707,1695,2012,29,14,15,29,15,14,265,142,123,81,32,49,3,1,2,2768,1244,1524,71,29,42,441,207,234,20,11,9
161086,Total students enrolled for credit,2032,963,1069,7,3,4,115,49,66,72,38,34,141,71,70,3,1,2,1273,599,674,98,43,55,102,50,52,221,109,112
161086,Undergraduate students,2032,963,1069,7,3,4,115,49,66,72,38,34,141,71,70,3,1,2,1273,599,674,98,43,55,102,50,52,221,109,112
161138,Total students enrolled for credit,3514,1765,1749,55,26,29,17,6,11,60,36,24,50,20,30,6,4,2,2505,1237,1268,46,23,23,751,399,352,24,14,10
161138,Undergraduate students,3514,1765,1749,55,26,29,17,6,11,60,36,24,50,20,30,6,4,2,2505,1237,1268,46,23,23,751,399,352,24,14,10
161192,Total students enrolled for credit,3360,1228,2132,20,4,16,20,4,16,37,20,17,47,16,31,1,1,0,2835,1017,1818,39,12,27,358,153,205,3,1,2
161192,Undergraduate students,3360,1228,2132,20,4,16,20,4,16,37,20,17,47,16,31,1,1,0,2835,1017,1818,39,12,27,358,153,205,3,1,2
161208,Total students enrolled for credit,52,49,3,0,0,0,0,0,0,2,2,0,2,2,0,0,0,0,48,45,3,0,0,0,0,0,0,0,0,0
161208,Undergraduate students,52,49,3,0,0,0,0,0,0,2,2,0,2,2,0,0,0,0,48,45,3,0,0,0,0,0,0,0,0,0
161217,Total students enrolled for credit,5818,1663,4155,90,31,59,43,10,33,69,38,31,96,25,71,5,2,3,4619,1222,3397,146,44,102,730,283,447,20,8,12
161217,Undergraduate students,5818,1663,4155,90,31,59,43,10,33,69,38,31,96,25,71,5,2,3,4619,1222,3397,146,44,102,730,283,447,20,8,12
161226,Total students enrolled for credit,2351,758,1593,11,5,6,16,4,12,42,22,20,31,17,14,1,0,1,1997,628,1369,40,17,23,195,59,136,18,6,12
161226,Undergraduate students,1956,679,1277,9,4,5,15,4,11,42,22,20,31,17,14,1,0,1,1709,575,1134,40,17,23,93,34,59,16,6,10
161226,Graduate student,395,79,316,2,1,1,1,0,1,0,0,0,0,0,0,0,0,0,288,53,235,0,0,0,102,25,77,2,0,2
161235,Total students enrolled for credit,2354,711,1643,17,8,9,11,3,8,57,23,34,38,11,27,3,0,3,1282,307,975,44,15,29,789,280,509,113,64,49
161235,Undergraduate students,2354,711,1643,17,8,9,11,3,8,57,23,34,38,11,27,3,0,3,1282,307,975,44,15,29,789,280,509,113,64,49
161244,Total students enrolled for credit,992,299,693,26,3,23,5,1,4,22,17,5,42,21,21,0,0,0,732,199,533,15,6,9,134,45,89,16,7,9
161244,Undergraduate students,992,299,693,26,3,23,5,1,4,22,17,5,42,21,21,0,0,0,732,199,533,15,6,9,134,45,89,16,7,9
161253,Total students enrolled for credit,12693,6233,6460,141,48,93,189,97,92,230,157,73,337,159,178,3,0,3,9999,4886,5113,310,156,154,915,413,502,569,317,252
161253,Undergraduate students,10304,5384,4920,97,34,63,162,89,73,211,146,65,306,149,157,1,0,1,8294,4336,3958,279,141,138,633,321,312,321,168,153
161253,Graduate student,2389,849,1540,44,14,30,27,8,19,19,11,8,31,10,21,2,0,2,1705,550,1155,31,15,16,282,92,190,248,149,99
161299,Total students enrolled for credit,1051,879,172,4,3,1,12,9,3,11,9,2,17,14,3,2,1,1,921,776,145,0,0,0,84,67,17,0,0,0
161299,Undergraduate students,1016,859,157,4,3,1,12,9,3,11,9,2,17,14,3,2,1,1,892,758,134,0,0,0,78,65,13,0,0,0
161299,Graduate student,35,20,15,0,0,0,0,0,0,0,0,0,0,0,0,0,0,0,29,18,11,0,0,0,6,2,4,0,0,0
161341,Total students enrolled for credit,1715,610,1105,33,11,22,13,8,5,24,16,8,30,13,17,0,0,0,1278,426,852,47,20,27,230,95,135,60,21,39
161341,Undergraduate students,1715,610,1105,33,11,22,13,8,5,24,16,8,30,13,17,0,0,0,1278,426,852,47,20,27,230,95,135,60,21,39
161457,Total students enrolled for credit,13743,3850,9893,65,21,44,830,277,553,839,222,617,81,31,50,34,12,22,8173,2304,5869,87,21,66,3581,937,2644,53,25,28
161457,Undergraduate students,8798,2473,6325,44,10,34,493,172,321,289,100,189,10,3,7,20,9,11,4777,1365,3412,35,4,31,3118,805,2313,12,5,7
161457,Graduate student,4945,1377,3568,21,11,10,337,105,232,550,122,428,71,28,43,14,3,11,3396,939,2457,52,17,35,463,132,331,41,20,21
161484,Total students enrolled for credit,1134,515,619,19,7,12,6,1,5,13,8,5,15,12,3,4,2,2,930,417,513,16,7,9,114,50,64,17,11,6
161484,Undergraduate students,1134,515,619,19,7,12,6,1,5,13,8,5,15,12,3,4,2,2,930,417,513,16,7,9,114,50,64,17,11,6
161493,Total students enrolled for credit,271,17,254,4,0,4,1,0,1,10,2,8,5,0,5,0,0,0,238,15,223,4,0,4,9,0,9,0,0,0
161493,Undergraduate students,271,17,254,4,0,4,1,0,1,10,2,8,5,0,5,0,0,0,238,15,223,4,0,4,9,0,9,0,0,0
161509,Total students enrolled for credit,492,134,358,3,0,3,12,4,8,7,3,4,25,8,17,0,0,0,402,111,291,17,4,13,20,3,17,6,1,5
161509,Undergraduate students,462,126,336,3,0,3,11,3,8,7,3,4,22,5,17,0,0,0,381,107,274,14,4,10,19,3,16,5,1,4
161509,Graduate student,30,8,22,0,0,0,1,1,0,0,0,0,3,3,0,0,0,0,21,4,17,3,0,3,1,0,1,1,0,1
161518,Total students enrolled for credit,3585,1163,2422,3,1,2,35,15,20,75,24,51,0,0,0,2,0,2,1709,496,1213,0,0,0,1761,627,1134,0,0,0
161518,Undergraduate students,2130,748,1382,3,1,2,18,8,10,38,16,22,0,0,0,2,0,2,1149,373,776,0,0,0,920,350,570,0,0,0
161518,Graduate student,1455,415,1040,0,0,0,17,7,10,37,8,29,0,0,0,0,0,0,560,123,437,0,0,0,841,277,564,0,0,0
161527,Total students enrolled for credit,301,28,273,1,0,1,6,0,6,7,0,7,5,0,5,1,0,1,280,28,252,0,0,0,1,0,1,0,0,0
161527,Undergraduate students,301,28,273,1,0,1,6,0,6,7,0,7,5,0,5,1,0,1,280,28,252,0,0,0,1,0,1,0,0,0
161545,Total students enrolled for credit,8839,4337,4502,68,30,38,187,81,106,554,279,275,267,131,136,8,4,4,7135,3487,3648,194,79,115,382,223,159,44,23,21
161545,Undergraduate students,8839,4337,4502,68,30,38,187,81,106,554,279,275,267,131,136,8,4,4,7135,3487,3648,194,79,115,382,223,159,44,23,21
161554,Total students enrolled for credit,10156,3949,6207,92,31,61,175,68,107,348,177,171,217,95,122,5,2,3,7426,2856,4570,243,84,159,1532,574,958,118,62,56
161554,Undergraduate students,7876,3313,4563,63,20,43,154,61,93,314,159,155,184,84,100,3,2,1,5619,2363,3256,217,77,140,1224,492,732,98,55,43
161554,Graduate student,2280,636,1644,29,11,18,21,7,14,34,18,16,33,11,22,2,0,2,1807,493,1314,26,7,19,308,82,226,20,7,13
161563,Total students enrolled for credit,2053,953,1100,10,4,6,17,8,9,53,28,25,24,12,12,0,0,0,1574,718,856,72,40,32,272,121,151,31,22,9
161563,Undergraduate students,1797,852,945,10,4,6,16,8,8,51,26,25,23,12,11,0,0,0,1375,639,736,65,37,28,232,108,124,25,18,7
161563,Graduate student,256,101,155,0,0,0,1,0,1,2,2,0,1,0,1,0,0,0,199,79,120,7,3,4,40,13,27,6,4,2
161572,Total students enrolled for credit,838,403,435,13,5,8,12,9,3,8,2,6,16,6,10,0,0,0,701,352,349,26,5,21,62,24,38,0,0,0
161572,Undergraduate students,811,395,416,13,5,8,12,9,3,5,1,4,16,6,10,0,0,0,685,348,337,25,5,20,55,21,34,0,0,0
161572,Graduate student,27,8,19,0,0,0,0,0,0,3,1,2,0,0,0,0,0,0,16,4,12,1,0,1,7,3,4,0,0,0
161581,Total students enrolled for credit,519,210,309,39,12,27,1,1,0,2,1,1,9,5,4,1,0,1,411,175,236,11,2,9,43,12,31,2,2,0
161581,Undergraduate students,519,210,309,39,12,27,1,1,0,2,1,1,9,5,4,1,0,1,411,175,236,11,2,9,43,12,31,2,2,0
161651,Total students enrolled for credit,76,2,74,0,0,0,9,0,9,36,1,35,10,0,10,0,0,0,15,1,14,3,0,3,3,0,3,0,0,0
161651,Undergraduate students,76,2,74,0,0,0,9,0,9,36,1,35,10,0,10,0,0,0,15,1,14,3,0,3,3,0,3,0,0,0
161688,Total students enrolled for credit,3471,1183,2288,9,3,6,15,6,9,364,177,187,66,27,39,2,1,1,2874,913,1961,73,30,43,25,8,17,43,18,25
161688,Undergraduate students,3471,1183,2288,9,3,6,15,6,9,364,177,187,66,27,39,2,1,1,2874,913,1961,73,30,43,25,8,17,43,18,25
161767,Total students enrolled for credit,19908,8103,11805,77,36,41,799,321,478,3548,1366,2182,1375,542,833,52,27,25,11634,4802,6832,796,323,473,1366,572,794,261,114,147
161767,Undergraduate students,19908,8103,11805,77,36,41,799,321,478,3548,1366,2182,1375,542,833,52,27,25,11634,4802,6832,796,323,473,1366,572,794,261,114,147
161776,Total students enrolled for credit,532,130,402,0,0,0,3,2,1,374,88,286,22,3,19,0,0,0,72,19,53,14,5,9,47,13,34,0,0,0
161776,Undergraduate students,532,130,402,0,0,0,3,2,1,374,88,286,22,3,19,0,0,0,72,19,53,14,5,9,47,13,34,0,0,0
161800,Total students enrolled for credit,302,125,177,0,0,0,0,0,0,137,74,63,23,15,8,0,0,0,142,36,106,0,0,0,0,0,0,0,0,0
161800,Undergraduate students,302,125,177,0,0,0,0,0,0,137,74,63,23,15,8,0,0,0,142,36,106,0,0,0,0,0,0,0,0,0
161855,Total students enrolled for credit,64,5,59,0,0,0,0,0,0,62,4,58,0,0,0,0,0,0,2,1,1,0,0,0,0,0,0,0,0,0
161855,Undergraduate students,64,5,59,0,0,0,0,0,0,62,4,58,0,0,0,0,0,0,2,1,1,0,0,0,0,0,0,0,0,0
161864,Total students enrolled for credit,5770,1888,3882,5,1,4,85,50,35,4355,1294,3061,187,65,122,3,1,2,278,102,176,100,29,71,95,39,56,662,307,355
161864,Undergraduate students,5770,1888,3882,5,1,4,85,50,35,4355,1294,3061,187,65,122,3,1,2,278,102,176,100,29,71,95,39,56,662,307,355
161873,Total students enrolled for credit,7008,2852,4156,20,11,9,314,142,172,2927,958,1969,258,113,145,10,3,7,2535,1246,1289,244,96,148,456,187,269,244,96,148
161873,Undergraduate students,3827,1593,2234,15,8,7,166,73,93,1781,617,1164,157,75,82,9,2,7,1197,620,577,157,66,91,282,107,175,63,25,38
161873,Graduate student,3181,1259,1922,5,3,2,148,69,79,1146,341,805,101,38,63,1,1,0,1338,626,712,87,30,57,174,80,94,181,71,110
162007,Total students enrolled for credit,6570,2434,4136,5,1,4,78,36,42,5421,2006,3415,201,63,138,9,0,9,199,57,142,267,83,184,126,46,80,264,142,122
162007,Undergraduate students,5368,2055,3313,4,1,3,63,33,30,4576,1766,2810,175,56,119,9,0,9,124,40,84,228,75,153,101,32,69,88,52,36
162007,Graduate student,1202,379,823,1,0,1,15,3,12,845,240,605,26,7,19,0,0,0,75,17,58,39,8,31,25,14,11,176,90,86
162061,Total students enrolled for credit,1028,828,200,2,2,0,49,39,10,333,241,92,88,70,18,2,1,1,444,387,57,34,28,6,41,32,9,35,28,7
162061,Undergraduate students,529,440,89,2,2,0,20,17,3,170,131,39,49,40,9,1,0,1,208,185,23,18,15,3,30,26,4,31,24,7
162061,Graduate student,499,388,111,0,0,0,29,22,7,163,110,53,39,30,9,1,1,0,236,202,34,16,13,3,11,6,5,4,4,0
162104,Total students enrolled for credit,3309,1287,2022,12,4,8,54,19,35,334,135,199,174,91,83,1,1,0,2601,980,1621,105,41,64,12,7,5,16,9,7
162104,Undergraduate students,3309,1287,2022,12,4,8,54,19,35,334,135,199,174,91,83,1,1,0,2601,980,1621,105,41,64,12,7,5,16,9,7
162122,Total students enrolled for credit,10810,4273,6537,42,11,31,341,173,168,2750,1081,1669,706,248,458,43,23,20,6084,2411,3673,618,233,385,179,69,110,47,24,23
162122,Undergraduate students,10810,4273,6537,42,11,31,341,173,168,2750,1081,1669,706,248,458,43,23,20,6084,2411,3673,618,233,385,179,69,110,47,24,23
162168,Total students enrolled for credit,2803,993,1810,27,11,16,41,16,25,442,125,317,153,66,87,0,0,0,1939,700,1239,69,29,40,96,29,67,36,17,19
162168,Undergraduate students,2803,993,1810,27,11,16,41,16,25,442,125,317,153,66,87,0,0,0,1939,700,1239,69,29,40,96,29,67,36,17,19
162210,Total students enrolled for credit,1700,651,1049,13,4,9,137,56,81,626,207,419,177,58,119,4,1,3,317,120,197,36,15,21,177,61,116,213,129,84
162210,Undergraduate students,1486,584,902,12,3,9,106,46,60,509,168,341,164,54,110,4,1,3,306,119,187,32,12,20,157,56,101,196,125,71
162210,Graduate student,214,67,147,1,1,0,31,10,21,117,39,78,13,4,9,0,0,0,11,1,10,4,3,1,20,5,15,17,4,13
162283,Total students enrolled for credit,3442,839,2603,3,1,2,25,6,19,2605,592,2013,76,26,50,2,1,1,50,23,27,34,11,23,44,9,35,603,170,433
162283,Undergraduate students,2921,708,2213,2,0,2,23,5,18,2263,506,1757,71,25,46,2,1,1,48,22,26,29,7,22,42,9,33,441,133,308
162283,Graduate student,521,131,390,1,1,0,2,1,1,342,86,256,5,1,4,0,0,0,2,1,1,5,4,1,2,0,2,162,37,125
162335,Total students enrolled for credit,64,5,59,0,0,0,0,0,0,29,4,25,0,0,0,0,0,0,34,1,33,1,0,1,0,0,0,0,0,0
162335,Undergraduate students,64,5,59,0,0,0,0,0,0,29,4,25,0,0,0,0,0,0,34,1,33,1,0,1,0,0,0,0,0,0
162371,Total students enrolled for credit,505,495,10,0,0,0,2,2,0,329,323,6,0,0,0,0,0,0,169,165,4,5,5,0,0,0,0,0,0,0
162371,Undergraduate students,505,495,10,0,0,0,2,2,0,329,323,6,0,0,0,0,0,0,169,165,4,5,5,0,0,0,0,0,0,0
162557,Total students enrolled for credit,8994,3951,5043,29,11,18,419,189,230,1096,444,652,662,296,366,12,6,6,6031,2688,3343,650,273,377,19,12,7,76,32,44
162557,Undergraduate students,8994,3951,5043,29,11,18,419,189,230,1096,444,652,662,296,366,12,6,6,6031,2688,3343,650,273,377,19,12,7,76,32,44
162584,Total students enrolled for credit,6455,2978,3477,10,3,7,131,51,80,1718,854,864,330,145,185,3,1,2,3601,1588,2013,261,125,136,175,68,107,226,143,83
162584,Undergraduate students,5466,2575,2891,10,3,7,111,40,71,1662,832,830,313,138,175,3,1,2,2953,1356,1597,250,121,129,49,22,27,115,62,53
162584,Graduate student,989,403,586,0,0,0,20,11,9,56,22,34,17,7,10,0,0,0,648,232,416,11,4,7,126,46,80,111,81,30
162609,Total students enrolled for credit,907,441,466,1,0,1,1,0,1,225,129,96,13,12,1,0,0,0,629,275,354,25,13,12,3,2,1,10,10,0
162609,Undergraduate students,907,441,466,1,0,1,1,0,1,225,129,96,13,12,1,0,0,0,629,275,354,25,13,12,3,2,1,10,10,0
162654,Total students enrolled for credit,2973,867,2106,1,0,1,77,14,63,267,90,177,159,40,119,4,1,3,1245,375,870,62,15,47,1094,306,788,64,26,38
162654,Undergraduate students,1508,480,1028,0,0,0,62,11,51,195,71,124,128,36,92,4,1,3,924,298,626,57,13,44,75,24,51,63,26,37
162654,Graduate student,1465,387,1078,1,0,1,15,3,12,72,19,53,31,4,27,0,0,0,321,77,244,5,2,3,1019,282,737,1,0,1
162681,Total students enrolled for credit,902,184,718,5,2,3,2,0,2,129,23,106,40,10,30,0,0,0,579,118,461,16,5,11,131,26,105,0,0,0
162681,Undergraduate students,763,159,604,4,2,2,0,0,0,102,18,84,37,10,27,0,0,0,490,100,390,16,5,11,114,24,90,0,0,0
162681,Graduate student,139,25,114,1,0,1,2,0,2,27,5,22,3,0,3,0,0,0,89,18,71,0,0,0,17,2,15,0,0,0
162690,Total students enrolled for credit,5827,2225,3602,14,2,12,119,46,73,652,265,387,350,137,213,6,2,4,4271,1602,2669,251,97,154,106,43,63,58,31,27
162690,Undergraduate students,5827,2225,3602,14,2,12,119,46,73,652,265,387,350,137,213,6,2,4,4271,1602,2669,251,97,154,106,43,63,58,31,27
162706,Total students enrolled for credit,8963,3773,5190,32,11,21,250,115,135,1465,593,872,450,177,273,18,10,8,6295,2671,3624,297,123,174,66,30,36,90,43,47
162706,Undergraduate students,8963,3773,5190,32,11,21,250,115,135,1465,593,872,450,177,273,18,10,8,6295,2671,3624,297,123,174,66,30,36,90,43,47
162760,Total students enrolled for credit,2368,869,1499,1,0,1,73,24,49,255,83,172,164,69,95,2,0,2,1482,524,958,86,23,63,99,34,65,206,112,94
162760,Undergraduate students,1214,464,750,0,0,0,39,11,28,163,56,107,127,54,73,2,0,2,734,295,439,63,16,47,63,24,39,23,8,15
162760,Graduate student,1154,405,749,1,0,1,34,13,21,92,27,65,37,15,22,0,0,0,748,229,519,23,7,16,36,10,26,183,104,79
162779,Total students enrolled for credit,13938,6071,7867,41,17,24,1687,784,903,3952,1534,2418,1325,547,778,42,21,21,4964,2327,2637,651,268,383,683,311,372,593,262,331
162779,Undergraduate students,13938,6071,7867,41,17,24,1687,784,903,3952,1534,2418,1325,547,778,42,21,21,4964,2327,2637,651,268,383,683,311,372,593,262,331
162830,Total students enrolled for credit,73,1,72,0,0,0,1,0,1,10,0,10,4,0,4,0,0,0,56,1,55,1,0,1,0,0,0,1,0,1
162830,Undergraduate students,73,1,72,0,0,0,1,0,1,10,0,10,4,0,4,0,0,0,56,1,55,1,0,1,0,0,0,1,0,1
162928,Total students enrolled for credit,30017,14135,15882,68,26,42,3804,1722,2082,2050,678,1372,2276,1078,1198,39,18,21,12150,5481,6669,922,396,526,2826,1838,988,5882,2898,2984
162928,Undergraduate students,7825,3604,4221,14,5,9,1690,801,889,523,190,333,939,444,495,15,7,8,3000,1335,1665,355,176,179,313,145,168,976,501,475
162928,Graduate student,22192,10531,11661,54,21,33,2114,921,1193,1527,488,1039,1337,634,703,24,11,13,9150,4146,5004,567,220,347,2513,1693,820,4906,2397,2509
162982,Total students enrolled for credit,194,96,98,0,0,0,15,8,7,41,15,26,17,7,10,0,0,0,105,56,49,16,10,6,0,0,0,0,0,0
162982,Undergraduate students,194,96,98,0,0,0,15,8,7,41,15,26,17,7,10,0,0,0,105,56,49,16,10,6,0,0,0,0,0,0
163028,Total students enrolled for credit,986,909,77,4,4,0,43,42,1,552,510,42,151,142,9,2,2,0,147,133,14,43,36,7,43,39,4,1,1,0
163028,Undergraduate students,986,909,77,4,4,0,43,42,1,552,510,42,151,142,9,2,2,0,147,133,14,43,36,7,43,39,4,1,1,0
163046,Total students enrolled for credit,6654,2523,4131,9,4,5,241,78,163,659,187,472,529,205,324,12,4,8,4868,1907,2961,189,63,126,70,31,39,77,44,33
163046,Undergraduate students,4175,1783,2392,5,3,2,154,51,103,223,94,129,397,171,226,5,2,3,3207,1374,1833,126,51,75,11,6,5,47,31,16
163046,Graduate student,2479,740,1739,4,1,3,87,27,60,436,93,343,132,34,98,7,2,5,1661,533,1128,63,12,51,59,25,34,30,13,17
163107,Total students enrolled for credit,16,0,16,1,0,1,0,0,0,12,0,12,0,0,0,0,0,0,2,0,2,0,0,0,1,0,1,0,0,0
163107,Undergraduate students,16,0,16,1,0,1,0,0,0,12,0,12,0,0,0,0,0,0,2,0,2,0,0,0,1,0,1,0,0,0
163204,Total students enrolled for credit,86816,48166,38650,406,213,193,4266,2521,1745,24732,11774,12958,10318,6085,4233,684,390,294,33598,20676,12922,3656,1877,1779,7656,3983,3673,1500,647,853
163204,Undergraduate students,67434,38978,28456,331,180,151,3069,1882,1187,17236,8751,8485,8895,5349,3546,627,360,267,27265,17192,10073,3006,1610,1396,5886,3187,2699,1119,467,652
163204,Graduate student,19382,9188,10194,75,33,42,1197,639,558,7496,3023,4473,1423,736,687,57,30,27,6333,3484,2849,650,267,383,1770,796,974,381,180,201
163259,Total students enrolled for credit,7158,1943,5215,12,4,8,1108,331,777,1293,281,1012,450,109,341,3,2,1,3646,1020,2626,231,58,173,113,37,76,302,101,201
163259,Undergraduate students,1133,151,982,2,1,1,175,25,150,218,34,184,74,8,66,0,0,0,586,69,517,38,6,32,14,4,10,26,4,22
163259,Graduate student,6025,1792,4233,10,3,7,933,306,627,1075,247,828,376,101,275,3,2,1,3060,951,2109,193,52,141,99,33,66,276,97,179
163268,Total students enrolled for credit,15700,8487,7213,34,19,15,2883,1521,1362,2611,1203,1408,991,490,501,21,11,10,6800,3912,2888,569,307,262,637,374,263,1154,650,504
163268,Undergraduate students,12702,6959,5743,28,17,11,2623,1387,1236,2240,1030,1210,867,426,441,14,6,8,5428,3238,2190,507,274,233,489,296,193,506,285,221
163268,Graduate student,2998,1528,1470,6,2,4,260,134,126,371,173,198,124,64,60,7,5,2,1372,674,698,62,33,29,148,78,70,648,365,283
163286,Total students enrolled for credit,43691,22970,20721,54,26,28,5891,3214,2677,5156,2262,2894,3666,1743,1923,28,16,12,20671,11214,9457,1577,783,794,1481,812,669,5167,2900,2267
163286,Undergraduate students,32022,16922,15100,39,21,18,5135,2847,2288,4169,1864,2305,3193,1502,1691,24,14,10,16042,8897,7145,1349,677,672,588,308,280,1483,792,691
163286,Graduate student,11669,6048,5621,15,5,10,756,367,389,987,398,589,473,241,232,4,2,2,4629,2317,2312,228,106,122,893,504,389,3684,2108,1576
163295,Total students enrolled for credit,2449,631,1818,2,1,1,289,56,233,171,61,110,80,20,60,4,2,2,1118,310,808,238,59,179,119,32,87,428,90,338
163295,Undergraduate students,2041,514,1527,1,0,1,254,52,202,131,47,84,68,17,51,3,2,1,939,259,680,219,50,169,101,24,77,325,63,262
163295,Graduate student,408,117,291,1,1,0,35,4,31,40,14,26,12,3,9,1,0,1,179,51,128,19,9,10,18,8,10,103,27,76
163338,Total students enrolled for credit,4258,1886,2372,10,8,2,55,27,28,2943,1276,1667,126,63,63,2,1,1,589,302,287,368,144,224,16,7,9,149,58,91
163338,Undergraduate students,3569,1616,1953,9,7,2,47,24,23,2626,1146,1480,116,58,58,2,1,1,432,241,191,224,89,135,13,7,6,100,43,57
163338,Graduate student,689,270,419,1,1,0,8,3,5,317,130,187,10,5,5,0,0,0,157,61,96,144,55,89,3,0,3,49,15,34
163347,Total students enrolled for credit,754,71,683,0,0,0,4,3,1,547,58,489,22,0,22,0,0,0,150,5,145,10,2,8,21,3,18,0,0,0
163347,Undergraduate students,754,71,683,0,0,0,4,3,1,547,58,489,22,0,22,0,0,0,150,5,145,10,2,8,21,3,18,0,0,0
163408,Total students enrolled for credit,191,46,145,0,0,0,1,0,1,105,44,61,76,0,76,0,0,0,9,2,7,0,0,0,0,0,0,0,0,0
163408,Undergraduate students,191,46,145,0,0,0,1,0,1,105,44,61,76,0,76,0,0,0,9,2,7,0,0,0,0,0,0,0,0,0
163426,Total students enrolled for credit,32747,15122,17625,79,38,41,3703,1800,1903,9094,4010,5084,7194,3182,4012,72,37,35,8630,4310,4320,976,450,526,46,21,25,2953,1274,1679
163426,Undergraduate students,32747,15122,17625,79,38,41,3703,1800,1903,9094,4010,5084,7194,3182,4012,72,37,35,8630,4310,4320,976,450,526,46,21,25,2953,1274,1679
163453,Total students enrolled for credit,8522,4053,4469,13,6,7,97,62,35,6307,2668,3639,292,117,175,6,5,1,292,153,139,256,103,153,160,77,83,1099,862,237
163453,Undergraduate students,7031,3453,3578,13,6,7,65,47,18,5340,2308,3032,241,99,142,6,5,1,150,90,60,208,87,121,150,73,77,858,738,120
163453,Graduate student,1491,600,891,0,0,0,32,15,17,967,360,607,51,18,33,0,0,0,142,63,79,48,16,32,10,4,6,241,124,117
163462,Total students enrolled for credit,2495,1223,1272,16,5,11,75,33,42,300,132,168,231,102,129,7,6,1,1690,853,837,70,32,38,67,35,32,39,25,14
163462,Undergraduate students,1898,886,1012,9,4,5,57,24,33,247,107,140,192,82,110,5,5,0,1265,602,663,67,30,37,42,23,19,14,9,5
163462,Graduate student,597,337,260,7,1,6,18,9,9,53,25,28,39,20,19,2,1,1,425,251,174,3,2,1,25,12,13,25,16,9
163532,Total students enrolled for credit,548,548,0,0,0,0,0,0,0,0,0,0,0,0,0,0,0,0,525,525,0,0,0,0,0,0,0,23,23,0
163532,Undergraduate students,316,316,0,0,0,0,0,0,0,0,0,0,0,0,0,0,0,0,302,302,0,0,0,0,0,0,0,14,14,0
163532,Graduate student,232,232,0,0,0,0,0,0,0,0,0,0,0,0,0,0,0,0,223,223,0,0,0,0,0,0,0,9,9,0
163541,Total students enrolled for credit,702,349,353,0,0,0,3,1,2,686,338,348,5,4,1,3,3,0,3,1,2,2,2,0,0,0,0,0,0,0
163541,Undergraduate students,702,349,353,0,0,0,3,1,2,686,338,348,5,4,1,3,3,0,3,1,2,2,2,0,0,0,0,0,0,0
163578,Total students enrolled for credit,3391,545,2846,5,0,5,203,38,165,728,80,648,155,21,134,6,0,6,1990,336,1654,79,14,65,190,51,139,35,5,30
163578,Undergraduate students,1001,59,942,2,0,2,71,6,65,266,10,256,68,2,66,2,0,2,524,33,491,35,4,31,17,4,13,16,0,16
163578,Graduate student,2390,486,1904,3,0,3,132,32,100,462,70,392,87,19,68,4,0,4,1466,303,1163,44,10,34,173,47,126,19,5,14
163657,Total students enrolled for credit,17365,6568,10797,66,18,48,683,301,382,12379,4560,7819,1895,735,1160,28,12,16,816,361,455,563,216,347,439,163,276,496,202,294
163657,Undergraduate students,17365,6568,10797,66,18,48,683,301,382,12379,4560,7819,1895,735,1160,28,12,16,816,361,455,563,216,347,439,163,276,496,202,294
163736,Total students enrolled for credit,827,204,623,7,3,4,3,0,3,617,146,471,51,17,34,2,1,1,115,31,84,13,1,12,19,5,14,0,0,0
163736,Undergraduate students,827,204,623,7,3,4,3,0,3,617,146,471,51,17,34,2,1,1,115,31,84,13,1,12,19,5,14,0,0,0
163754,Total students enrolled for credit,187,11,176,0,0,0,5,1,4,19,1,18,4,0,4,1,0,1,140,4,136,11,4,7,7,1,6,0,0,0
163754,Undergraduate students,187,11,176,0,0,0,5,1,4,19,1,18,4,0,4,1,0,1,140,4,136,11,4,7,7,1,6,0,0,0
163815,Total students enrolled for credit,119,3,116,0,0,0,0,0,0,48,2,46,8,0,8,0,0,0,57,0,57,0,0,0,6,1,5,0,0,0
163815,Undergraduate students,119,3,116,0,0,0,0,0,0,48,2,46,8,0,8,0,0,0,57,0,57,0,0,0,6,1,5,0,0,0
163851,Total students enrolled for credit,9800,4091,5709,58,25,33,294,125,169,1368,567,801,370,160,210,19,10,9,6824,2828,3996,320,130,190,351,161,190,196,85,111
163851,Undergraduate students,8721,3823,4898,57,24,33,284,120,164,1265,540,725,345,153,192,16,9,7,5997,2621,3376,294,124,170,281,151,130,182,81,101
163851,Graduate student,1079,268,811,1,1,0,10,5,5,103,27,76,25,7,18,3,1,2,827,207,620,26,6,20,70,10,60,14,4,10
163912,Total students enrolled for credit,1779,756,1023,5,3,2,72,26,46,156,82,74,152,66,86,0,0,0,1227,507,720,86,31,55,60,33,27,21,8,13
163912,Undergraduate students,1746,749,997,5,3,2,72,26,46,156,82,74,149,65,84,0,0,0,1198,501,697,86,31,55,60,33,27,20,8,12
163912,Graduate student,33,7,26,0,0,0,0,0,0,0,0,0,3,1,2,0,0,0,29,6,23,0,0,0,0,0,0,1,0,1
163976,Total students enrolled for credit,564,319,245,0,0,0,19,10,9,12,8,4,23,14,9,0,0,0,392,233,159,14,7,7,23,13,10,81,34,47
163976,Undergraduate students,445,245,200,0,0,0,16,8,8,7,3,4,21,12,9,0,0,0,302,180,122,11,5,6,9,5,4,79,32,47
163976,Graduate student,119,74,45,0,0,0,3,2,1,5,5,0,2,2,0,0,0,0,90,53,37,3,2,1,14,8,6,2,2,0
164058,Total students enrolled for credit,746,330,416,0,0,0,20,12,8,502,235,267,162,55,107,1,0,1,36,12,24,8,5,3,17,11,6,0,0,0
164058,Undergraduate students,746,330,416,0,0,0,20,12,8,502,235,267,162,55,107,1,0,1,36,12,24,8,5,3,17,11,6,0,0,0
164076,Total students enrolled for credit,25467,9897,15570,38,12,26,1372,616,756,4689,1671,3018,1661,639,1022,24,11,13,14967,5887,9080,1102,419,683,1020,329,691,594,313,281
164076,Undergraduate students,21615,8837,12778,35,12,23,1204,542,662,4187,1533,2654,1552,614,938,23,11,12,12634,5294,7340,1015,383,632,569,235,334,396,213,183
164076,Graduate student,3852,1060,2792,3,0,3,168,74,94,502,138,364,109,25,84,1,0,1,2333,593,1740,87,36,51,451,94,357,198,100,98
164085,Total students enrolled for credit,1754,181,1573,16,2,14,73,14,59,295,21,274,43,4,39,2,0,2,1102,99,1003,20,2,18,132,27,105,71,12,59
164085,Graduate student,1754,181,1573,16,2,14,73,14,59,295,21,274,43,4,39,2,0,2,1102,99,1003,20,2,18,132,27,105,71,12,59
164155,Total students enrolled for credit,4526,3360,1166,12,7,5,322,219,103,302,233,69,513,381,132,21,16,5,2887,2177,710,357,241,116,54,40,14,58,46,12
164155,Undergraduate students,4526,3360,1166,12,7,5,322,219,103,302,233,69,513,381,132,21,16,5,2887,2177,710,357,241,116,54,40,14,58,46,12
164173,Total students enrolled for credit,4788,1520,3268,6,1,5,155,53,102,1341,372,969,235,79,156,0,0,0,2636,883,1753,217,65,152,166,50,116,32,17,15
164173,Undergraduate students,3989,1324,2665,5,1,4,132,46,86,1086,325,761,210,72,138,0,0,0,2220,766,1454,186,62,124,129,42,87,21,10,11
164173,Graduate student,799,196,603,1,0,1,23,7,16,255,47,208,25,7,18,0,0,0,416,117,299,31,3,28,37,8,29,11,7,4
164216,Total students enrolled for credit,1520,672,848,10,5,5,40,16,24,107,45,62,69,26,43,1,1,0,1019,425,594,16,5,11,76,32,44,182,117,65
164216,Undergraduate students,1520,672,848,10,5,5,40,16,24,107,45,62,69,26,43,1,1,0,1019,425,594,16,5,11,76,32,44,182,117,65
164270,Total students enrolled for credit,3554,1185,2369,8,4,4,112,34,78,464,148,316,170,65,105,4,1,3,2586,853,1733,76,34,42,134,46,88,0,0,0
164270,Undergraduate students,1646,802,844,3,2,1,59,22,37,233,107,126,113,57,56,1,0,1,1115,553,562,62,34,28,60,27,33,0,0,0
164270,Graduate student,1908,383,1525,5,2,3,53,12,41,231,41,190,57,8,49,3,1,2,1471,300,1171,14,0,14,74,19,55,0,0,0
164313,Total students enrolled for credit,4109,1479,2630,11,4,7,95,46,49,1040,312,728,175,70,105,4,1,3,2531,957,1574,163,53,110,72,30,42,18,6,12
164313,Undergraduate students,4109,1479,2630,11,4,7,95,46,49,1040,312,728,175,70,105,4,1,3,2531,957,1574,163,53,110,72,30,42,18,6,12
164368,Total students enrolled for credit,2957,1704,1253,1,1,0,34,20,14,55,26,29,45,21,24,0,0,0,51,30,21,10,9,1,29,16,13,2732,1581,1151
164368,Undergraduate students,518,318,200,0,0,0,3,2,1,1,1,0,3,1,2,0,0,0,0,0,0,0,0,0,3,2,1,508,312,196
164368,Graduate student,2439,1386,1053,1,1,0,31,18,13,54,25,29,42,20,22,0,0,0,51,30,21,10,9,1,26,14,12,2224,1269,955
164438,Total students enrolled for credit,1444,391,1053,11,4,7,47,14,33,202,49,153,156,56,100,8,7,1,708,174,534,11,3,8,299,84,215,2,0,2
164438,Undergraduate students,1107,293,814,9,3,6,28,7,21,143,35,108,129,43,86,8,7,1,551,132,419,10,3,7,228,63,165,1,0,1
164438,Graduate student,337,98,239,2,1,1,19,7,12,59,14,45,27,13,14,0,0,0,157,42,115,1,0,1,71,21,50,1,0,1
164447,Total students enrolled for credit,4053,1151,2902,12,6,6,62,16,46,497,206,291,390,105,285,11,5,6,2399,595,1804,83,22,61,533,164,369,66,32,34
164447,Undergraduate students,1473,585,888,6,4,2,16,4,12,355,153,202,243,82,161,9,4,5,554,210,344,33,10,23,209,91,118,48,27,21
164447,Graduate student,2580,566,2014,6,2,4,46,12,34,142,53,89,147,23,124,2,1,1,1845,385,1460,50,12,38,324,73,251,18,5,13
164465,Total students enrolled for credit,1945,966,979,8,3,5,273,111,162,220,96,124,268,119,149,1,0,1,825,449,376,96,45,51,74,37,37,180,106,74
164465,Undergraduate students,1945,966,979,8,3,5,273,111,162,220,96,124,268,119,149,1,0,1,825,449,376,96,45,51,74,37,37,180,106,74
164474,Total students enrolled for credit,166,73,93,4,2,2,2,1,1,28,14,14,4,4,0,0,0,0,116,45,71,3,1,2,5,3,2,4,3,1
164474,Graduate student,166,73,93,4,2,2,2,1,1,28,14,14,4,4,0,0,0,0,116,45,71,3,1,2,5,3,2,4,3,1
164492,Total students enrolled for credit,1657,725,932,11,4,7,20,3,17,176,79,97,130,48,82,3,1,2,1100,488,612,12,7,5,201,93,108,4,2,2
164492,Undergraduate students,1221,484,737,8,2,6,15,1,14,146,66,80,118,43,75,3,1,2,803,309,494,9,5,4,115,55,60,4,2,2
164492,Graduate student,436,241,195,3,2,1,5,2,3,30,13,17,12,5,7,0,0,0,297,179,118,3,2,1,86,38,48,0,0,0
164535,Total students enrolled for credit,51,7,44,1,0,1,0,0,0,22,4,18,8,0,8,0,0,0,20,3,17,0,0,0,0,0,0,0,0,0
164535,Undergraduate students,51,7,44,1,0,1,0,0,0,22,4,18,8,0,8,0,0,0,20,3,17,0,0,0,0,0,0,0,0,0
164562,Total students enrolled for credit,2913,1111,1802,2,1,1,63,24,39,159,94,65,204,79,125,4,2,2,2024,743,1281,51,26,25,348,110,238,58,32,26
164562,Undergraduate students,2318,927,1391,1,1,0,48,19,29,131,81,50,168,67,101,3,2,1,1604,618,986,45,23,22,270,89,181,48,27,21
164562,Graduate student,595,184,411,1,0,1,15,5,10,28,13,15,36,12,24,1,0,1,420,125,295,6,3,3,78,21,57,10,5,5
164580,Total students enrolled for credit,3726,2126,1600,5,1,4,380,184,196,174,98,76,305,175,130,3,1,2,1459,879,580,72,38,34,315,187,128,1013,563,450
164580,Undergraduate students,2354,1253,1101,3,0,3,282,128,154,117,67,50,241,132,109,2,0,2,897,532,365,52,29,23,129,67,62,631,298,333
164580,Graduate student,1372,873,499,2,1,1,98,56,42,57,31,26,64,43,21,1,1,0,562,347,215,20,9,11,186,120,66,382,265,117
164599,Total students enrolled for credit,73,9,64,0,0,0,5,1,4,1,1,0,2,0,2,0,0,0,63,7,56,2,0,2,0,0,0,0,0,0
164599,Undergraduate students,73,9,64,0,0,0,5,1,4,1,1,0,2,0,2,0,0,0,63,7,56,2,0,2,0,0,0,0,0,0
164614,Total students enrolled for credit,80,44,36,0,0,0,0,0,0,3,2,1,5,5,0,0,0,0,65,34,31,0,0,0,7,3,4,0,0,0
164614,Undergraduate students,80,44,36,0,0,0,0,0,0,3,2,1,5,5,0,0,0,0,65,34,31,0,0,0,7,3,4,0,0,0
164632,Total students enrolled for credit,4109,286,3823,6,1,5,67,6,61,476,40,436,556,14,542,8,0,8,2508,161,2347,115,6,109,325,45,280,48,13,35
164632,Undergraduate students,2270,10,2260,3,0,3,41,0,41,295,0,295,433,1,432,5,0,5,1255,1,1254,64,1,63,162,7,155,12,0,12
164632,Graduate student,1839,276,1563,3,1,2,26,6,20,181,40,141,123,13,110,3,0,3,1253,160,1093,51,5,46,163,38,125,36,13,23
164641,Total students enrolled for credit,1143,332,811,3,1,2,45,19,26,229,62,167,178,40,138,1,1,0,508,148,360,65,17,48,82,23,59,32,21,11
164641,Undergraduate students,1143,332,811,3,1,2,45,19,26,229,62,167,178,40,138,1,1,0,508,148,360,65,17,48,82,23,59,32,21,11
164678,Total students enrolled for credit,165,160,5,0,0,0,4,4,0,57,55,2,18,18,0,0,0,0,79,76,3,0,0,0,7,7,0,0,0,0
164678,Undergraduate students,165,160,5,0,0,0,4,4,0,57,55,2,18,18,0,0,0,0,79,76,3,0,0,0,7,7,0,0,0,0
164720,Total students enrolled for credit,2675,972,1703,10,5,5,55,24,31,238,122,116,277,73,204,4,1,3,1705,618,1087,77,25,52,295,95,200,14,9,5
164720,Undergraduate students,2652,966,1686,10,5,5,55,24,31,235,121,114,276,73,203,4,1,3,1689,614,1075,77,25,52,292,94,198,14,9,5
164720,Graduate student,23,6,17,0,0,0,0,0,0,3,1,2,1,0,1,0,0,0,16,4,12,0,0,0,3,1,2,0,0,0
164739,Total students enrolled for credit,5771,3188,2583,3,1,2,428,208,220,168,88,80,366,215,151,4,1,3,3234,1956,1278,90,43,47,207,99,108,1271,577,694
164739,Undergraduate students,4352,2564,1788,0,0,0,343,169,174,137,75,62,330,197,133,4,1,3,2645,1638,1007,79,38,41,147,80,67,667,366,301
164739,Graduate student,1419,624,795,3,1,2,85,39,46,31,13,18,36,18,18,0,0,0,589,318,271,11,5,6,60,19,41,604,211,393
164748,Total students enrolled for credit,7410,4651,2759,12,6,6,271,148,123,427,275,152,666,407,259,8,6,2,2606,1731,875,232,124,108,977,583,394,2211,1371,840
164748,Undergraduate students,6952,4418,2534,12,6,6,254,139,115,408,264,144,633,391,242,7,5,2,2497,1668,829,224,119,105,868,529,339,2049,1297,752
164748,Graduate student,458,233,225,0,0,0,17,9,8,19,11,8,33,16,17,1,1,0,109,63,46,8,5,3,109,54,55,162,74,88
164775,Total students enrolled for credit,2504,979,1525,12,5,7,41,18,23,187,76,111,202,78,124,4,2,2,1908,750,1158,46,19,27,100,29,71,4,2,2
164775,Undergraduate students,2504,979,1525,12,5,7,41,18,23,187,76,111,202,78,124,4,2,2,1908,750,1158,46,19,27,100,29,71,4,2,2
164845,Total students enrolled for credit,303,18,285,1,0,1,9,1,8,122,5,117,65,6,59,0,0,0,58,6,52,20,0,20,28,0,28,0,0,0
164845,Undergraduate students,303,18,285,1,0,1,9,1,8,122,5,117,65,6,59,0,0,0,58,6,52,20,0,20,28,0,28,0,0,0
164872,Total students enrolled for credit,891,455,436,2,1,1,46,23,23,41,27,14,78,47,31,0,0,0,360,204,156,23,11,12,174,75,99,167,67,100
164872,Undergraduate students,459,252,207,1,0,1,28,11,17,28,19,9,49,32,17,0,0,0,157,103,54,12,9,3,122,52,70,62,26,36
164872,Graduate student,432,203,229,1,1,0,18,12,6,13,8,5,29,15,14,0,0,0,203,101,102,11,2,9,52,23,29,105,41,64
164915,Total students enrolled for credit,173,58,115,0,0,0,10,2,8,5,2,3,13,8,5,0,0,0,113,42,71,0,0,0,9,2,7,23,2,21
164915,Graduate student,173,58,115,0,0,0,10,2,8,5,2,3,13,8,5,0,0,0,113,42,71,0,0,0,9,2,7,23,2,21
164924,Total students enrolled for credit,15649,7099,8550,8,4,4,1248,604,644,599,260,339,1321,547,774,6,2,4,8947,4094,4853,395,158,237,1269,608,661,1856,822,1034
164924,Undergraduate students,10304,4796,5508,5,2,3,952,482,470,395,191,204,970,413,557,3,2,1,6173,2920,3253,296,119,177,627,323,304,883,344,539
164924,Graduate student,5345,2303,3042,3,2,1,296,122,174,204,69,135,351,134,217,3,0,3,2774,1174,1600,99,39,60,642,285,357,973,478,495
164988,Total students enrolled for credit,40807,17061,23746,40,16,24,4428,1818,2610,1681,617,1064,3350,1270,2080,43,16,27,16944,6842,10102,1081,403,678,4126,1808,2318,9114,4271,4843
164988,Undergraduate students,22829,9144,13685,15,8,7,2951,1167,1784,808,268,540,2194,798,1396,28,13,15,9040,3479,5561,749,255,494,2122,935,1187,4922,2221,2701
164988,Graduate student,17978,7917,10061,25,8,17,1477,651,826,873,349,524,1156,472,684,15,3,12,7904,3363,4541,332,148,184,2004,873,1131,4192,2050,2142
165015,Total students enrolled for credit,6325,2733,3592,7,3,4,646,277,369,315,115,200,375,167,208,2,1,1,2846,1245,1601,148,59,89,449,203,246,1537,663,874
165015,Undergraduate students,3869,1630,2239,3,0,3,498,212,286,198,63,135,285,130,155,2,1,1,1766,761,1005,110,43,67,210,90,120,797,330,467
165015,Graduate student,2456,1103,1353,4,3,1,148,65,83,117,52,65,90,37,53,0,0,0,1080,484,596,38,16,22,239,113,126,740,333,407
165024,Total students enrolled for credit,13289,5155,8134,25,12,13,232,96,136,1194,517,677,758,304,454,4,0,4,10027,3785,6242,462,200,262,438,172,266,149,69,80
165024,Undergraduate students,10787,4450,6337,22,11,11,200,92,108,1110,482,628,679,284,395,4,0,4,8077,3268,4809,424,187,237,175,79,96,96,47,49
165024,Graduate student,2502,705,1797,3,1,2,32,4,28,84,35,49,79,20,59,0,0,0,1950,517,1433,38,13,25,263,93,170,53,22,31
165033,Total students enrolled for credit,11069,4174,6895,33,11,22,236,93,143,971,357,614,964,303,661,5,3,2,7640,2937,4703,568,211,357,639,251,388,13,8,5
165033,Undergraduate students,11069,4174,6895,33,11,22,236,93,143,971,357,614,964,303,661,5,3,2,7640,2937,4703,568,211,357,639,251,388,13,8,5
165060,Total students enrolled for credit,261,27,234,1,0,1,3,0,3,36,6,30,5,1,4,1,0,1,192,19,173,7,1,6,16,0,16,0,0,0
165060,Undergraduate students,261,27,234,1,0,1,3,0,3,36,6,30,5,1,4,1,0,1,192,19,173,7,1,6,16,0,16,0,0,0
165112,Total students enrolled for credit,18428,7883,10545,139,61,78,1828,846,982,4631,1937,2694,4242,1609,2633,25,16,9,4264,1945,2319,27,6,21,2231,925,1306,1041,538,503
165112,Undergraduate students,18428,7883,10545,139,61,78,1828,846,982,4631,1937,2694,4242,1609,2633,25,16,9,4264,1945,2319,27,6,21,2231,925,1306,1041,538,503
165167,Total students enrolled for credit,3495,863,2632,9,1,8,79,29,50,785,209,576,920,191,729,5,1,4,1281,276,1005,86,27,59,32,2,30,298,127,171
165167,Undergraduate students,1163,318,845,3,0,3,30,16,14,368,87,281,390,76,314,1,0,1,216,70,146,39,15,24,9,0,9,107,54,53
165167,Graduate student,2332,545,1787,6,1,5,49,13,36,417,122,295,530,115,415,4,1,3,1065,206,859,47,12,35,23,2,21,191,73,118
165194,Total students enrolled for credit,4934,1952,2982,32,12,20,106,45,61,277,87,190,348,121,227,8,4,4,3274,1327,1947,201,94,107,681,261,420,7,1,6
165194,Undergraduate students,4934,1952,2982,32,12,20,106,45,61,277,87,190,348,121,227,8,4,4,3274,1327,1947,201,94,107,681,261,420,7,1,6
165255,Total students enrolled for credit,251,0,251,1,0,1,14,0,14,7,0,7,34,0,34,0,0,0,190,0,190,1,0,1,4,0,4,0,0,0
165255,Undergraduate students,251,0,251,1,0,1,14,0,14,7,0,7,34,0,34,0,0,0,190,0,190,1,0,1,4,0,4,0,0,0
165264,Total students enrolled for credit,1245,123,1122,1,0,1,30,5,25,434,37,397,124,14,110,2,1,1,590,60,530,14,1,13,49,5,44,1,0,1
165264,Undergraduate students,1245,123,1122,1,0,1,30,5,25,434,37,397,124,14,110,2,1,1,590,60,530,14,1,13,49,5,44,1,0,1
165334,Total students enrolled for credit,3524,1427,2097,2,1,1,207,56,151,148,52,96,198,68,130,5,2,3,1749,717,1032,65,22,43,273,117,156,877,392,485
165334,Undergraduate students,2476,966,1510,2,1,1,178,46,132,113,36,77,169,56,113,4,2,2,1371,548,823,56,17,39,214,87,127,369,173,196
165334,Graduate student,1048,461,587,0,0,0,29,10,19,35,16,19,29,12,17,1,0,1,378,169,209,9,5,4,59,30,29,508,219,289
165495,Total students enrolled for credit,14,7,7,0,0,0,0,0,0,0,0,0,0,0,0,0,0,0,12,6,6,0,0,0,0,0,0,2,1,1
165495,Graduate student,14,7,7,0,0,0,0,0,0,0,0,0,0,0,0,0,0,0,12,6,6,0,0,0,0,0,0,2,1,1
165529,Total students enrolled for credit,3415,1352,2063,7,4,3,74,33,41,376,141,235,207,91,116,9,4,5,2229,867,1362,63,29,34,389,132,257,61,51,10
165529,Undergraduate students,3132,1231,1901,5,2,3,72,32,40,335,126,209,197,87,110,8,4,4,2061,791,1270,63,29,34,334,112,222,57,48,9
165529,Graduate student,283,121,162,2,2,0,2,1,1,41,15,26,10,4,6,1,0,1,168,76,92,0,0,0,55,20,35,4,3,1
165556,Total students enrolled for credit,478,101,377,2,0,2,20,7,13,135,36,99,202,29,173,1,0,1,89,22,67,18,4,14,11,3,8,0,0,0
165556,Undergraduate students,478,101,377,2,0,2,20,7,13,135,36,99,202,29,173,1,0,1,89,22,67,18,4,14,11,3,8,0,0,0
165574,Total students enrolled for credit,1568,734,834,6,5,1,16,5,11,222,149,73,112,64,48,5,4,1,698,271,427,59,32,27,356,149,207,94,55,39
165574,Undergraduate students,1568,734,834,6,5,1,16,5,11,222,149,73,112,64,48,5,4,1,698,271,427,59,32,27,356,149,207,94,55,39
165608,Total students enrolled for credit,68,5,63,0,0,0,3,0,3,4,0,4,2,0,2,0,0,0,54,4,50,4,0,4,1,1,0,0,0,0
165608,Undergraduate students,68,5,63,0,0,0,3,0,3,4,0,4,2,0,2,0,0,0,54,4,50,4,0,4,1,1,0,0,0,0
165635,Total students enrolled for credit,284,271,13,1,1,0,14,14,0,62,61,1,75,71,4,0,0,0,124,117,7,7,7,0,1,0,1,0,0,0
165635,Undergraduate students,284,271,13,1,1,0,14,14,0,62,61,1,75,71,4,0,0,0,124,117,7,7,7,0,1,0,1,0,0,0
165644,Total students enrolled for credit,1005,384,621,1,0,1,26,12,14,242,76,166,120,40,80,2,0,2,531,221,310,36,15,21,20,7,13,27,13,14
165644,Undergraduate students,845,338,507,1,0,1,20,8,12,199,70,129,112,36,76,2,0,2,440,192,248,36,15,21,9,4,5,26,13,13
165644,Graduate student,160,46,114,0,0,0,6,4,2,43,6,37,8,4,4,0,0,0,91,29,62,0,0,0,11,3,8,1,0,1
165662,Total students enrolled for credit,4774,1808,2966,5,2,3,197,57,140,157,65,92,488,176,312,5,1,4,3028,1224,1804,197,67,130,206,62,144,491,154,337
165662,Undergraduate students,4088,1649,2439,5,2,3,174,53,121,126,56,70,440,161,279,4,1,3,2681,1150,1531,179,63,116,135,44,91,344,119,225
165662,Graduate student,686,159,527,0,0,0,23,4,19,31,9,22,48,15,33,1,0,1,347,74,273,18,4,14,71,18,53,147,35,112
165671,Total students enrolled for credit,2442,624,1818,3,1,2,99,25,74,137,35,102,229,50,179,2,0,2,1548,401,1147,64,11,53,319,86,233,41,15,26
165671,Undergraduate students,2205,575,1630,3,1,2,89,21,68,103,27,76,206,44,162,2,0,2,1412,377,1035,63,11,52,286,79,207,41,15,26
165671,Graduate student,237,49,188,0,0,0,10,4,6,34,8,26,23,6,17,0,0,0,136,24,112,1,0,1,33,7,26,0,0,0
165699,Total students enrolled for credit,7103,2288,4815,10,5,5,83,26,57,173,78,95,246,90,156,6,2,4,5787,1828,3959,104,37,67,587,162,425,107,60,47
165699,Undergraduate students,3496,1367,2129,8,4,4,40,13,27,104,51,53,174,72,102,4,2,2,2809,1082,1727,63,22,41,216,76,140,78,45,33
165699,Graduate student,3607,921,2686,2,1,1,43,13,30,69,27,42,72,18,54,2,0,2,2978,746,2232,41,15,26,371,86,285,29,15,14
165750,Total students enrolled for credit,100,43,57,0,0,0,1,0,1,13,6,7,20,12,8,0,0,0,66,25,41,0,0,0,0,0,0,0,0,0
165750,Undergraduate students,100,43,57,0,0,0,1,0,1,13,6,7,20,12,8,0,0,0,66,25,41,0,0,0,0,0,0,0,0,0
165802,Total students enrolled for credit,3324,724,2600,4,1,3,25,7,18,293,83,210,220,96,124,3,1,2,746,156,590,45,14,31,1804,230,1574,184,136,48
165802,Undergraduate students,3263,693,2570,3,1,2,23,5,18,286,81,205,210,90,120,3,1,2,730,148,582,44,13,31,1791,224,1567,173,130,43
165802,Graduate student,61,31,30,1,0,1,2,2,0,7,2,5,10,6,4,0,0,0,16,8,8,1,1,0,13,6,7,11,6,5
165820,Total students enrolled for credit,11434,3481,7953,20,6,14,229,77,152,565,257,308,734,259,475,3,2,1,9005,2597,6408,216,75,141,554,149,405,108,59,49
165820,Undergraduate students,4765,2240,2525,8,3,5,115,50,65,445,210,235,530,213,317,1,1,0,3352,1619,1733,152,59,93,141,70,71,21,15,6
165820,Graduate student,6669,1241,5428,12,3,9,114,27,87,120,47,73,204,46,158,2,1,1,5653,978,4675,64,16,48,413,79,334,87,44,43
165866,Total students enrolled for credit,9304,2925,6379,12,5,7,376,123,253,599,264,335,865,284,581,23,9,14,6513,1948,4565,237,89,148,661,196,465,18,7,11
165866,Undergraduate students,5126,2059,3067,10,4,6,185,80,105,514,238,276,595,233,362,1,0,1,3403,1313,2090,182,73,109,218,111,107,18,7,11
165866,Graduate student,4178,866,3312,2,1,1,191,43,148,85,26,59,270,51,219,22,9,13,3110,635,2475,55,16,39,443,85,358,0,0,0
165884,Total students enrolled for credit,934,746,188,5,5,0,65,57,8,331,245,86,267,218,49,8,8,0,177,155,22,27,23,4,54,35,19,0,0,0
165884,Undergraduate students,934,746,188,5,5,0,65,57,8,331,245,86,267,218,49,8,8,0,177,155,22,27,23,4,54,35,19,0,0,0
165936,Total students enrolled for credit,2465,826,1639,4,2,2,108,32,76,107,47,60,159,47,112,3,1,2,1755,577,1178,74,22,52,75,26,49,180,72,108
165936,Undergraduate students,1784,660,1124,2,1,1,87,30,57,92,43,49,128,41,87,3,1,2,1214,447,767,69,22,47,27,9,18,162,66,96
165936,Graduate student,681,166,515,2,1,1,21,2,19,15,4,11,31,6,25,0,0,0,541,130,411,5,0,5,48,17,31,18,6,12
165945,Total students enrolled for credit,2447,1688,759,8,5,3,210,142,68,296,179,117,179,140,39,3,3,0,891,610,281,3,2,1,703,499,204,154,108,46
165945,Graduate student,2447,1688,759,8,5,3,210,142,68,296,179,117,179,140,39,3,3,0,891,610,281,3,2,1,703,499,204,154,108,46
165981,Total students enrolled for credit,2582,1015,1567,11,7,4,94,46,48,86,31,55,198,81,117,5,3,2,1902,724,1178,98,35,63,188,88,100,0,0,0
165981,Undergraduate students,2582,1015,1567,11,7,4,94,46,48,86,31,55,198,81,117,5,3,2,1902,724,1178,98,35,63,188,88,100,0,0,0
166018,Total students enrolled for credit,1382,520,862,2,2,0,34,11,23,76,33,43,144,53,91,1,1,0,901,328,573,97,33,64,53,22,31,74,37,37
166018,Undergraduate students,1382,520,862,2,2,0,34,11,23,76,33,43,144,53,91,1,1,0,901,328,573,97,33,64,53,22,31,74,37,37
166027,Total students enrolled for credit,38934,19734,19200,93,49,44,6691,3201,3490,2078,1015,1063,3572,1779,1793,45,19,26,17479,8980,8499,1438,697,741,1435,773,662,6103,3221,2882
166027,Undergraduate students,13844,6887,6957,41,22,19,2822,1291,1531,859,390,469,1585,753,832,17,6,11,6152,3196,2956,747,355,392,487,262,225,1134,612,522
166027,Graduate student,25090,12847,12243,52,27,25,3869,1910,1959,1219,625,594,1987,1026,961,28,13,15,11327,5784,5543,691,342,349,948,511,437,4969,2609,2360
166045,Total students enrolled for credit,239,76,163,0,0,0,0,0,0,1,0,1,6,4,2,0,0,0,223,69,154,0,0,0,7,3,4,2,0,2
166045,Undergraduate students,55,21,34,0,0,0,0,0,0,0,0,0,0,0,0,0,0,0,55,21,34,0,0,0,0,0,0,0,0,0
166045,Graduate student,184,55,129,0,0,0,0,0,0,1,0,1,6,4,2,0,0,0,168,48,120,0,0,0,7,3,4,2,0,2
166054,Total students enrolled for credit,206,147,59,2,2,0,2,0,2,1,0,1,1,0,1,0,0,0,169,125,44,0,0,0,29,19,10,2,1,1
166054,Undergraduate students,105,61,44,1,1,0,0,0,0,1,0,1,1,0,1,0,0,0,86,52,34,0,0,0,16,8,8,0,0,0
166054,Graduate student,101,86,15,1,1,0,2,0,2,0,0,0,0,0,0,0,0,0,83,73,10,0,0,0,13,11,2,2,1,1
166124,Total students enrolled for credit,2806,1381,1425,3,3,0,141,50,91,122,61,61,283,106,177,2,1,1,1962,1034,928,88,38,50,131,53,78,74,35,39
166124,Undergraduate students,2806,1381,1425,3,3,0,141,50,91,122,61,61,283,106,177,2,1,1,1962,1034,928,88,38,50,131,53,78,74,35,39
166133,Total students enrolled for credit,7650,2879,4771,32,9,23,191,88,103,495,199,296,1892,639,1253,8,6,2,4493,1719,2774,234,94,140,240,92,148,65,33,32
166133,Undergraduate students,7650,2879,4771,32,9,23,191,88,103,495,199,296,1892,639,1253,8,6,2,4493,1719,2774,234,94,140,240,92,148,65,33,32
166391,Total students enrolled for credit,2321,807,1514,1,1,0,46,15,31,157,63,94,189,78,111,1,1,0,1487,462,1025,49,10,39,217,83,134,174,94,80
166391,Undergraduate students,1859,663,1196,1,1,0,38,12,26,104,47,57,167,71,96,1,1,0,1281,402,879,42,9,33,99,44,55,126,76,50
166391,Graduate student,462,144,318,0,0,0,8,3,5,53,16,37,22,7,15,0,0,0,206,60,146,7,1,6,118,39,79,48,18,30
166407,Total students enrolled for credit,420,28,392,0,0,0,15,1,14,35,5,30,39,3,36,2,0,2,233,10,223,20,3,17,69,4,65,7,2,5
166407,Undergraduate students,420,28,392,0,0,0,15,1,14,35,5,30,39,3,36,2,0,2,233,10,223,20,3,17,69,4,65,7,2,5
166452,Total students enrolled for credit,6980,1205,5775,19,4,15,189,36,153,362,69,293,464,91,373,8,1,7,4008,641,3367,166,34,132,1576,292,1284,188,37,151
166452,Undergraduate students,2594,628,1966,4,1,3,111,25,86,163,45,118,282,67,215,5,1,4,1386,309,1077,80,19,61,495,141,354,68,20,48
166452,Graduate student,4386,577,3809,15,3,12,78,11,67,199,24,175,182,24,158,3,0,3,2622,332,2290,86,15,71,1081,151,930,120,17,103
166489,Total students enrolled for credit,267,116,151,0,0,0,14,7,7,9,7,2,11,6,5,0,0,0,115,52,63,0,0,0,5,4,1,113,40,73
166489,Undergraduate students,64,36,28,0,0,0,4,1,3,0,0,0,5,3,2,0,0,0,21,13,8,0,0,0,4,4,0,30,15,15
166489,Graduate student,203,80,123,0,0,0,10,6,4,9,7,2,6,3,3,0,0,0,94,39,55,0,0,0,1,0,1,83,25,58
166498,Total students enrolled for credit,144,6,138,0,0,0,15,1,14,8,0,8,21,2,19,0,0,0,97,2,95,1,0,1,1,1,0,1,0,1
166498,Undergraduate students,144,6,138,0,0,0,15,1,14,8,0,8,21,2,19,0,0,0,97,2,95,1,0,1,1,1,0,1,0,1
166513,Total students enrolled for credit,21724,12946,8778,29,17,12,1887,1106,781,1241,738,503,1929,1033,896,10,4,6,13018,7828,5190,533,302,231,1437,840,597,1640,1078,562
166513,Undergraduate students,16407,10013,6394,26,15,11,1522,901,621,984,598,386,1692,912,780,7,2,5,10072,6293,3779,459,261,198,891,529,362,754,502,252
166513,Graduate student,5317,2933,2384,3,2,1,365,205,160,257,140,117,237,121,116,3,2,1,2946,1535,1411,74,41,33,546,311,235,886,576,310
166586,Total students enrolled for credit,38,8,30,0,0,0,0,0,0,14,4,10,20,4,16,0,0,0,4,0,4,0,0,0,0,0,0,0,0,0
166586,Undergraduate students,38,8,30,0,0,0,0,0,0,14,4,10,20,4,16,0,0,0,4,0,4,0,0,0,0,0,0,0,0,0
166595,Total students enrolled for credit,59,4,55,0,0,0,7,2,5,7,0,7,2,0,2,0,0,0,42,2,40,1,0,1,0,0,0,0,0,0
166595,Undergraduate students,59,4,55,0,0,0,7,2,5,7,0,7,2,0,2,0,0,0,42,2,40,1,0,1,0,0,0,0,0,0
166629,Total students enrolled for credit,34778,17306,17472,43,16,27,3017,1562,1455,1424,661,763,1937,876,1061,19,14,5,21391,10629,10762,883,401,482,2648,1220,1428,3416,1927,1489
166629,Undergraduate students,26735,13460,13275,35,13,22,2531,1303,1228,1090,523,567,1546,705,841,14,11,3,17166,8701,8465,750,349,401,2105,989,1116,1498,866,632
166629,Graduate student,8043,3846,4197,8,3,5,486,259,227,334,138,196,391,171,220,5,3,2,4225,1928,2297,133,52,81,543,231,312,1918,1061,857
166638,Total students enrolled for credit,20882,8980,11902,33,10,23,2076,1000,1076,2856,1046,1810,2406,891,1515,4,1,3,7875,3284,4591,520,194,326,2550,1094,1456,2562,1460,1102
166638,Undergraduate students,15848,7377,8471,28,8,20,1818,913,905,2448,952,1496,2071,794,1277,2,1,1,5276,2503,2773,414,169,245,1948,906,1042,1843,1131,712
166638,Graduate student,5034,1603,3431,5,2,3,258,87,171,408,94,314,335,97,238,2,0,2,2599,781,1818,106,25,81,602,188,414,719,329,390
166647,Total students enrolled for credit,7695,3407,4288,43,22,21,433,207,226,976,428,548,1112,437,675,11,4,7,4191,1888,2303,0,0,0,823,375,448,106,46,60
166647,Undergraduate students,7695,3407,4288,43,22,21,433,207,226,976,428,548,1112,437,675,11,4,7,4191,1888,2303,0,0,0,823,375,448,106,46,60
166656,Total students enrolled for credit,7765,2376,5389,13,5,8,1619,573,1046,545,180,365,392,92,300,8,2,6,3194,853,2341,98,26,72,903,217,686,993,428,565
166656,Undergraduate students,4129,1186,2943,11,5,6,939,326,613,294,77,217,259,53,206,3,1,2,1727,402,1325,65,16,49,281,67,214,550,239,311
166656,Graduate student,3636,1190,2446,2,0,2,680,247,433,251,103,148,133,39,94,5,1,4,1467,451,1016,33,10,23,622,150,472,443,189,254
166674,Total students enrolled for credit,2383,727,1656,5,0,5,167,32,135,91,43,48,212,75,137,4,1,3,1278,387,891,27,5,22,479,155,324,120,29,91
166674,Undergraduate students,2192,666,1526,5,0,5,156,29,127,87,41,46,204,72,132,3,0,3,1188,357,831,27,5,22,442,144,298,80,18,62
166674,Graduate student,191,61,130,0,0,0,11,3,8,4,2,2,8,3,5,1,1,0,90,30,60,0,0,0,37,11,26,40,11,29
166683,Total students enrolled for credit,12144,7463,4681,15,10,5,1964,926,1038,377,248,129,1109,753,356,1,1,0,3886,2337,1549,481,268,213,610,370,240,3701,2550,1151
166683,Undergraduate students,4680,2525,2155,5,4,1,1182,466,716,275,189,86,685,468,217,1,1,0,1602,839,763,303,167,136,82,47,35,545,344,201
166683,Graduate student,7464,4938,2526,10,6,4,782,460,322,102,59,43,424,285,139,0,0,0,2284,1498,786,178,101,77,528,323,205,3156,2206,950
166692,Total students enrolled for credit,1907,1618,289,3,2,1,39,26,13,27,21,6,66,57,9,1,0,1,1563,1346,217,47,40,7,129,109,20,32,17,15
166692,Undergraduate students,1811,1546,265,3,2,1,38,25,13,25,19,6,65,57,8,0,0,0,1506,1303,203,47,40,7,95,83,12,32,17,15
166692,Graduate student,96,72,24,0,0,0,1,1,0,2,2,0,1,0,1,1,0,1,57,43,14,0,0,0,34,26,8,0,0,0
166708,Total students enrolled for credit,1171,471,700,3,1,2,168,81,87,63,14,49,38,16,22,0,0,0,661,251,410,0,0,0,95,36,59,143,72,71
166708,Graduate student,1171,471,700,3,1,2,168,81,87,63,14,49,38,16,22,0,0,0,661,251,410,0,0,0,95,36,59,143,72,71
166717,Total students enrolled for credit,766,183,583,14,5,9,35,7,28,53,11,42,42,11,31,0,0,0,535,126,409,0,0,0,87,23,64,0,0,0
166717,Graduate student,766,183,583,14,5,9,35,7,28,53,11,42,42,11,31,0,0,0,535,126,409,0,0,0,87,23,64,0,0,0
166805,Total students enrolled for credit,102,77,25,0,0,0,4,4,0,26,22,4,7,4,3,0,0,0,64,47,17,0,0,0,1,0,1,0,0,0
166805,Undergraduate students,102,77,25,0,0,0,4,4,0,26,22,4,7,4,3,0,0,0,64,47,17,0,0,0,1,0,1,0,0,0
166823,Total students enrolled for credit,10613,4527,6086,28,13,15,223,99,124,2859,1194,1665,726,286,440,12,10,2,5576,2403,3173,274,117,157,869,381,488,46,24,22
166823,Undergraduate students,10613,4527,6086,28,13,15,223,99,124,2859,1194,1665,726,286,440,12,10,2,5576,2403,3173,274,117,157,869,381,488,46,24,22
166850,Total students enrolled for credit,4683,2112,2571,2,0,2,64,28,36,133,89,44,276,115,161,2,1,1,3215,1401,1814,66,33,33,687,274,413,238,171,67
166850,Undergraduate students,3786,1836,1950,2,0,2,54,25,29,122,84,38,230,103,127,2,1,1,2694,1266,1428,59,32,27,496,233,263,127,92,35
166850,Graduate student,897,276,621,0,0,0,10,3,7,11,5,6,46,12,34,0,0,0,521,135,386,7,1,6,191,41,150,111,79,32
166869,Total students enrolled for credit,2510,434,2076,10,2,8,207,51,156,126,28,98,149,33,116,4,1,3,1533,238,1295,20,2,18,461,79,382,0,0,0
166869,Undergraduate students,1216,184,1032,2,1,1,75,18,57,58,12,46,72,14,58,2,1,1,713,93,620,15,2,13,279,43,236,0,0,0
166869,Graduate student,1294,250,1044,8,1,7,132,33,99,68,16,52,77,19,58,2,0,2,820,145,675,5,0,5,182,36,146,0,0,0
166887,Total students enrolled for credit,12009,4901,7108,23,10,13,1433,587,846,953,429,524,2039,711,1328,6,5,1,7019,2961,4058,254,113,141,92,24,68,190,61,129
166887,Undergraduate students,12009,4901,7108,23,10,13,1433,587,846,953,429,524,2039,711,1328,6,5,1,7019,2961,4058,254,113,141,92,24,68,190,61,129
166911,Total students enrolled for credit,411,108,303,1,0,1,6,2,4,11,6,5,26,11,15,0,0,0,176,45,131,6,2,4,182,41,141,3,1,2
166911,Undergraduate students,411,108,303,1,0,1,6,2,4,11,6,5,26,11,15,0,0,0,176,45,131,6,2,4,182,41,141,3,1,2
166939,Total students enrolled for credit,2599,34,2565,3,0,3,258,1,257,136,0,136,194,2,192,1,0,1,1235,24,1211,82,2,80,38,5,33,652,0,652
166939,Undergraduate students,2393,6,2387,3,0,3,254,0,254,130,0,130,184,0,184,1,0,1,1079,4,1075,78,1,77,23,1,22,641,0,641
166939,Graduate student,206,28,178,0,0,0,4,1,3,6,0,6,10,2,8,0,0,0,156,20,136,4,1,3,15,4,11,11,0,11
166948,Total students enrolled for credit,1497,463,1034,2,2,0,37,7,30,153,76,77,167,47,120,2,0,2,927,233,694,60,21,39,62,22,40,87,55,32
166948,Undergraduate students,1456,450,1006,2,2,0,35,6,29,148,76,72,161,44,117,2,0,2,905,226,679,58,20,38,61,22,39,84,54,30
166948,Graduate student,41,13,28,0,0,0,2,1,1,5,0,5,6,3,3,0,0,0,22,7,15,2,1,1,1,0,1,3,1,2
166957,Total students enrolled for credit,5315,1863,3452,21,6,15,135,65,70,405,166,239,845,244,601,6,3,3,3597,1264,2333,144,55,89,151,53,98,11,7,4
166957,Undergraduate students,5315,1863,3452,21,6,15,135,65,70,405,166,239,845,244,601,6,3,3,3597,1264,2333,144,55,89,151,53,98,11,7,4
167039,Total students enrolled for credit,36,1,35,0,0,0,0,0,0,3,0,3,6,0,6,0,0,0,27,1,26,0,0,0,0,0,0,0,0,0
167039,Undergraduate students,36,1,35,0,0,0,0,0,0,3,0,3,6,0,6,0,0,0,27,1,26,0,0,0,0,0,0,0,0,0
167057,Total students enrolled for credit,891,489,402,0,0,0,74,29,45,19,13,6,39,27,12,0,0,0,320,206,114,39,25,14,51,36,15,349,153,196
167057,Undergraduate students,441,256,185,0,0,0,35,10,25,14,9,5,19,15,4,0,0,0,165,107,58,26,18,8,22,13,9,160,84,76
167057,Graduate student,450,233,217,0,0,0,39,19,20,5,4,1,20,12,8,0,0,0,155,99,56,13,7,6,29,23,6,189,69,120
167093,Total students enrolled for credit,563,164,399,0,0,0,141,36,105,7,2,5,13,8,5,0,0,0,235,83,152,12,2,10,6,1,5,149,32,117
167093,Graduate student,563,164,399,0,0,0,141,36,105,7,2,5,13,8,5,0,0,0,235,83,152,12,2,10,6,1,5,149,32,117
167215,Total students enrolled for credit,622,267,355,0,0,0,31,14,17,52,17,35,70,23,47,0,0,0,409,188,221,21,5,16,25,16,9,14,4,10
167215,Graduate student,622,267,355,0,0,0,31,14,17,52,17,35,70,23,47,0,0,0,409,188,221,21,5,16,25,16,9,14,4,10
167224,Total students enrolled for credit,79,29,50,0,0,0,8,4,4,2,0,2,13,4,9,0,0,0,55,20,35,0,0,0,1,1,0,0,0,0
167224,Undergraduate students,79,29,50,0,0,0,8,4,4,2,0,2,13,4,9,0,0,0,55,20,35,0,0,0,1,1,0,0,0,0
167251,Total students enrolled for credit,815,340,475,2,1,1,57,27,30,287,122,165,129,55,74,0,0,0,289,106,183,27,14,13,0,0,0,24,15,9
167251,Undergraduate students,815,340,475,2,1,1,57,27,30,287,122,165,129,55,74,0,0,0,289,106,183,27,14,13,0,0,0,24,15,9
167260,Total students enrolled for credit,1733,988,745,1,0,1,22,9,13,125,89,36,113,53,60,0,0,0,1393,788,605,54,30,24,3,1,2,22,18,4
167260,Undergraduate students,1391,823,568,0,0,0,17,8,9,104,75,29,93,45,48,0,0,0,1108,650,458,48,28,20,2,1,1,19,16,3
167260,Graduate student,342,165,177,1,0,1,5,1,4,21,14,7,20,8,12,0,0,0,285,138,147,6,2,4,1,0,1,3,2,1
167288,Total students enrolled for credit,2249,838,1411,8,3,5,35,12,23,152,59,93,116,36,80,0,0,0,1452,541,911,40,15,25,437,171,266,9,1,8
167288,Undergraduate students,1822,713,1109,7,3,4,32,10,22,142,56,86,113,35,78,0,0,0,1167,452,715,35,13,22,317,143,174,9,1,8
167288,Graduate student,427,125,302,1,0,1,3,2,1,10,3,7,3,1,2,0,0,0,285,89,196,5,2,3,120,28,92,0,0,0
167297,Total students enrolled for credit,169,127,42,1,1,0,10,8,2,13,12,1,8,7,1,0,0,0,134,97,37,1,1,0,1,1,0,1,0,1
167297,Undergraduate students,169,127,42,1,1,0,10,8,2,13,12,1,8,7,1,0,0,0,134,97,37,1,1,0,1,1,0,1,0,1
167312,Total students enrolled for credit,8852,3348,5504,17,7,10,395,168,227,823,317,506,1972,666,1306,9,1,8,5221,2044,3177,232,90,142,176,50,126,7,5,2
167312,Undergraduate students,8852,3348,5504,17,7,10,395,168,227,823,317,506,1972,666,1306,9,1,8,5221,2044,3177,232,90,142,176,50,126,7,5,2
167321,Total students enrolled for credit,125,88,37,0,0,0,8,6,2,25,18,7,21,14,7,0,0,0,45,32,13,3,1,2,17,13,4,6,4,2
167321,Undergraduate students,125,88,37,0,0,0,8,6,2,25,18,7,21,14,7,0,0,0,45,32,13,3,1,2,17,13,4,6,4,2
167358,Total students enrolled for credit,27486,13974,13512,18,9,9,2715,1227,1488,856,353,503,1645,750,895,5,0,5,11393,5643,5750,880,375,505,1547,728,819,8427,4889,3538
167358,Undergraduate students,18760,9229,9531,11,5,6,2273,1027,1246,681,282,399,1369,643,726,2,0,2,8869,4506,4363,779,338,441,1021,513,508,3755,1915,1840
167358,Graduate student,8726,4745,3981,7,4,3,442,200,242,175,71,104,276,107,169,3,0,3,2524,1137,1387,101,37,64,526,215,311,4672,2974,1698
167376,Total students enrolled for credit,7698,3028,4670,13,7,6,169,71,98,328,140,188,2890,989,1901,26,13,13,3617,1553,2064,86,32,54,535,211,324,34,12,22
167376,Undergraduate students,7698,3028,4670,13,7,6,169,71,98,328,140,188,2890,989,1901,26,13,13,3617,1553,2064,86,32,54,535,211,324,34,12,22
167394,Total students enrolled for credit,1940,519,1421,4,0,4,51,10,41,125,53,72,180,44,136,0,0,0,968,210,758,0,0,0,593,192,401,19,10,9
167394,Undergraduate students,1385,402,983,3,0,3,24,7,17,99,45,54,148,37,111,0,0,0,700,154,546,0,0,0,396,150,246,15,9,6
167394,Graduate student,555,117,438,1,0,1,27,3,24,26,8,18,32,7,25,0,0,0,268,56,212,0,0,0,197,42,155,4,1,3
167455,Total students enrolled for credit,543,257,286,3,1,2,8,3,5,133,62,71,51,19,32,0,0,0,50,8,42,27,4,23,52,18,34,219,142,77
167455,Undergraduate students,508,247,261,3,1,2,8,3,5,129,60,69,51,19,32,0,0,0,21,1,20,27,4,23,50,17,33,219,142,77
167455,Graduate student,35,10,25,0,0,0,0,0,0,4,2,2,0,0,0,0,0,0,29,7,22,0,0,0,2,1,1,0,0,0
167464,Total students enrolled for credit,61,61,0,1,1,0,5,5,0,4,4,0,6,6,0,0,0,0,45,45,0,0,0,0,0,0,0,0,0,0
167464,Graduate student,61,61,0,1,1,0,5,5,0,4,4,0,6,6,0,0,0,0,45,45,0,0,0,0,0,0,0,0,0,0
167525,Total students enrolled for credit,7755,2510,5245,12,4,8,523,225,298,2016,545,1471,503,122,381,13,3,10,3798,1281,2517,106,42,64,335,83,252,449,205,244
167525,Undergraduate students,7755,2510,5245,12,4,8,523,225,298,2016,545,1471,503,122,381,13,3,10,3798,1281,2517,106,42,64,335,83,252,449,205,244
167534,Total students enrolled for credit,10602,4528,6074,36,9,27,551,274,277,1340,588,752,1797,679,1118,9,4,5,6070,2621,3449,238,94,144,511,232,279,50,27,23
167534,Undergraduate students,10602,4528,6074,36,9,27,551,274,277,1340,588,752,1797,679,1118,9,4,5,6070,2621,3449,238,94,144,511,232,279,50,27,23
167598,Total students enrolled for credit,2192,381,1811,0,0,0,107,13,94,317,61,256,170,36,134,2,0,2,1102,196,906,24,4,20,454,61,393,16,10,6
167598,Undergraduate students,1344,243,1101,0,0,0,57,9,48,221,46,175,151,33,118,1,0,1,653,123,530,15,2,13,231,21,210,15,9,6
167598,Graduate student,848,138,710,0,0,0,50,4,46,96,15,81,19,3,16,1,0,1,449,73,376,9,2,7,223,40,183,1,1,0
167631,Total students enrolled for credit,2878,897,1981,21,6,15,52,18,34,1856,564,1292,454,127,327,6,2,4,202,74,128,48,18,30,180,52,128,59,36,23
167631,Undergraduate students,2878,897,1981,21,6,15,52,18,34,1856,564,1292,454,127,327,6,2,4,202,74,128,48,18,30,180,52,128,59,36,23
167677,Total students enrolled for credit,210,154,56,0,0,0,8,6,2,3,2,1,10,9,1,0,0,0,159,107,52,2,2,0,0,0,0,28,28,0
167677,Undergraduate students,45,45,0,0,0,0,0,0,0,0,0,0,6,6,0,0,0,0,27,27,0,0,0,0,0,0,0,12,12,0
167677,Graduate student,165,109,56,0,0,0,8,6,2,3,2,1,4,3,1,0,0,0,132,80,52,2,2,0,0,0,0,16,16,0
167729,Total students enrolled for credit,11057,3969,7088,24,5,19,358,119,239,938,339,599,1394,453,941,2,0,2,7274,2643,4631,257,91,166,464,160,304,346,159,187
167729,Undergraduate students,8853,3419,5434,17,4,13,315,107,208,836,305,531,1231,420,811,2,0,2,5677,2243,3434,224,85,139,287,125,162,264,130,134
167729,Graduate student,2204,550,1654,7,1,6,43,12,31,102,34,68,163,33,130,0,0,0,1597,400,1197,33,6,27,177,35,142,82,29,53
167738,Total students enrolled for credit,289,49,240,0,0,0,8,2,6,29,10,19,103,16,87,0,0,0,109,16,93,2,0,2,36,4,32,2,1,1
167738,Undergraduate students,289,49,240,0,0,0,8,2,6,29,10,19,103,16,87,0,0,0,109,16,93,2,0,2,36,4,32,2,1,1
167783,Total students enrolled for credit,8055,737,7318,20,2,18,377,33,344,718,53,665,513,57,456,18,2,16,5119,449,4670,258,21,237,882,113,769,150,7,143
167783,Undergraduate students,1825,14,1811,2,0,2,166,1,165,132,0,132,126,1,125,1,0,1,1180,7,1173,79,0,79,61,5,56,78,0,78
167783,Graduate student,6230,723,5507,18,2,16,211,32,179,586,53,533,387,56,331,17,2,15,3939,442,3497,179,21,158,821,108,713,72,7,65
167792,Total students enrolled for credit,402,161,241,2,0,2,40,20,20,17,3,14,12,6,6,0,0,0,224,84,140,16,6,10,37,16,21,54,26,28
167792,Undergraduate students,402,161,241,2,0,2,40,20,20,17,3,14,12,6,6,0,0,0,224,84,140,16,6,10,37,16,21,54,26,28
167835,Total students enrolled for credit,3221,102,3119,5,1,4,333,5,328,195,2,193,314,8,306,5,0,5,1569,66,1503,146,0,146,265,14,251,389,6,383
167835,Undergraduate students,2594,4,2590,2,0,2,300,0,300,155,0,155,260,0,260,4,0,4,1179,0,1179,120,0,120,208,4,204,366,0,366
167835,Graduate student,627,98,529,3,1,2,33,5,28,40,2,38,54,8,46,1,0,1,390,66,324,26,0,26,57,10,47,23,6,17
167871,Total students enrolled for credit,139,26,113,0,0,0,2,0,2,19,8,11,6,0,6,0,0,0,104,16,88,8,2,6,0,0,0,0,0,0
167871,Undergraduate students,139,26,113,0,0,0,2,0,2,19,8,11,6,0,6,0,0,0,104,16,88,8,2,6,0,0,0,0,0,0
167899,Total students enrolled for credit,3290,1425,1865,7,4,3,46,17,29,250,110,140,238,107,131,5,3,2,2495,1037,1458,61,31,30,88,34,54,100,82,18
167899,Undergraduate students,2158,1096,1062,6,4,2,24,10,14,118,73,45,156,94,62,3,3,0,1719,811,908,39,24,15,28,16,12,65,61,4
167899,Graduate student,1132,329,803,1,0,1,22,7,15,132,37,95,82,13,69,2,0,2,776,226,550,22,7,15,60,18,42,35,21,14
167905,Total students enrolled for credit,7713,3268,4445,26,12,14,271,148,123,1275,495,780,2078,769,1309,5,1,4,3626,1665,1961,198,78,120,177,83,94,57,17,40
167905,Undergraduate students,7713,3268,4445,26,12,14,271,148,123,1275,495,780,2078,769,1309,5,1,4,3626,1665,1961,198,78,120,177,83,94,57,17,40
167987,Total students enrolled for credit,9997,4959,5038,18,10,8,344,158,186,1209,520,689,781,362,419,2,2,0,5742,2936,2806,319,151,168,890,385,505,692,435,257
167987,Undergraduate students,8029,4035,3994,15,9,6,277,128,149,1127,486,641,689,331,358,1,1,0,4653,2461,2192,276,139,137,783,348,435,208,132,76
167987,Graduate student,1968,924,1044,3,1,2,67,30,37,82,34,48,92,31,61,1,1,0,1089,475,614,43,12,31,107,37,70,484,303,181
167996,Total students enrolled for credit,2536,1020,1516,1,1,0,53,16,37,118,63,55,127,55,72,1,0,1,2089,822,1267,56,25,31,69,26,43,22,12,10
167996,Undergraduate students,2536,1020,1516,1,1,0,53,16,37,118,63,55,127,55,72,1,0,1,2089,822,1267,56,25,31,69,26,43,22,12,10
168005,Total students enrolled for credit,8262,3709,4553,7,4,3,593,224,369,540,207,333,842,328,514,4,2,2,4003,1756,2247,156,57,99,485,204,281,1632,927,705
168005,Undergraduate students,5692,2649,3043,6,3,3,460,175,285,340,130,210,625,259,366,4,2,2,2434,1067,1367,111,37,74,364,152,212,1348,824,524
168005,Graduate student,2570,1060,1510,1,1,0,133,49,84,200,77,123,217,69,148,0,0,0,1569,689,880,45,20,25,121,52,69,284,103,181
168032,Total students enrolled for credit,48,5,43,0,0,0,1,0,1,3,0,3,2,0,2,0,0,0,41,5,36,1,0,1,0,0,0,0,0,0
168032,Undergraduate students,48,5,43,0,0,0,1,0,1,3,0,3,2,0,2,0,0,0,41,5,36,1,0,1,0,0,0,0,0,0
168148,Total students enrolled for credit,12802,5608,7194,4,3,1,1623,679,944,483,188,295,777,332,445,3,2,1,6941,3113,3828,495,192,303,893,363,530,1583,736,847
168148,Undergraduate students,5960,2915,3045,0,0,0,682,292,390,238,119,119,383,188,195,0,0,0,3328,1717,1611,275,118,157,404,176,228,650,305,345
168148,Graduate student,6842,2693,4149,4,3,1,941,387,554,245,69,176,394,144,250,3,2,1,3613,1396,2217,220,74,146,489,187,302,933,431,502
168218,Total students enrolled for credit,2688,97,2591,2,0,2,537,1,536,136,0,136,275,0,275,0,0,0,918,2,916,145,0,145,343,89,254,332,5,327
168218,Undergraduate students,2688,97,2591,2,0,2,537,1,536,136,0,136,275,0,275,0,0,0,918,2,916,145,0,145,343,89,254,332,5,327
168227,Total students enrolled for credit,4778,3798,980,9,8,1,323,250,73,227,168,59,153,123,30,1,0,1,2980,2425,555,284,227,57,438,314,124,363,283,80
168227,Undergraduate students,4543,3636,907,8,7,1,311,244,67,205,155,50,145,116,29,1,0,1,2821,2308,513,273,222,51,424,304,120,355,280,75
168227,Graduate student,235,162,73,1,1,0,12,6,6,22,13,9,8,7,1,0,0,0,159,117,42,11,5,6,14,10,4,8,3,5
168254,Total students enrolled for credit,4201,2352,1849,15,8,7,143,63,80,251,139,112,291,151,140,4,3,1,2840,1612,1228,44,27,17,399,182,217,214,167,47
168254,Undergraduate students,2785,1732,1053,8,4,4,86,43,43,169,105,64,227,128,99,4,3,1,2004,1252,752,41,24,17,136,81,55,110,92,18
168254,Graduate student,1416,620,796,7,4,3,57,20,37,82,34,48,64,23,41,0,0,0,836,360,476,3,3,0,263,101,162,104,75,29
168263,Total students enrolled for credit,8017,3458,4559,14,7,7,113,50,63,356,169,187,702,289,413,5,2,3,5394,2390,3004,295,132,163,1092,393,699,46,26,20
168263,Undergraduate students,6487,3013,3474,11,5,6,107,46,61,322,157,165,629,267,362,5,2,3,4583,2128,2455,283,130,153,505,254,251,42,24,18
168263,Graduate student,1530,445,1085,3,2,1,6,4,2,34,12,22,73,22,51,0,0,0,811,262,549,12,2,10,587,139,448,4,2,2
168281,Total students enrolled for credit,1695,651,1044,1,0,1,84,26,58,100,40,60,122,38,84,2,0,2,1093,428,665,57,26,31,31,13,18,205,80,125
168281,Undergraduate students,1695,651,1044,1,0,1,84,26,58,100,40,60,122,38,84,2,0,2,1093,428,665,57,26,31,31,13,18,205,80,125
168290,Total students enrolled for credit,1333,205,1128,1,0,1,41,6,35,152,34,118,132,18,114,1,0,1,675,75,600,37,6,31,272,57,215,22,9,13
168290,Undergraduate students,810,160,650,0,0,0,29,4,25,105,31,74,100,15,85,1,0,1,403,57,346,29,6,23,125,38,87,18,9,9
168290,Graduate student,523,45,478,1,0,1,12,2,10,47,3,44,32,3,29,0,0,0,272,18,254,8,0,8,147,19,128,4,0,4
168342,Total students enrolled for credit,2284,1158,1126,2,0,2,268,132,136,158,86,72,270,108,162,0,0,0,1220,654,566,131,52,79,8,8,0,227,118,109
168342,Undergraduate students,2227,1135,1092,2,0,2,268,132,136,157,85,72,268,108,160,0,0,0,1198,648,550,131,52,79,8,8,0,195,102,93
168342,Graduate student,57,23,34,0,0,0,0,0,0,1,1,0,2,0,2,0,0,0,22,6,16,0,0,0,0,0,0,32,16,16
168421,Total students enrolled for credit,7288,4972,2316,19,13,6,332,227,105,195,140,55,497,300,197,1,1,0,3991,2768,1223,153,93,60,620,443,177,1480,987,493
168421,Undergraduate students,4654,3119,1535,16,12,4,187,123,64,121,80,41,397,220,177,0,0,0,2754,1851,903,118,70,48,558,394,164,503,369,134
168421,Graduate student,2634,1853,781,3,1,2,145,104,41,74,60,14,100,80,20,1,1,0,1237,917,320,35,23,12,62,49,13,977,618,359
168430,Total students enrolled for credit,10679,3487,7192,65,23,42,349,150,199,602,286,316,756,272,484,5,3,2,7614,2281,5333,203,72,131,997,364,633,88,36,52
168430,Undergraduate students,6597,2736,3861,31,18,13,286,140,146,532,262,270,647,253,394,4,3,1,4271,1688,2583,166,66,100,591,277,314,69,29,40
168430,Graduate student,4082,751,3331,34,5,29,63,10,53,70,24,46,109,19,90,1,0,1,3343,593,2750,37,6,31,406,87,319,19,7,12
168528,Total students enrolled for credit,1768,911,857,4,2,2,8,5,3,117,83,34,94,48,46,1,0,1,1203,578,625,63,31,32,278,164,114,0,0,0
168528,Undergraduate students,1719,883,836,4,2,2,8,5,3,115,81,34,92,47,45,1,0,1,1161,555,606,61,30,31,277,163,114,0,0,0
168528,Graduate student,49,28,21,0,0,0,0,0,0,2,2,0,2,1,1,0,0,0,42,23,19,2,1,1,1,1,0,0,0,0
168546,Total students enrolled for credit,1476,702,774,4,4,0,39,15,24,133,76,57,95,34,61,1,1,0,1004,482,522,37,16,21,124,61,63,39,13,26
168546,Undergraduate students,1476,702,774,4,4,0,39,15,24,133,76,57,95,34,61,1,1,0,1004,482,522,37,16,21,124,61,63,39,13,26
168555,Total students enrolled for credit,34,1,33,0,0,0,0,0,0,0,0,0,0,0,0,0,0,0,34,1,33,0,0,0,0,0,0,0,0,0
168555,Undergraduate students,34,1,33,0,0,0,0,0,0,0,0,0,0,0,0,0,0,0,34,1,33,0,0,0,0,0,0,0,0,0
168573,Total students enrolled for credit,817,800,17,0,0,0,1,1,0,392,382,10,5,5,0,0,0,0,336,329,7,0,0,0,83,83,0,0,0,0
168573,Undergraduate students,817,800,17,0,0,0,1,1,0,392,382,10,5,5,0,0,0,0,336,329,7,0,0,0,83,83,0,0,0,0
168591,Total students enrolled for credit,1484,627,857,4,3,1,23,10,13,56,36,20,72,38,34,1,0,1,1137,463,674,36,14,22,133,55,78,22,8,14
168591,Undergraduate students,1484,627,857,4,3,1,23,10,13,56,36,20,72,38,34,1,0,1,1137,463,674,36,14,22,133,55,78,22,8,14
168607,Total students enrolled for credit,2279,1154,1125,23,13,10,11,4,7,27,18,9,32,14,18,2,0,2,2150,1086,1064,0,0,0,34,19,15,0,0,0
168607,Undergraduate students,2279,1154,1125,23,13,10,11,4,7,27,18,9,32,14,18,2,0,2,2150,1086,1064,0,0,0,34,19,15,0,0,0
168740,Total students enrolled for credit,4567,2515,2052,12,6,6,511,291,220,906,490,416,798,456,342,19,12,7,1430,753,677,103,47,56,127,46,81,661,414,247
168740,Undergraduate students,2250,1000,1250,4,2,2,351,185,166,382,163,219,364,144,220,10,5,5,702,300,402,83,36,47,62,19,43,292,146,146
168740,Graduate student,2317,1515,802,8,4,4,160,106,54,524,327,197,434,312,122,9,7,2,728,453,275,20,11,9,65,27,38,369,268,101
168786,Total students enrolled for credit,1975,740,1235,7,1,6,27,15,12,68,33,35,120,44,76,0,0,0,1517,545,972,43,15,28,159,73,86,34,14,20
168786,Undergraduate students,1793,706,1087,7,1,6,25,15,10,62,32,30,107,42,65,0,0,0,1369,518,851,42,15,27,148,69,79,33,14,19
168786,Graduate student,182,34,148,0,0,0,2,0,2,6,1,5,13,2,11,0,0,0,148,27,121,1,0,1,11,4,7,1,0,1
168847,Total students enrolled for credit,24536,8410,16126,146,39,107,334,140,194,3387,943,2444,987,341,646,72,28,44,19176,6706,12470,126,45,81,308,168,140,0,0,0
168847,Undergraduate students,23870,8196,15674,146,39,107,324,136,188,3293,923,2370,974,337,637,70,27,43,18658,6540,12118,118,37,81,287,157,130,0,0,0
168847,Graduate student,666,214,452,0,0,0,10,4,6,94,20,74,13,4,9,2,1,1,518,166,352,8,8,0,21,11,10,0,0,0
168883,Total students enrolled for credit,2247,845,1402,69,23,46,16,6,10,8,4,4,54,16,38,3,2,1,1983,758,1225,97,29,68,17,7,10,0,0,0
168883,Undergraduate students,2247,845,1402,69,23,46,16,6,10,8,4,4,54,16,38,3,2,1,1983,758,1225,97,29,68,17,7,10,0,0,0
168892,Total students enrolled for credit,121,4,117,0,0,0,0,0,0,8,0,8,5,0,5,1,0,1,101,4,97,6,0,6,0,0,0,0,0,0
168892,Undergraduate students,121,4,117,0,0,0,0,0,0,8,0,8,5,0,5,1,0,1,101,4,97,6,0,6,0,0,0,0,0,0
169071,Total students enrolled for credit,28,0,28,0,0,0,0,0,0,0,0,0,0,0,0,0,0,0,26,0,26,1,0,1,1,0,1,0,0,0
169071,Undergraduate students,28,0,28,0,0,0,0,0,0,0,0,0,0,0,0,0,0,0,26,0,26,1,0,1,1,0,1,0,0,0
169080,Total students enrolled for credit,4449,1995,2454,9,2,7,202,88,114,151,59,92,219,87,132,1,1,0,3186,1435,1751,142,67,75,103,51,52,436,205,231
169080,Undergraduate students,4232,1939,2293,8,2,6,199,88,111,146,58,88,209,85,124,0,0,0,3026,1395,1631,137,66,71,93,49,44,414,196,218
169080,Graduate student,217,56,161,1,0,1,3,0,3,5,1,4,10,2,8,1,1,0,160,40,120,5,1,4,10,2,8,22,9,13
169099,Total students enrolled for credit,386,282,104,0,0,0,24,17,7,5,4,1,7,7,0,0,0,0,125,99,26,2,2,0,92,47,45,131,106,25
169099,Graduate student,386,282,104,0,0,0,24,17,7,5,4,1,7,7,0,0,0,0,125,99,26,2,2,0,92,47,45,131,106,25
169187,Total students enrolled for credit,234,42,192,0,0,0,6,2,4,25,0,25,5,1,4,0,0,0,198,39,159,0,0,0,0,0,0,0,0,0
169187,Undergraduate students,234,42,192,0,0,0,6,2,4,25,0,25,5,1,4,0,0,0,198,39,159,0,0,0,0,0,0,0,0,0
169220,Total students enrolled for credit,185,39,146,0,0,0,5,3,2,36,4,32,5,1,4,0,0,0,130,29,101,8,2,6,0,0,0,1,0,1
169220,Graduate student,185,39,146,0,0,0,5,3,2,36,4,32,5,1,4,0,0,0,130,29,101,8,2,6,0,0,0,1,0,1
169248,Total students enrolled for credit,28486,12142,16344,236,82,154,421,190,231,3241,1183,2058,1225,546,679,23,11,12,20262,8701,11561,868,337,531,698,302,396,1512,790,722
169248,Undergraduate students,20786,9044,11742,176,69,107,236,94,142,1770,713,1057,909,396,513,14,6,8,15807,6897,8910,697,286,411,407,194,213,770,389,381
169248,Graduate student,7700,3098,4602,60,13,47,185,96,89,1471,470,1001,316,150,166,9,5,4,4455,1804,2651,171,51,120,291,108,183,742,401,341
169275,Total students enrolled for credit,10769,4550,6219,62,23,39,74,33,41,1865,708,1157,469,180,289,12,5,7,7207,3123,4084,448,183,265,575,259,316,57,36,21
169275,Undergraduate students,10769,4550,6219,62,23,39,74,33,41,1865,708,1157,469,180,289,12,5,7,7207,3123,4084,448,183,265,575,259,316,57,36,21
169284,Total students enrolled for credit,416,18,398,5,1,4,7,0,7,78,4,74,29,4,25,0,0,0,243,6,237,23,0,23,31,3,28,0,0,0
169284,Undergraduate students,416,18,398,5,1,4,7,0,7,78,4,74,29,4,25,0,0,0,243,6,237,23,0,23,31,3,28,0,0,0
169327,Total students enrolled for credit,734,357,377,5,2,3,24,11,13,47,17,30,12,10,2,0,0,0,506,231,275,0,0,0,78,47,31,62,39,23
169327,Undergraduate students,573,285,288,4,1,3,9,3,6,37,13,24,12,10,2,0,0,0,429,204,225,0,0,0,70,42,28,12,12,0
169327,Graduate student,161,72,89,1,1,0,15,8,7,10,4,6,0,0,0,0,0,0,77,27,50,0,0,0,8,5,3,50,27,23
169363,Total students enrolled for credit,1231,504,727,6,3,3,15,3,12,104,59,45,18,10,8,1,0,1,945,364,581,53,30,23,71,21,50,18,14,4
169363,Undergraduate students,900,404,496,6,3,3,10,2,8,85,51,34,17,10,7,1,0,1,686,288,398,46,27,19,42,18,24,7,5,2
169363,Graduate student,331,100,231,0,0,0,5,1,4,19,8,11,1,0,1,0,0,0,259,76,183,7,3,4,29,3,26,11,9,2
169424,Total students enrolled for credit,140,41,99,0,0,0,14,2,12,6,3,3,10,3,7,1,1,0,73,21,52,3,2,1,8,5,3,25,4,21
169424,Graduate student,140,41,99,0,0,0,14,2,12,6,3,3,10,3,7,1,1,0,73,21,52,3,2,1,8,5,3,25,4,21
169442,Total students enrolled for credit,1506,710,796,1,0,1,80,39,41,139,77,62,58,30,28,5,5,0,836,362,474,63,21,42,168,62,106,156,114,42
169442,Undergraduate students,1448,681,767,1,0,1,78,37,41,139,77,62,57,29,28,5,5,0,828,360,468,62,21,41,167,61,106,111,91,20
169442,Graduate student,58,29,29,0,0,0,2,2,0,0,0,0,1,1,0,0,0,0,8,2,6,1,0,1,1,1,0,45,23,22
169479,Total students enrolled for credit,9629,4010,5619,57,24,33,366,178,188,1406,455,951,341,123,218,12,6,6,5865,2506,3359,278,122,156,994,425,569,310,171,139
169479,Undergraduate students,7412,3093,4319,49,20,29,170,77,93,954,320,634,224,74,150,9,3,6,4773,2045,2728,226,98,128,848,365,483,159,91,68
169479,Graduate student,2217,917,1300,8,4,4,196,101,95,452,135,317,117,49,68,3,3,0,1092,461,631,52,24,28,146,60,86,151,80,71
169503,Total students enrolled for credit,359,14,345,2,0,2,3,0,3,166,6,160,15,2,13,0,0,0,162,6,156,7,0,7,4,0,4,0,0,0
169503,Undergraduate students,359,14,345,2,0,2,3,0,3,166,6,160,15,2,13,0,0,0,162,6,156,7,0,7,4,0,4,0,0,0
169521,Total students enrolled for credit,12428,5549,6879,61,25,36,95,51,44,1007,359,648,794,356,438,6,2,4,9622,4321,5301,245,111,134,468,230,238,130,94,36
169521,Undergraduate students,12428,5549,6879,61,25,36,95,51,44,1007,359,648,794,356,438,6,2,4,9622,4321,5301,245,111,134,468,230,238,130,94,36
169576,Total students enrolled for credit,97,6,91,1,0,1,5,1,4,61,4,57,3,0,3,1,0,1,24,1,23,0,0,0,2,0,2,0,0,0
169576,Undergraduate students,97,6,91,1,0,1,5,1,4,61,4,57,3,0,3,1,0,1,24,1,23,0,0,0,2,0,2,0,0,0
169628,Total students enrolled for credit,917,448,469,9,1,8,31,15,16,61,26,35,40,16,24,1,0,1,569,287,282,37,20,17,54,24,30,115,59,56
169628,Graduate student,917,448,469,9,1,8,31,15,16,61,26,35,40,16,24,1,0,1,569,287,282,37,20,17,54,24,30,115,59,56
169655,Total students enrolled for credit,1200,1127,73,5,5,0,19,18,1,235,218,17,140,135,5,1,1,0,665,629,36,55,50,5,80,71,9,0,0,0
169655,Undergraduate students,1200,1127,73,5,5,0,19,18,1,235,218,17,140,135,5,1,1,0,665,629,36,55,50,5,80,71,9,0,0,0
169716,Total students enrolled for credit,5474,2234,3240,15,8,7,323,137,186,686,172,514,211,92,119,3,2,1,2868,1116,1752,117,42,75,488,243,245,763,422,341
169716,Undergraduate students,3010,1101,1909,11,4,7,150,60,90,401,98,303,146,59,87,3,2,1,1761,605,1156,78,30,48,296,160,136,164,83,81
169716,Graduate student,2464,1133,1331,4,4,0,173,77,96,285,74,211,65,33,32,0,0,0,1107,511,596,39,12,27,192,83,109,599,339,260
169734,Total students enrolled for credit,828,81,747,2,0,2,16,1,15,544,50,494,16,1,15,1,0,1,205,22,183,39,5,34,5,2,3,0,0,0
169734,Undergraduate students,828,81,747,2,0,2,16,1,15,544,50,494,16,1,15,1,0,1,205,22,183,39,5,34,5,2,3,0,0,0
169761,Total students enrolled for credit,276,26,250,3,0,3,0,0,0,94,7,87,33,2,31,0,0,0,139,15,124,6,2,4,1,0,1,0,0,0
169761,Undergraduate students,276,26,250,3,0,3,0,0,0,94,7,87,33,2,31,0,0,0,139,15,124,6,2,4,1,0,1,0,0,0
169798,Total students enrolled for credit,24545,9664,14881,74,29,45,697,279,418,4377,1556,2821,1144,457,687,15,10,5,15960,6416,9544,879,327,552,618,206,412,781,384,397
169798,Undergraduate students,19946,8096,11850,55,22,33,556,236,320,3778,1394,2384,989,406,583,14,10,4,12893,5353,7540,777,293,484,482,160,322,402,222,180
169798,Graduate student,4599,1568,3031,19,7,12,141,43,98,599,162,437,155,51,104,1,0,1,3067,1063,2004,102,34,68,136,46,90,379,162,217
169813,Total students enrolled for credit,32,0,32,0,0,0,0,0,0,27,0,27,0,0,0,0,0,0,4,0,4,1,0,1,0,0,0,0,0,0
169813,Undergraduate students,32,0,32,0,0,0,0,0,0,27,0,27,0,0,0,0,0,0,4,0,4,1,0,1,0,0,0,0,0,0
169910,Total students enrolled for credit,16828,7705,9123,98,41,57,263,134,129,1238,505,733,842,381,461,14,4,10,12960,5917,7043,540,220,320,408,200,208,465,303,162
169910,Undergraduate students,15381,7126,8255,88,38,50,241,125,116,1198,491,707,795,353,442,12,4,8,12039,5586,6453,513,212,301,142,79,63,353,238,115
169910,Graduate student,1447,579,868,10,3,7,22,9,13,40,14,26,47,28,19,2,0,2,921,331,590,27,8,19,266,121,145,112,65,47
169947,Total students enrolled for credit,70,61,9,0,0,0,0,0,0,45,37,8,5,5,0,0,0,0,20,19,1,0,0,0,0,0,0,0,0,0
169947,Undergraduate students,70,61,9,0,0,0,0,0,0,45,37,8,5,5,0,0,0,0,20,19,1,0,0,0,0,0,0,0,0,0
169974,Total students enrolled for credit,1525,610,915,4,1,3,19,6,13,44,20,24,160,72,88,2,1,1,1216,464,752,37,16,21,42,30,12,1,0,1
169974,Undergraduate students,1525,610,915,4,1,3,19,6,13,44,20,24,160,72,88,2,1,1,1216,464,752,37,16,21,42,30,12,1,0,1
169983,Total students enrolled for credit,2770,2234,536,9,8,1,106,90,16,95,61,34,117,90,27,0,0,0,1885,1515,370,65,55,10,313,260,53,180,155,25
169983,Undergraduate students,2129,1741,388,9,8,1,79,65,14,57,34,23,92,68,24,0,0,0,1548,1280,268,56,48,8,156,127,29,132,111,21
169983,Graduate student,641,493,148,0,0,0,27,25,2,38,27,11,25,22,3,0,0,0,337,235,102,9,7,2,157,133,24,48,44,4
169992,Total students enrolled for credit,1355,585,770,34,13,21,5,2,3,26,19,7,26,13,13,3,2,1,1154,486,668,24,9,15,80,38,42,3,3,0
169992,Undergraduate students,1355,585,770,34,13,21,5,2,3,26,19,7,26,13,13,3,2,1,1154,486,668,24,9,15,80,38,42,3,3,0
170000,Total students enrolled for credit,1287,572,715,14,7,7,14,8,6,376,133,243,84,42,42,3,2,1,675,330,345,56,26,30,61,22,39,4,2,2
170000,Undergraduate students,1265,559,706,14,7,7,14,8,6,367,130,237,84,42,42,3,2,1,662,320,342,56,26,30,61,22,39,4,2,2
170000,Graduate student,22,13,9,0,0,0,0,0,0,9,3,6,0,0,0,0,0,0,13,10,3,0,0,0,0,0,0,0,0,0
170037,Total students enrolled for credit,3031,1236,1795,14,3,11,45,18,27,453,171,282,130,55,75,5,3,2,2282,933,1349,17,7,10,6,1,5,79,45,34
170037,Undergraduate students,2197,847,1350,11,2,9,30,7,23,309,109,200,99,36,63,4,2,2,1663,653,1010,14,5,9,4,0,4,63,33,30
170037,Graduate student,834,389,445,3,1,2,15,11,4,144,62,82,31,19,12,1,1,0,619,280,339,3,2,1,2,1,1,16,12,4
170055,Total students enrolled for credit,20473,9883,10590,97,52,45,839,412,427,1849,811,1038,2467,1142,1325,16,7,9,13961,6815,7146,524,261,263,657,337,320,63,46,17
170055,Undergraduate students,20473,9883,10590,97,52,45,839,412,427,1849,811,1038,2467,1142,1325,16,7,9,13961,6815,7146,524,261,263,657,337,320,63,46,17
170082,Total students enrolled for credit,28875,11641,17234,101,34,67,662,266,396,1468,542,926,1418,581,837,12,7,5,23636,9505,14131,913,344,569,122,79,43,543,283,260
170082,Undergraduate students,24282,10189,14093,87,32,55,581,242,339,1255,478,777,1269,534,735,11,6,5,19851,8347,11504,810,316,494,86,61,25,332,173,159
170082,Graduate student,4593,1452,3141,14,2,12,81,24,57,213,64,149,149,47,102,1,1,0,3785,1158,2627,103,28,75,36,18,18,211,110,101
170091,Total students enrolled for credit,152,85,67,0,0,0,1,1,0,26,19,7,8,4,4,0,0,0,114,59,55,1,1,0,0,0,0,2,1,1
170091,Undergraduate students,152,85,67,0,0,0,1,1,0,26,19,7,8,4,4,0,0,0,114,59,55,1,1,0,0,0,0,2,1,1
170240,Total students enrolled for credit,18587,8472,10115,71,31,40,439,242,197,3674,1369,2305,1145,516,629,15,6,9,9806,4713,5093,497,217,280,2646,1193,1453,294,185,109
170240,Undergraduate students,18587,8472,10115,71,31,40,439,242,197,3674,1369,2305,1145,516,629,15,6,9,9806,4713,5093,497,217,280,2646,1193,1453,294,185,109
170286,Total students enrolled for credit,1560,792,768,0,0,0,0,0,0,0,0,0,0,0,0,0,0,0,0,0,0,0,0,0,1560,792,768,0,0,0
170286,Undergraduate students,1520,763,757,0,0,0,0,0,0,0,0,0,0,0,0,0,0,0,0,0,0,0,0,0,1520,763,757,0,0,0
170286,Graduate student,40,29,11,0,0,0,0,0,0,0,0,0,0,0,0,0,0,0,0,0,0,0,0,0,40,29,11,0,0,0
170301,Total students enrolled for credit,3281,1289,1992,1,1,0,64,26,38,88,36,52,284,115,169,0,0,0,2689,1048,1641,62,24,38,13,7,6,80,32,48
170301,Undergraduate students,3281,1289,1992,1,1,0,64,26,38,88,36,52,284,115,169,0,0,0,2689,1048,1641,62,24,38,13,7,6,80,32,48
170444,Total students enrolled for credit,7372,3293,4079,32,10,22,80,40,40,761,383,378,323,107,216,3,0,3,4630,1763,2867,233,93,140,1305,894,411,5,3,2
170444,Undergraduate students,7372,3293,4079,32,10,22,80,40,40,761,383,378,323,107,216,3,0,3,4630,1763,2867,233,93,140,1305,894,411,5,3,2
170532,Total students enrolled for credit,1469,652,817,3,2,1,107,39,68,86,33,53,146,59,87,1,1,0,848,399,449,66,23,43,78,38,40,134,58,76
170532,Undergraduate students,1469,652,817,3,2,1,107,39,68,86,33,53,146,59,87,1,1,0,848,399,449,66,23,43,78,38,40,134,58,76
170541,Total students enrolled for credit,12245,5844,6401,82,35,47,224,107,117,1611,711,900,596,276,320,9,2,7,8821,4222,4599,385,175,210,266,132,134,251,184,67
170541,Undergraduate students,12245,5844,6401,82,35,47,224,107,117,1611,711,900,596,276,320,9,2,7,8821,4222,4599,385,175,210,266,132,134,251,184,67
170550,Total students enrolled for credit,5672,2141,3531,44,19,25,136,68,68,643,227,416,317,119,198,5,3,2,4075,1515,2560,211,69,142,218,111,107,23,10,13
170550,Undergraduate students,5672,2141,3531,44,19,25,136,68,68,643,227,416,317,119,198,5,3,2,4075,1515,2560,211,69,142,218,111,107,23,10,13
170587,Total students enrolled for credit,2014,796,1218,22,14,8,12,5,7,21,8,13,40,14,26,4,0,4,1800,702,1098,27,15,12,87,37,50,1,1,0
170587,Undergraduate students,2014,796,1218,22,14,8,12,5,7,21,8,13,40,14,26,4,0,4,1800,702,1098,27,15,12,87,37,50,1,1,0
170611,Total students enrolled for credit,158,3,155,0,0,0,3,1,2,12,0,12,4,1,3,0,0,0,127,1,126,5,0,5,7,0,7,0,0,0
170611,Undergraduate students,158,3,155,0,0,0,3,1,2,12,0,12,4,1,3,0,0,0,127,1,126,5,0,5,7,0,7,0,0,0
170620,Total students enrolled for credit,5047,2106,2941,29,8,21,107,48,59,621,215,406,444,176,268,4,2,2,3400,1466,1934,191,71,120,251,120,131,0,0,0
170620,Undergraduate students,5047,2106,2941,29,8,21,107,48,59,621,215,406,444,176,268,4,2,2,3400,1466,1934,191,71,120,251,120,131,0,0,0
170639,Total students enrolled for credit,2301,1109,1192,198,80,118,12,7,5,27,14,13,42,24,18,0,0,0,1868,896,972,0,0,0,8,3,5,146,85,61
170639,Undergraduate students,2301,1109,1192,198,80,118,12,7,5,27,14,13,42,24,18,0,0,0,1868,896,972,0,0,0,8,3,5,146,85,61
170657,Total students enrolled for credit,19206,8790,10416,104,40,64,580,276,304,1767,800,967,1352,590,762,43,20,23,13288,6108,7180,646,268,378,995,481,514,431,207,224
170657,Undergraduate students,19206,8790,10416,104,40,64,580,276,304,1767,800,967,1352,590,762,43,20,23,13288,6108,7180,646,268,378,995,481,514,431,207,224
170675,Total students enrolled for credit,3638,2616,1022,11,9,2,102,71,31,215,124,91,104,72,32,0,0,0,1824,1313,511,60,33,27,242,155,87,1080,839,241
170675,Undergraduate students,2268,1623,645,8,6,2,64,45,19,155,95,60,77,54,23,0,0,0,1347,984,363,49,27,22,194,123,71,374,289,85
170675,Graduate student,1370,993,377,3,3,0,38,26,12,60,29,31,27,18,9,0,0,0,477,329,148,11,6,5,48,32,16,706,550,156
170736,Total students enrolled for credit,61,1,60,1,0,1,1,0,1,1,0,1,1,0,1,0,0,0,57,1,56,0,0,0,0,0,0,0,0,0
170736,Undergraduate students,61,1,60,1,0,1,1,0,1,1,0,1,1,0,1,0,0,0,57,1,56,0,0,0,0,0,0,0,0,0
170790,Total students enrolled for credit,30719,14469,16250,138,60,78,1052,560,492,3653,1422,2231,732,338,394,39,16,23,20212,9814,10398,570,250,320,2328,1113,1215,1995,896,1099
170790,Undergraduate students,30719,14469,16250,138,60,78,1052,560,492,3653,1422,2231,732,338,394,39,16,23,20212,9814,10398,570,250,320,2328,1113,1215,1995,896,1099
170806,Total students enrolled for credit,4248,1262,2986,8,2,6,68,15,53,511,146,365,166,39,127,9,5,4,2671,674,1997,81,28,53,173,82,91,561,271,290
170806,Undergraduate students,3117,1047,2070,2,1,1,39,9,30,371,123,248,132,33,99,8,4,4,1830,525,1305,71,25,46,150,80,70,514,247,267
170806,Graduate student,1131,215,916,6,1,5,29,6,23,140,23,117,34,6,28,1,1,0,841,149,692,10,3,7,23,2,21,47,24,23
170842,Total students enrolled for credit,1642,472,1170,0,0,0,10,3,7,490,133,357,54,21,33,0,0,0,578,165,413,26,10,16,479,138,341,5,2,3
170842,Undergraduate students,586,212,374,0,0,0,3,1,2,348,103,245,46,21,25,0,0,0,86,46,40,19,8,11,79,31,48,5,2,3
170842,Graduate student,1056,260,796,0,0,0,7,2,5,142,30,112,8,0,8,0,0,0,492,119,373,7,2,5,400,107,293,0,0,0
170967,Total students enrolled for credit,1383,502,881,2,0,2,10,4,6,194,62,132,15,7,8,0,0,0,779,275,504,31,6,25,283,105,178,69,43,26
170967,Undergraduate students,1356,483,873,2,0,2,8,3,5,192,61,131,14,6,8,0,0,0,760,260,500,31,6,25,280,104,176,69,43,26
170967,Graduate student,27,19,8,0,0,0,2,1,1,2,1,1,1,1,0,0,0,0,19,15,4,0,0,0,3,1,2,0,0,0
170976,Total students enrolled for credit,46316,23873,22443,85,41,44,5461,2863,2598,1974,812,1162,2343,1153,1190,20,10,10,25425,12661,12764,1543,732,811,2363,1264,1099,7102,4337,2765
170976,Undergraduate students,29773,15015,14758,48,22,26,4013,2168,1845,1327,558,769,1532,762,770,11,5,6,18004,8922,9082,1137,547,590,1494,778,716,2207,1253,954
170976,Graduate student,16543,8858,7685,37,19,18,1448,695,753,647,254,393,811,391,420,9,5,4,7421,3739,3682,406,185,221,869,486,383,4895,3084,1811
171012,Total students enrolled for credit,254,206,48,9,9,0,0,0,0,207,171,36,0,0,0,0,0,0,25,16,9,5,4,1,8,6,2,0,0,0
171012,Undergraduate students,254,206,48,9,9,0,0,0,0,207,171,36,0,0,0,0,0,0,25,16,9,5,4,1,8,6,2,0,0,0
171100,Total students enrolled for credit,55545,26651,28894,142,57,85,2758,1403,1355,3795,1399,2396,2309,1036,1273,59,24,35,36288,17333,18955,1487,620,867,684,372,312,8023,4407,3616
171100,Undergraduate students,42252,20802,21450,96,41,55,2122,1140,982,3048,1137,1911,1774,790,984,36,18,18,28112,13842,14270,1246,540,706,391,212,179,5427,3082,2345
171100,Graduate student,13293,5849,7444,46,16,30,636,263,373,747,262,485,535,246,289,23,6,17,8176,3491,4685,241,80,161,293,160,133,2596,1325,1271
171128,Total students enrolled for credit,7784,5644,2140,26,16,10,100,65,35,92,64,28,141,98,43,5,3,2,5890,4254,1636,189,113,76,198,135,63,1143,896,247
171128,Undergraduate students,6148,4463,1685,21,13,8,88,55,33,74,54,20,123,86,37,5,3,2,5325,3883,1442,167,108,59,147,105,42,198,156,42
171128,Graduate student,1636,1181,455,5,3,2,12,10,2,18,10,8,18,12,6,0,0,0,565,371,194,22,5,17,51,30,21,945,740,205
171137,Total students enrolled for credit,10714,5931,4783,39,13,26,768,461,307,964,377,587,541,253,288,9,5,4,6668,3746,2922,302,155,147,387,187,200,1036,734,302
171137,Undergraduate students,8151,4218,3933,34,8,26,611,361,250,830,312,518,457,198,259,8,5,3,5431,2931,2500,257,130,127,311,142,169,212,131,81
171137,Graduate student,2563,1713,850,5,5,0,157,100,57,134,65,69,84,55,29,1,0,1,1237,815,422,45,25,20,76,45,31,824,603,221
171146,Total students enrolled for credit,9455,3642,5813,72,25,47,232,89,143,1220,358,862,382,140,242,13,6,7,6291,2389,3902,281,92,189,424,177,247,540,366,174
171146,Undergraduate students,7633,2974,4659,59,22,37,151,63,88,1002,296,706,329,119,210,8,4,4,5142,1977,3165,233,75,158,345,144,201,364,274,90
171146,Graduate student,1822,668,1154,13,3,10,81,26,55,218,62,156,53,21,32,5,2,3,1149,412,737,48,17,31,79,33,46,176,92,84
171155,Total students enrolled for credit,5680,2528,3152,112,47,65,22,10,12,207,121,86,67,29,38,15,6,9,4522,1892,2630,216,98,118,348,195,153,171,130,41
171155,Undergraduate students,5680,2528,3152,112,47,65,22,10,12,207,121,86,67,29,38,15,6,9,4522,1892,2630,216,98,118,348,195,153,171,130,41
171225,Total students enrolled for credit,4255,1810,2445,18,13,5,35,13,22,148,49,99,126,44,82,3,1,2,3592,1543,2049,26,17,9,304,129,175,3,1,2
171225,Undergraduate students,4255,1810,2445,18,13,5,35,13,22,148,49,99,126,44,82,3,1,2,3592,1543,2049,26,17,9,304,129,175,3,1,2
171234,Total students enrolled for credit,2129,764,1365,12,4,8,8,1,7,24,9,15,12,2,10,3,1,2,1932,695,1237,71,31,40,64,20,44,3,1,2
171234,Undergraduate students,2129,764,1365,12,4,8,8,1,7,24,9,15,12,2,10,3,1,2,1932,695,1237,71,31,40,64,20,44,3,1,2
171261,Total students enrolled for credit,67,7,60,0,0,0,12,2,10,20,0,20,0,0,0,0,0,0,35,5,30,0,0,0,0,0,0,0,0,0
171261,Undergraduate students,67,7,60,0,0,0,12,2,10,20,0,20,0,0,0,0,0,0,35,5,30,0,0,0,0,0,0,0,0,0
171304,Total students enrolled for credit,6186,2772,3414,51,28,23,60,24,36,504,204,300,230,107,123,2,0,2,4759,2148,2611,228,80,148,329,169,160,23,12,11
171304,Undergraduate students,6186,2772,3414,51,28,23,60,24,36,504,204,300,230,107,123,2,0,2,4759,2148,2611,228,80,148,329,169,160,23,12,11
171322,Total students enrolled for credit,924,180,744,1,1,0,11,4,7,681,131,550,25,4,21,1,1,0,115,25,90,27,4,23,63,10,53,0,0,0
171322,Undergraduate students,924,180,744,1,1,0,11,4,7,681,131,550,25,4,21,1,1,0,115,25,90,27,4,23,63,10,53,0,0,0
171395,Total students enrolled for credit,3261,1255,2006,113,42,71,18,8,10,47,21,26,103,46,57,2,0,2,2774,1058,1716,114,49,65,87,30,57,3,1,2
171395,Undergraduate students,3261,1255,2006,113,42,71,18,8,10,47,21,26,103,46,57,2,0,2,2774,1058,1716,114,49,65,87,30,57,3,1,2
171456,Total students enrolled for credit,9235,4304,4931,185,84,101,57,16,41,198,112,86,253,121,132,4,2,2,7740,3579,4161,307,140,167,346,174,172,145,76,69
171456,Undergraduate students,8273,4000,4273,164,78,86,47,15,32,172,104,68,242,118,124,4,2,2,6912,3312,3600,289,132,157,311,167,144,132,72,60
171456,Graduate student,962,304,658,21,6,15,10,1,9,26,8,18,11,3,8,0,0,0,828,267,561,18,8,10,35,7,28,13,4,9
171483,Total students enrolled for credit,4530,2175,2355,81,37,44,30,15,15,59,35,24,186,84,102,5,3,2,3815,1836,1979,139,56,83,174,85,89,41,24,17
171483,Undergraduate students,4530,2175,2355,81,37,44,30,15,15,59,35,24,186,84,102,5,3,2,3815,1836,1979,139,56,83,174,85,89,41,24,17
171492,Total students enrolled for credit,4451,2454,1997,17,11,6,32,16,16,509,258,251,270,140,130,13,8,5,2438,1383,1055,58,29,29,943,499,444,171,110,61
171492,Undergraduate students,3670,2056,1614,12,6,6,26,12,14,392,211,181,235,121,114,12,7,5,2159,1240,919,49,25,24,653,350,303,132,84,48
171492,Graduate student,781,398,383,5,5,0,6,4,2,117,47,70,35,19,16,1,1,0,279,143,136,9,4,5,290,149,141,39,26,13
171535,Total students enrolled for credit,29644,13200,16444,124,54,70,1416,653,763,5704,2047,3657,949,393,556,41,17,24,18079,8594,9485,872,362,510,1408,677,731,1051,403,648
171535,Undergraduate students,29644,13200,16444,124,54,70,1416,653,763,5704,2047,3657,949,393,556,41,17,24,18079,8594,9485,872,362,510,1408,677,731,1051,403,648
171571,Total students enrolled for credit,23532,10141,13391,72,29,43,1250,583,667,1712,556,1156,715,297,418,19,9,10,16819,7249,9570,613,247,366,1328,623,705,1004,548,456
171571,Undergraduate students,19321,8328,10993,58,23,35,977,435,542,1433,478,955,633,264,369,19,9,10,14129,6144,7985,572,233,339,1060,508,552,440,234,206
171571,Graduate student,4211,1813,2398,14,6,8,273,148,125,279,78,201,82,33,49,0,0,0,2690,1105,1585,41,14,27,268,115,153,564,314,250
171599,Total students enrolled for credit,1196,712,484,3,2,1,6,5,1,180,125,55,57,30,27,0,0,0,831,470,361,57,40,17,48,30,18,14,10,4
171599,Undergraduate students,1133,674,459,3,2,1,6,5,1,178,123,55,57,30,27,0,0,0,784,442,342,57,40,17,34,22,12,14,10,4
171599,Graduate student,63,38,25,0,0,0,0,0,0,2,2,0,0,0,0,0,0,0,47,28,19,0,0,0,14,8,6,0,0,0
171775,Total students enrolled for credit,98,5,93,0,0,0,3,0,3,37,4,33,5,1,4,0,0,0,52,0,52,1,0,1,0,0,0,0,0,0
171775,Undergraduate students,98,5,93,0,0,0,3,0,3,37,4,33,5,1,4,0,0,0,52,0,52,1,0,1,0,0,0,0,0,0
171881,Total students enrolled for credit,214,134,80,1,1,0,0,0,0,8,6,2,1,1,0,0,0,0,181,118,63,9,4,5,7,3,4,7,1,6
171881,Undergraduate students,214,134,80,1,1,0,0,0,0,8,6,2,1,1,0,0,0,0,181,118,63,9,4,5,7,3,4,7,1,6
171988,Total students enrolled for credit,218,7,211,0,0,0,3,0,3,22,1,21,19,1,18,0,0,0,167,5,162,6,0,6,1,0,1,0,0,0
171988,Undergraduate students,218,7,211,0,0,0,3,0,3,22,1,21,19,1,18,0,0,0,167,5,162,6,0,6,1,0,1,0,0,0
171997,Total students enrolled for credit,325,17,308,9,1,8,4,2,2,144,5,139,13,2,11,0,0,0,144,7,137,2,0,2,9,0,9,0,0,0
171997,Undergraduate students,325,17,308,9,1,8,4,2,2,144,5,139,13,2,11,0,0,0,144,7,137,2,0,2,9,0,9,0,0,0
172015,Total students enrolled for credit,304,20,284,1,0,1,0,0,0,133,15,118,12,1,11,0,0,0,149,4,145,8,0,8,1,0,1,0,0,0
172015,Undergraduate students,304,20,284,1,0,1,0,0,0,133,15,118,12,1,11,0,0,0,149,4,145,8,0,8,1,0,1,0,0,0
172033,Total students enrolled for credit,543,342,201,1,1,0,8,6,2,7,3,4,77,32,45,0,0,0,310,191,119,4,3,1,102,80,22,34,26,8
172033,Undergraduate students,320,169,151,1,1,0,1,0,1,5,2,3,64,21,43,0,0,0,169,90,79,2,2,0,61,41,20,17,12,5
172033,Graduate student,223,173,50,0,0,0,7,6,1,2,1,1,13,11,2,0,0,0,141,101,40,2,1,1,41,39,2,17,14,3
172051,Total students enrolled for credit,10320,4191,6129,21,8,13,77,32,45,851,342,509,411,176,235,1,1,0,7366,2752,4614,230,80,150,580,260,320,783,540,243
172051,Undergraduate students,9306,3930,5376,20,7,13,67,29,38,813,335,478,389,171,218,1,1,0,6565,2577,3988,212,75,137,564,256,308,675,479,196
172051,Graduate student,1014,261,753,1,1,0,10,3,7,38,7,31,22,5,17,0,0,0,801,175,626,18,5,13,16,4,12,108,61,47
172200,Total students enrolled for credit,17861,7983,9878,107,59,48,802,388,414,2486,815,1671,749,359,390,21,5,16,11628,5453,6175,463,188,275,1339,591,748,266,125,141
172200,Undergraduate students,17861,7983,9878,107,59,48,802,388,414,2486,815,1671,749,359,390,21,5,16,11628,5453,6175,463,188,275,1339,591,748,266,125,141
172264,Total students enrolled for credit,3286,1320,1966,17,7,10,37,22,15,360,172,188,173,65,108,3,0,3,1947,728,1219,75,36,39,636,262,374,38,28,10
172264,Undergraduate students,3011,1249,1762,16,7,9,34,21,13,319,165,154,166,64,102,2,0,2,1775,674,1101,64,33,31,598,258,340,37,27,10
172264,Graduate student,275,71,204,1,0,1,3,1,2,41,7,34,7,1,6,1,0,1,172,54,118,11,3,8,38,4,34,1,1,0
172291,Total students enrolled for credit,4704,1867,2837,48,27,21,21,7,14,123,51,72,159,65,94,1,0,1,3938,1535,2403,56,17,39,355,165,190,3,0,3
172291,Undergraduate students,4704,1867,2837,48,27,21,21,7,14,123,51,72,159,65,94,1,0,1,3938,1535,2403,56,17,39,355,165,190,3,0,3
172307,Total students enrolled for credit,2888,1215,1673,56,24,32,40,18,22,283,124,159,167,74,93,5,2,3,2025,844,1181,128,45,83,183,84,99,1,0,1
172307,Undergraduate students,2888,1215,1673,56,24,32,40,18,22,283,124,159,167,74,93,5,2,3,2025,844,1181,128,45,83,183,84,99,1,0,1
172325,Total students enrolled for credit,875,538,337,5,3,2,3,3,0,397,214,183,11,8,3,1,1,0,427,286,141,31,23,8,0,0,0,0,0,0
172325,Undergraduate students,875,538,337,5,3,2,3,3,0,397,214,183,11,8,3,1,1,0,427,286,141,31,23,8,0,0,0,0,0,0
172334,Total students enrolled for credit,4342,1204,3138,20,5,15,51,15,36,498,147,351,68,21,47,6,1,5,3231,864,2367,99,31,68,355,113,242,14,7,7
172334,Undergraduate students,2476,808,1668,13,3,10,23,8,15,271,99,172,27,8,19,3,1,2,1823,562,1261,76,26,50,229,95,134,11,6,5
172334,Graduate student,1866,396,1470,7,2,5,28,7,21,227,48,179,41,13,28,3,0,3,1408,302,1106,23,5,18,126,18,108,3,1,2
172422,Total students enrolled for credit,526,392,134,2,1,1,7,7,0,62,47,15,31,22,9,0,0,0,414,308,106,10,7,3,0,0,0,0,0,0
172422,Undergraduate students,526,392,134,2,1,1,7,7,0,62,47,15,31,22,9,0,0,0,414,308,106,10,7,3,0,0,0,0,0,0
172440,Total students enrolled for credit,570,276,294,8,6,2,8,2,6,56,46,10,31,18,13,1,0,1,357,149,208,24,14,10,82,41,41,3,0,3
172440,Undergraduate students,570,276,294,8,6,2,8,2,6,56,46,10,31,18,13,1,0,1,357,149,208,24,14,10,82,41,41,3,0,3
172477,Total students enrolled for credit,1546,668,878,5,2,3,50,28,22,372,118,254,67,22,45,5,3,2,770,384,386,163,55,108,50,25,25,64,31,33
172477,Graduate student,1546,668,878,5,2,3,50,28,22,372,118,254,67,22,45,5,3,2,770,384,386,163,55,108,50,25,25,64,31,33
172495,Total students enrolled for credit,341,7,334,5,0,5,5,0,5,34,2,32,27,0,27,0,0,0,253,5,248,15,0,15,1,0,1,1,0,1
172495,Undergraduate students,341,7,334,5,0,5,5,0,5,34,2,32,27,0,27,0,0,0,253,5,248,15,0,15,1,0,1,1,0,1
172608,Total students enrolled for credit,3411,1669,1742,10,3,7,161,74,87,380,125,255,80,38,42,4,0,4,2512,1297,1215,53,28,25,60,27,33,151,77,74
172608,Undergraduate students,1302,648,654,1,0,1,50,22,28,76,31,45,25,14,11,4,0,4,1067,540,527,24,13,11,20,11,9,35,17,18
172608,Graduate student,2109,1021,1088,9,3,6,111,52,59,304,94,210,55,24,31,0,0,0,1445,757,688,29,15,14,40,16,24,116,60,56
172617,Total students enrolled for credit,20651,10653,9998,103,52,51,762,369,393,2823,1171,1652,1081,528,553,32,19,13,13076,6678,6398,886,397,489,1372,1157,215,516,282,234
172617,Undergraduate students,20651,10653,9998,103,52,51,762,369,393,2823,1171,1652,1081,528,553,32,19,13,13076,6678,6398,886,397,489,1372,1157,215,516,282,234
172635,Total students enrolled for credit,21969,8411,13558,52,18,34,189,61,128,14683,5758,8925,400,157,243,16,5,11,3772,1491,2281,1137,366,771,1527,409,1118,193,146,47
172635,Undergraduate students,21969,8411,13558,52,18,34,189,61,128,14683,5758,8925,400,157,243,16,5,11,3772,1491,2281,1137,366,771,1527,409,1118,193,146,47
172644,Total students enrolled for credit,32411,14546,17865,86,32,54,2420,1168,1252,5322,1763,3559,1323,559,764,24,14,10,18210,8264,9946,1005,395,610,1333,589,744,2688,1762,926
172644,Undergraduate students,20314,9080,11234,55,25,30,1724,847,877,3721,1338,2383,993,426,567,17,11,6,11686,5513,6173,717,261,456,883,392,491,518,267,251
172644,Graduate student,12097,5466,6631,31,7,24,696,321,375,1601,425,1176,330,133,197,7,3,4,6524,2751,3773,288,134,154,450,197,253,2170,1495,675
172671,Total students enrolled for credit,1658,673,985,34,14,20,9,5,4,24,8,16,127,52,75,1,0,1,1361,558,803,53,14,39,43,21,22,6,1,5
172671,Undergraduate students,1658,673,985,34,14,20,9,5,4,24,8,16,127,52,75,1,0,1,1361,558,803,53,14,39,43,21,22,6,1,5
172680,Total students enrolled for credit,129,4,125,1,0,1,1,0,1,16,1,15,8,3,5,3,0,3,98,0,98,1,0,1,1,0,1,0,0,0
172680,Undergraduate students,129,4,125,1,0,1,1,0,1,16,1,15,8,3,5,3,0,3,98,0,98,1,0,1,1,0,1,0,0,0
172699,Total students enrolled for credit,26096,12525,13571,107,59,48,533,263,270,2954,1213,1741,1309,581,728,21,9,12,18077,8543,9534,840,360,480,243,123,120,2012,1374,638
172699,Undergraduate students,19990,10052,9938,83,50,33,382,195,187,2492,1062,1430,1092,511,581,17,9,8,14068,7132,6936,716,327,389,177,94,83,963,672,291
172699,Graduate student,6106,2473,3633,24,9,15,151,68,83,462,151,311,217,70,147,4,0,4,4009,1411,2598,124,33,91,66,29,37,1049,702,347
172705,Total students enrolled for credit,358,202,156,1,1,0,14,12,2,20,12,8,45,25,20,1,1,0,265,144,121,4,2,2,0,0,0,8,5,3
172705,Graduate student,358,202,156,1,1,0,14,12,2,20,12,8,45,25,20,1,1,0,265,144,121,4,2,2,0,0,0,8,5,3
172802,Total students enrolled for credit,92,4,88,0,0,0,3,0,3,17,2,15,8,1,7,0,0,0,61,1,60,3,0,3,0,0,0,0,0,0
172802,Undergraduate students,92,4,88,0,0,0,3,0,3,17,2,15,8,1,7,0,0,0,61,1,60,3,0,3,0,0,0,0,0,0
172866,Total students enrolled for credit,149,121,28,1,0,1,11,7,4,17,12,5,5,2,3,0,0,0,99,86,13,2,2,0,14,12,2,0,0,0
172866,Undergraduate students,149,121,28,1,0,1,11,7,4,17,12,5,5,2,3,0,0,0,99,86,13,2,2,0,14,12,2,0,0,0
172918,Total students enrolled for credit,3928,1964,1964,26,7,19,20,6,14,78,35,43,132,61,71,7,2,5,3195,1551,1644,95,36,59,366,259,107,9,7,2
172918,Undergraduate students,3928,1964,1964,26,7,19,20,6,14,78,35,43,132,61,71,7,2,5,3195,1551,1644,95,36,59,366,259,107,9,7,2
172927,Total students enrolled for credit,75,38,37,23,6,17,7,5,2,22,14,8,4,3,1,0,0,0,7,2,5,11,7,4,0,0,0,1,1,0
172927,Undergraduate students,75,38,37,23,6,17,7,5,2,22,14,8,4,3,1,0,0,0,7,2,5,11,7,4,0,0,0,1,1,0
172954,Total students enrolled for credit,2687,1074,1613,15,4,11,124,48,76,278,89,189,96,33,63,3,0,3,1955,813,1142,93,33,60,118,51,67,5,3,2
172954,Undergraduate students,2687,1074,1613,15,4,11,124,48,76,278,89,189,96,33,63,3,0,3,1955,813,1142,93,33,60,118,51,67,5,3,2
172963,Total students enrolled for credit,12008,4679,7329,63,26,37,581,245,336,907,408,499,567,242,325,14,4,10,8813,3314,5499,485,182,303,517,220,297,61,38,23
172963,Undergraduate students,12008,4679,7329,63,26,37,581,245,336,907,408,499,567,242,325,14,4,10,8813,3314,5499,485,182,303,517,220,297,61,38,23
173045,Total students enrolled for credit,4194,1757,2437,49,17,32,255,95,160,432,197,235,237,110,127,3,2,1,2131,906,1225,91,30,61,890,354,536,106,46,60
173045,Undergraduate students,2817,1309,1508,32,15,17,194,81,113,328,160,168,194,94,100,3,2,1,1308,633,675,71,26,45,586,254,332,101,44,57
173045,Graduate student,1377,448,929,17,2,15,61,14,47,104,37,67,43,16,27,0,0,0,823,273,550,20,4,16,304,100,204,5,2,3
173063,Total students enrolled for credit,4387,1925,2462,11,4,7,94,41,53,225,107,118,480,189,291,6,3,3,3372,1469,1903,90,37,53,42,20,22,67,55,12
173063,Undergraduate students,4387,1925,2462,11,4,7,94,41,53,225,107,118,480,189,291,6,3,3,3372,1469,1903,90,37,53,42,20,22,67,55,12
173115,Total students enrolled for credit,1924,495,1429,111,35,76,19,5,14,97,33,64,69,18,51,1,0,1,1417,348,1069,79,19,60,118,28,90,13,9,4
173115,Undergraduate students,1924,495,1429,111,35,76,19,5,14,97,33,64,69,18,51,1,0,1,1417,348,1069,79,19,60,118,28,90,13,9,4
173124,Total students enrolled for credit,6466,2655,3811,174,51,123,71,23,48,161,90,71,147,55,92,4,3,1,5152,2066,3086,202,93,109,384,186,198,171,88,83
173124,Undergraduate students,5913,2492,3421,160,47,113,67,23,44,151,88,63,139,53,86,3,3,0,4663,1920,2743,192,89,103,376,183,193,162,86,76
173124,Graduate student,553,163,390,14,4,10,4,0,4,10,2,8,8,2,6,1,0,1,489,146,343,10,4,6,8,3,5,9,2,7
173142,Total students enrolled for credit,631,280,351,2,0,2,2,0,2,13,11,2,23,13,10,1,1,0,512,215,297,15,4,11,19,10,9,44,26,18
173142,Undergraduate students,631,280,351,2,0,2,2,0,2,13,11,2,23,13,10,1,1,0,512,215,297,15,4,11,19,10,9,44,26,18
173160,Total students enrolled for credit,4350,1562,2788,12,3,9,142,34,108,245,97,148,171,68,103,9,5,4,3228,1173,2055,103,48,55,410,118,292,30,16,14
173160,Undergraduate students,3006,1149,1857,3,1,2,92,23,69,145,61,84,128,60,68,5,4,1,2348,900,1448,84,39,45,192,59,133,9,2,7
173160,Graduate student,1344,413,931,9,2,7,50,11,39,100,36,64,43,8,35,4,1,3,880,273,607,19,9,10,218,59,159,21,14,7
173179,Total students enrolled for credit,416,269,147,0,0,0,25,15,10,40,24,16,5,4,1,0,0,0,297,197,100,9,2,7,32,21,11,8,6,2
173179,Graduate student,416,269,147,0,0,0,25,15,10,40,24,16,5,4,1,0,0,0,297,197,100,9,2,7,32,21,11,8,6,2
173203,Total students enrolled for credit,5454,2355,3099,42,16,26,35,11,24,150,94,56,138,53,85,5,2,3,4786,2048,2738,188,70,118,99,53,46,11,8,3
173203,Undergraduate students,5454,2355,3099,42,16,26,35,11,24,150,94,56,138,53,85,5,2,3,4786,2048,2738,188,70,118,99,53,46,11,8,3
173258,Total students enrolled for credit,2155,1051,1104,3,1,2,182,78,104,93,48,45,161,82,79,2,1,1,1329,660,669,120,58,62,44,18,26,221,105,116
173258,Undergraduate students,2155,1051,1104,3,1,2,182,78,104,93,48,45,161,82,79,2,1,1,1329,660,669,120,58,62,44,18,26,221,105,116
173300,Total students enrolled for credit,2178,893,1285,16,6,10,28,9,19,39,26,13,43,24,19,1,0,1,1794,725,1069,37,16,21,136,44,92,84,43,41
173300,Undergraduate students,2140,889,1251,16,6,10,28,9,19,39,26,13,43,24,19,1,0,1,1788,725,1063,37,16,21,108,41,67,80,42,38
173300,Graduate student,38,4,34,0,0,0,0,0,0,0,0,0,0,0,0,0,0,0,6,0,6,0,0,0,28,3,25,4,1,3
173328,Total students enrolled for credit,6037,2205,3832,29,8,21,376,122,254,608,286,322,194,69,125,13,8,5,4170,1394,2776,180,76,104,257,87,170,210,155,55
173328,Undergraduate students,3339,1350,1989,14,3,11,273,93,180,398,200,198,141,55,86,7,4,3,2142,795,1347,118,53,65,107,35,72,139,112,27
173328,Graduate student,2698,855,1843,15,5,10,103,29,74,210,86,124,53,14,39,6,4,2,2028,599,1429,62,23,39,150,52,98,71,43,28
173416,Total students enrolled for credit,3747,2293,1454,10,6,4,151,94,57,297,154,143,241,137,104,4,2,2,2649,1678,971,110,57,53,257,152,105,28,13,15
173416,Undergraduate students,3747,2293,1454,10,6,4,151,94,57,297,154,143,241,137,104,4,2,2,2649,1678,971,110,57,53,257,152,105,28,13,15
173452,Total students enrolled for credit,1346,599,747,1,0,1,8,4,4,15,8,7,16,7,9,0,0,0,1263,565,698,8,8,0,2,1,1,33,6,27
173452,Undergraduate students,1238,525,713,1,0,1,7,4,3,15,8,7,15,7,8,0,0,0,1162,493,669,7,7,0,2,1,1,29,5,24
173452,Graduate student,108,74,34,0,0,0,1,0,1,0,0,0,1,0,1,0,0,0,101,72,29,1,1,0,0,0,0,4,1,3
173461,Total students enrolled for credit,7910,3726,4184,128,70,58,128,62,66,230,126,104,210,97,113,8,4,4,6508,3060,3448,263,107,156,388,168,220,47,32,15
173461,Undergraduate students,7910,3726,4184,128,70,58,128,62,66,230,126,104,210,97,113,8,4,4,6508,3060,3448,263,107,156,388,168,220,47,32,15
173470,Total students enrolled for credit,36,0,36,1,0,1,1,0,1,2,0,2,1,0,1,0,0,0,29,0,29,2,0,2,0,0,0,0,0,0
173470,Undergraduate students,36,0,36,1,0,1,1,0,1,2,0,2,1,0,1,0,0,0,29,0,29,2,0,2,0,0,0,0,0,0
173489,Total students enrolled for credit,134,12,122,4,0,4,1,0,1,3,0,3,1,0,1,0,0,0,125,12,113,0,0,0,0,0,0,0,0,0
173489,Undergraduate students,134,12,122,4,0,4,1,0,1,3,0,3,1,0,1,0,0,0,125,12,113,0,0,0,0,0,0,0,0,0
173559,Total students enrolled for credit,8196,3297,4899,81,21,60,150,75,75,631,344,287,316,119,197,7,3,4,5976,2277,3699,264,91,173,695,317,378,76,50,26
173559,Undergraduate students,8196,3297,4899,81,21,60,150,75,75,631,344,287,316,119,197,7,3,4,5976,2277,3699,264,91,173,695,317,378,76,50,26
173638,Total students enrolled for credit,4696,1909,2787,35,8,27,114,35,79,216,118,98,413,170,243,3,2,1,3456,1342,2114,93,26,67,343,195,148,23,13,10
173638,Undergraduate students,4696,1909,2787,35,8,27,114,35,79,216,118,98,413,170,243,3,2,1,3456,1342,2114,93,26,67,343,195,148,23,13,10
173647,Total students enrolled for credit,2263,1053,1210,2,0,2,102,37,65,54,24,30,110,57,53,2,1,1,1797,829,968,79,41,38,16,8,8,101,56,45
173647,Undergraduate students,2263,1053,1210,2,0,2,102,37,65,54,24,30,110,57,53,2,1,1,1797,829,968,79,41,38,16,8,8,101,56,45
173665,Total students enrolled for credit,5633,1808,3825,16,3,13,269,71,198,255,107,148,259,102,157,0,0,0,3546,1116,2430,201,75,126,1004,310,694,83,24,59
173665,Undergraduate students,2346,951,1395,7,1,6,140,45,95,146,56,90,174,75,99,0,0,0,1620,666,954,149,61,88,75,35,40,35,12,23
173665,Graduate student,3287,857,2430,9,2,7,129,26,103,109,51,58,85,27,58,0,0,0,1926,450,1476,52,14,38,929,275,654,48,12,36
173683,Total students enrolled for credit,240,77,163,4,0,4,0,0,0,4,0,4,8,0,8,0,0,0,214,75,139,5,1,4,0,0,0,5,1,4
173683,Graduate student,240,77,163,4,0,4,0,0,0,4,0,4,8,0,8,0,0,0,214,75,139,5,1,4,0,0,0,5,1,4
173708,Total students enrolled for credit,7764,4775,2989,46,23,23,756,512,244,1704,818,886,569,342,227,10,5,5,4188,2791,1397,263,136,127,206,140,66,22,8,14
173708,Undergraduate students,7764,4775,2989,46,23,23,756,512,244,1704,818,886,569,342,227,10,5,5,4188,2791,1397,263,136,127,206,140,66,22,8,14
173726,Total students enrolled for credit,33,0,33,0,0,0,0,0,0,0,0,0,0,0,0,0,0,0,33,0,33,0,0,0,0,0,0,0,0,0
173726,Undergraduate students,33,0,33,0,0,0,0,0,0,0,0,0,0,0,0,0,0,0,33,0,33,0,0,0,0,0,0,0,0,0
173735,Total students enrolled for credit,1766,874,892,21,8,13,8,4,4,95,39,56,49,27,22,3,2,1,1455,719,736,61,29,32,65,41,24,9,5,4
173735,Undergraduate students,1766,874,892,21,8,13,8,4,4,95,39,56,49,27,22,3,2,1,1455,719,736,61,29,32,65,41,24,9,5,4
173744,Total students enrolled for credit,700,38,662,9,1,8,26,3,23,49,0,49,34,0,34,7,0,7,523,32,491,47,2,45,5,0,5,0,0,0
173744,Undergraduate students,700,38,662,9,1,8,26,3,23,49,0,49,34,0,34,7,0,7,523,32,491,47,2,45,5,0,5,0,0,0
173799,Total students enrolled for credit,7309,3017,4292,46,19,27,459,176,283,746,326,420,736,305,431,11,2,9,4721,1915,2806,381,162,219,166,91,75,43,21,22
173799,Undergraduate students,7309,3017,4292,46,19,27,459,176,283,746,326,420,736,305,431,11,2,9,4721,1915,2806,381,162,219,166,91,75,43,21,22
173805,Total students enrolled for credit,1667,824,843,32,18,14,9,5,4,110,81,29,48,27,21,4,2,2,1322,610,712,91,42,49,17,11,6,34,28,6
173805,Undergraduate students,1667,824,843,32,18,14,9,5,4,110,81,29,48,27,21,4,2,2,1322,610,712,91,42,49,17,11,6,34,28,6
173887,Total students enrolled for credit,447,193,254,7,1,6,24,10,14,65,29,36,26,15,11,6,3,3,294,122,172,2,1,1,21,12,9,2,0,2
173887,Undergraduate students,447,193,254,7,1,6,24,10,14,65,29,36,26,15,11,6,3,3,294,122,172,2,1,1,21,12,9,2,0,2
173896,Total students enrolled for credit,622,265,357,1,0,1,11,5,6,24,9,15,10,4,6,0,0,0,469,189,280,6,6,0,57,21,36,44,31,13
173896,Graduate student,622,265,357,1,0,1,11,5,6,24,9,15,10,4,6,0,0,0,469,189,280,6,6,0,57,21,36,44,31,13
173902,Total students enrolled for credit,2249,901,1348,4,1,3,143,49,94,59,22,37,134,45,89,2,1,1,1394,591,803,110,40,70,79,30,49,324,122,202
173902,Undergraduate students,2249,901,1348,4,1,3,143,49,94,59,22,37,134,45,89,2,1,1,1394,591,803,110,40,70,79,30,49,324,122,202
173911,Total students enrolled for credit,4710,2464,2246,15,9,6,64,30,34,411,208,203,344,153,191,3,2,1,3486,1842,1644,107,45,62,255,155,100,25,20,5
173911,Undergraduate students,4710,2464,2246,15,9,6,64,30,34,411,208,203,344,153,191,3,2,1,3486,1842,1644,107,45,62,255,155,100,25,20,5
173920,Total students enrolled for credit,17970,8071,9899,52,15,37,619,275,344,884,479,405,698,321,377,11,6,5,13095,5553,7542,478,206,272,650,243,407,1483,973,510
173920,Undergraduate students,15273,7158,8115,40,8,32,535,247,288,779,419,360,655,300,355,10,5,5,11286,5034,6252,436,185,251,334,156,178,1198,804,394
173920,Graduate student,2697,913,1784,12,7,5,84,28,56,105,60,45,43,21,22,1,1,0,1809,519,1290,42,21,21,316,87,229,285,169,116
173957,Total students enrolled for credit,250,121,129,3,0,3,48,20,28,10,2,8,14,7,7,2,2,0,124,66,58,5,0,5,32,15,17,12,9,3
173957,Graduate student,250,121,129,3,0,3,48,20,28,10,2,8,14,7,7,2,2,0,124,66,58,5,0,5,32,15,17,12,9,3
173966,Total students enrolled for credit,519,163,356,2,1,1,21,6,15,12,6,6,8,4,4,1,0,1,423,129,294,11,3,8,37,12,25,4,2,2
173966,Undergraduate students,246,78,168,0,0,0,10,3,7,8,4,4,3,1,2,1,0,1,185,57,128,8,3,5,30,9,21,1,1,0
173966,Graduate student,273,85,188,2,1,1,11,3,8,4,2,2,5,3,2,0,0,0,238,72,166,3,0,3,7,3,4,3,1,2
173984,Total students enrolled for credit,1805,294,1511,11,4,7,107,22,85,198,65,133,85,13,72,3,1,2,1374,182,1192,0,0,0,9,3,6,18,4,14
173984,Undergraduate students,1442,194,1248,9,3,6,86,12,74,156,49,107,69,8,61,2,0,2,1107,118,989,0,0,0,8,3,5,5,1,4
173984,Graduate student,363,100,263,2,1,1,21,10,11,42,16,26,16,5,11,1,1,0,267,64,203,0,0,0,1,0,1,13,3,10
173993,Total students enrolled for credit,1742,915,827,49,19,30,4,0,4,104,86,18,40,22,18,2,0,2,1368,673,695,87,44,43,84,68,16,4,3,1
173993,Undergraduate students,1742,915,827,49,19,30,4,0,4,104,86,18,40,22,18,2,0,2,1368,673,695,87,44,43,84,68,16,4,3,1
174020,Total students enrolled for credit,11342,4752,6590,66,19,47,1537,672,865,2119,931,1188,568,225,343,10,8,2,5898,2414,3484,448,181,267,409,169,240,287,133,154
174020,Undergraduate students,10181,4266,5915,63,18,45,1432,618,814,1957,848,1109,540,213,327,10,8,2,5387,2219,3168,416,168,248,169,75,94,207,99,108
174020,Graduate student,1161,486,675,3,1,2,105,54,51,162,83,79,28,12,16,0,0,0,511,195,316,32,13,19,240,94,146,80,34,46
174066,Total students enrolled for credit,64860,30056,34804,238,85,153,5249,2304,2945,2713,1164,1549,2511,1108,1403,53,23,30,41520,18943,22577,1907,833,1074,3505,1599,1906,7164,3997,3167
174066,Undergraduate students,45796,21245,24551,135,50,85,4220,1890,2330,2138,908,1230,1890,842,1048,48,22,26,30502,14105,16397,1470,667,803,1922,872,1050,3471,1889,1582
174066,Graduate student,19064,8811,10253,103,35,68,1029,414,615,575,256,319,621,266,355,5,1,4,11018,4838,6180,437,166,271,1583,727,856,3693,2108,1585
174075,Total students enrolled for credit,3290,1564,1726,20,8,12,65,24,41,146,94,52,89,36,53,0,0,0,1870,885,985,56,28,28,923,415,508,121,74,47
174075,Undergraduate students,3290,1564,1726,20,8,12,65,24,41,146,94,52,89,36,53,0,0,0,1870,885,985,56,28,28,923,415,508,121,74,47
174118,Total students enrolled for credit,249,89,160,12,10,2,56,25,31,15,4,11,14,5,9,4,0,4,148,45,103,0,0,0,0,0,0,0,0,0
174118,Undergraduate students,249,89,160,12,10,2,56,25,31,15,4,11,14,5,9,4,0,4,148,45,103,0,0,0,0,0,0,0,0,0
174127,Total students enrolled for credit,876,260,616,14,2,12,62,26,36,45,16,29,50,11,39,0,0,0,555,166,389,16,4,12,81,22,59,53,13,40
174127,Undergraduate students,748,225,523,14,2,12,57,24,33,38,15,23,44,10,34,0,0,0,483,142,341,14,4,10,67,20,47,31,8,23
174127,Graduate student,128,35,93,0,0,0,5,2,3,7,1,6,6,1,5,0,0,0,72,24,48,2,0,2,14,2,12,22,5,17
174136,Total students enrolled for credit,11302,4949,6353,138,53,85,631,240,391,3403,1447,1956,1336,560,776,10,6,4,4297,2016,2281,767,301,466,479,222,257,241,104,137
174136,Undergraduate students,11302,4949,6353,138,53,85,631,240,391,3403,1447,1956,1336,560,776,10,6,4,4297,2016,2281,767,301,466,479,222,257,241,104,137
174154,Total students enrolled for credit,462,57,405,4,0,4,51,7,44,56,11,45,11,0,11,0,0,0,261,28,233,8,2,6,71,9,62,0,0,0
174154,Undergraduate students,462,57,405,4,0,4,51,7,44,56,11,45,11,0,11,0,0,0,261,28,233,8,2,6,71,9,62,0,0,0
174190,Total students enrolled for credit,226,5,221,5,0,5,16,0,16,27,1,26,30,2,28,0,0,0,131,2,129,17,0,17,0,0,0,0,0,0
174190,Undergraduate students,226,5,221,5,0,5,16,0,16,27,1,26,30,2,28,0,0,0,131,2,129,17,0,17,0,0,0,0,0,0
174233,Total students enrolled for credit,11613,6127,5486,128,50,78,365,178,187,251,141,110,292,163,129,9,5,4,9143,4928,4215,333,163,170,751,313,438,341,186,155
174233,Undergraduate students,10490,5609,4881,66,29,37,326,162,164,232,127,105,272,157,115,9,5,4,8361,4569,3792,295,150,145,712,296,416,217,114,103
174233,Graduate student,1123,518,605,62,21,41,39,16,23,19,14,5,20,6,14,0,0,0,782,359,423,38,13,25,39,17,22,124,72,52
174251,Total students enrolled for credit,1912,841,1071,125,48,77,66,27,39,40,17,23,86,38,48,0,0,0,1111,479,632,212,88,124,17,10,7,255,134,121
174251,Undergraduate students,1912,841,1071,125,48,77,66,27,39,40,17,23,86,38,48,0,0,0,1111,479,632,212,88,124,17,10,7,255,134,121
174321,Total students enrolled for credit,155,3,152,1,0,1,1,0,1,12,0,12,3,0,3,1,0,1,135,3,132,1,0,1,1,0,1,0,0,0
174321,Undergraduate students,155,3,152,1,0,1,1,0,1,12,0,12,3,0,3,1,0,1,135,3,132,1,0,1,1,0,1,0,0,0
174358,Total students enrolled for credit,7271,2779,4492,49,17,32,101,41,60,242,165,77,205,83,122,6,3,3,5714,2011,3703,210,88,122,234,101,133,510,270,240
174358,Undergraduate students,6177,2498,3679,44,16,28,89,39,50,223,152,71,198,83,115,5,3,2,4723,1765,2958,192,84,108,203,90,113,500,266,234
174358,Graduate student,1094,281,813,5,1,4,12,2,10,19,13,6,7,0,7,1,0,1,991,246,745,18,4,14,31,11,20,10,4,6
174376,Total students enrolled for credit,10173,4202,5971,42,13,29,1273,577,696,2208,917,1291,660,247,413,13,5,8,5005,2034,2971,475,172,303,345,156,189,152,81,71
174376,Undergraduate students,10173,4202,5971,42,13,29,1273,577,696,2208,917,1291,660,247,413,13,5,8,5005,2034,2971,475,172,303,345,156,189,152,81,71
174385,Total students enrolled for credit,282,99,183,9,3,6,30,16,14,108,35,73,7,1,6,0,0,0,110,40,70,2,0,2,15,3,12,1,1,0
174385,Undergraduate students,282,99,183,9,3,6,30,16,14,108,35,73,7,1,6,0,0,0,110,40,70,2,0,2,15,3,12,1,1,0
174428,Total students enrolled for credit,14877,6536,8341,60,31,29,1159,499,660,2043,962,1081,1391,591,800,23,11,12,8437,3717,4720,710,271,439,908,384,524,146,70,76
174428,Undergraduate students,14877,6536,8341,60,31,29,1159,499,660,2043,962,1081,1391,591,800,23,11,12,8437,3717,4720,710,271,439,908,384,524,146,70,76
174437,Total students enrolled for credit,1182,507,675,3,1,2,29,11,18,46,17,29,65,27,38,1,0,1,886,384,502,39,16,23,100,46,54,13,5,8
174437,Undergraduate students,1140,485,655,3,1,2,28,10,18,46,17,29,63,26,37,1,0,1,855,369,486,39,16,23,93,41,52,12,5,7
174437,Graduate student,42,22,20,0,0,0,1,1,0,0,0,0,2,1,1,0,0,0,31,15,16,0,0,0,7,5,2,1,0,1
174473,Total students enrolled for credit,4892,2066,2826,88,32,56,77,33,44,358,204,154,211,87,124,4,1,3,3755,1532,2223,179,69,110,185,86,99,35,22,13
174473,Undergraduate students,4892,2066,2826,88,32,56,77,33,44,358,204,154,211,87,124,4,1,3,3755,1532,2223,179,69,110,185,86,99,35,22,13
174491,Total students enrolled for credit,3993,1587,2406,8,4,4,135,52,83,131,62,69,142,55,87,3,0,3,3318,1304,2014,118,48,70,111,47,64,27,15,12
174491,Undergraduate students,3702,1431,2271,7,3,4,118,43,75,102,45,57,130,48,82,3,0,3,3104,1194,1910,114,45,69,101,40,61,23,13,10
174491,Graduate student,291,156,135,1,1,0,17,9,8,29,17,12,12,7,5,0,0,0,214,110,104,4,3,1,10,7,3,4,2,2
174507,Total students enrolled for credit,1113,518,595,9,6,3,65,35,30,16,9,7,12,4,8,0,0,0,607,292,315,9,1,8,378,165,213,17,6,11
174507,Undergraduate students,309,107,202,1,1,0,25,11,14,11,5,6,2,1,1,0,0,0,101,31,70,5,1,4,162,57,105,2,0,2
174507,Graduate student,804,411,393,8,5,3,40,24,16,5,4,1,10,3,7,0,0,0,506,261,245,4,0,4,216,108,108,15,6,9
174525,Total students enrolled for credit,134,71,63,4,3,1,2,1,1,9,7,2,4,3,1,0,0,0,109,53,56,5,3,2,0,0,0,1,1,0
174525,Undergraduate students,134,71,63,4,3,1,2,1,1,9,7,2,4,3,1,0,0,0,109,53,56,5,3,2,0,0,0,1,1,0
174570,Total students enrolled for credit,2636,1149,1487,21,7,14,57,33,24,92,42,50,104,48,56,3,1,2,2187,948,1239,81,32,49,91,38,53,0,0,0
174570,Undergraduate students,2636,1149,1487,21,7,14,57,33,24,92,42,50,104,48,56,3,1,2,2187,948,1239,81,32,49,91,38,53,0,0,0
174604,Total students enrolled for credit,458,184,274,5,1,4,9,5,4,48,31,17,38,22,16,0,0,0,312,112,200,32,10,22,6,1,5,8,2,6
174604,Undergraduate students,458,184,274,5,1,4,9,5,4,48,31,17,38,22,16,0,0,0,312,112,200,32,10,22,6,1,5,8,2,6
174738,Total students enrolled for credit,7097,2723,4374,26,11,15,348,137,211,742,362,380,428,154,274,2,1,1,5061,1802,3259,219,105,114,123,52,71,148,99,49
174738,Undergraduate students,7097,2723,4374,26,11,15,348,137,211,742,362,380,428,154,274,2,1,1,5061,1802,3259,219,105,114,123,52,71,148,99,49
174747,Total students enrolled for credit,2022,0,2022,15,0,15,116,0,116,64,0,64,137,0,137,3,0,3,1578,0,1578,15,0,15,0,0,0,94,0,94
174747,Undergraduate students,2022,0,2022,15,0,15,116,0,116,64,0,64,137,0,137,3,0,3,1578,0,1578,15,0,15,0,0,0,94,0,94
174756,Total students enrolled for credit,5857,2642,3215,29,13,16,111,51,60,698,348,350,250,126,124,3,2,1,4488,1972,2516,188,78,110,74,38,36,16,14,2
174756,Undergraduate students,5857,2642,3215,29,13,16,111,51,60,698,348,350,250,126,124,3,2,1,4488,1972,2516,188,78,110,74,38,36,16,14,2
174783,Total students enrolled for credit,18441,8526,9915,51,25,26,925,485,440,1056,582,474,534,262,272,12,4,8,13075,5662,7413,516,229,287,630,280,350,1642,997,645
174783,Undergraduate students,15955,7482,8473,40,21,19,832,450,382,970,534,436,501,252,249,10,3,7,11689,5177,6512,487,218,269,275,122,153,1151,705,446
174783,Graduate student,2486,1044,1442,11,4,7,93,35,58,86,48,38,33,10,23,2,1,1,1386,485,901,29,11,18,355,158,197,491,292,199
174792,Total students enrolled for credit,1933,1875,58,9,9,0,48,48,0,83,83,0,142,140,2,7,7,0,1525,1474,51,12,12,0,0,0,0,107,102,5
174792,Undergraduate students,1816,1816,0,9,9,0,48,48,0,83,83,0,136,136,0,6,6,0,1432,1432,0,12,12,0,0,0,0,90,90,0
174792,Graduate student,117,59,58,0,0,0,0,0,0,0,0,0,6,4,2,1,1,0,93,42,51,0,0,0,0,0,0,17,12,5
174817,Total students enrolled for credit,8046,2710,5336,34,16,18,244,83,161,623,276,347,252,88,164,3,2,1,5162,1586,3576,57,18,39,1447,527,920,224,114,110
174817,Undergraduate students,1883,883,1000,8,5,3,53,23,30,179,89,90,122,48,74,1,1,0,1121,521,600,18,7,11,328,158,170,53,31,22
174817,Graduate student,6163,1827,4336,26,11,15,191,60,131,444,187,257,130,40,90,2,1,1,4041,1065,2976,39,11,28,1119,369,750,171,83,88
174844,Total students enrolled for credit,3137,1376,1761,3,1,2,211,70,141,71,38,33,181,77,104,1,0,1,2277,1021,1256,102,33,69,34,13,21,257,123,134
174844,Undergraduate students,3137,1376,1761,3,1,2,211,70,141,71,38,33,181,77,104,1,0,1,2277,1021,1256,102,33,69,34,13,21,257,123,134
174862,Total students enrolled for credit,1537,738,799,9,4,5,98,60,38,103,45,58,101,53,48,1,1,0,1147,532,615,43,23,20,5,3,2,30,17,13
174862,Undergraduate students,1184,544,640,9,4,5,74,41,33,74,35,39,83,42,41,1,1,0,879,386,493,31,16,15,4,2,2,29,17,12
174862,Graduate student,353,194,159,0,0,0,24,19,5,29,10,19,18,11,7,0,0,0,268,146,122,12,7,5,1,1,0,1,0,1
174899,Total students enrolled for credit,5171,1420,3751,52,9,43,253,88,165,237,66,171,166,47,119,2,1,1,4175,1099,3076,145,41,104,41,16,25,100,53,47
174899,Undergraduate students,3143,871,2272,39,6,33,74,21,53,110,29,81,117,34,83,2,1,1,2602,697,1905,102,31,71,15,5,10,82,47,35
174899,Graduate student,2028,549,1479,13,3,10,179,67,112,127,37,90,49,13,36,0,0,0,1573,402,1171,43,10,33,26,11,15,18,6,12
174914,Total students enrolled for credit,11158,5608,5550,17,3,14,507,237,270,464,288,176,452,220,232,4,2,2,8466,4170,4296,288,141,147,308,167,141,652,380,272
174914,Undergraduate students,6424,3479,2945,6,2,4,239,115,124,163,106,57,311,158,153,2,1,1,5205,2796,2409,202,112,90,85,46,39,211,143,68
174914,Graduate student,4734,2129,2605,11,1,10,268,122,146,301,182,119,141,62,79,2,1,1,3261,1374,1887,86,29,57,223,121,102,441,237,204
174978,Total students enrolled for credit,192,4,188,3,0,3,8,0,8,67,2,65,23,1,22,0,0,0,78,1,77,11,0,11,2,0,2,0,0,0
174978,Undergraduate students,192,4,188,3,0,3,8,0,8,67,2,65,23,1,22,0,0,0,78,1,77,11,0,11,2,0,2,0,0,0
175005,Total students enrolled for credit,5970,402,5568,32,1,31,492,24,468,475,20,455,325,16,309,9,0,9,4054,297,3757,144,4,140,393,38,355,46,2,44
175005,Undergraduate students,3747,148,3599,18,0,18,398,13,385,393,12,381,271,6,265,9,0,9,2273,92,2181,107,1,106,244,24,220,34,0,34
175005,Graduate student,2223,254,1969,14,1,13,94,11,83,82,8,74,54,10,44,0,0,0,1781,205,1576,37,3,34,149,14,135,12,2,10
175014,Total students enrolled for credit,9343,1634,7709,145,29,116,292,79,213,832,213,619,14,2,12,13,3,10,4343,836,3507,15,1,14,3689,471,3218,0,0,0
175014,Undergraduate students,9342,1634,7708,145,29,116,292,79,213,832,213,619,14,2,12,13,3,10,4343,836,3507,15,1,14,3688,471,3217,0,0,0
175014,Graduate student,1,0,1,0,0,0,0,0,0,0,0,0,0,0,0,0,0,0,0,0,0,0,0,0,1,0,1,0,0,0
175041,Total students enrolled for credit,10035,4453,5582,49,23,26,1838,786,1052,2953,1263,1690,894,371,523,13,6,7,3595,1729,1866,536,217,319,113,41,72,44,17,27
175041,Undergraduate students,10035,4453,5582,49,23,26,1838,786,1052,2953,1263,1690,894,371,523,13,6,7,3595,1729,1866,536,217,319,113,41,72,44,17,27
175078,Total students enrolled for credit,9019,3721,5298,30,9,21,159,58,101,218,130,88,313,119,194,2,2,0,7386,2943,4443,194,85,109,309,137,172,408,238,170
175078,Undergraduate students,8381,3494,4887,30,9,21,153,56,97,207,122,85,308,116,192,2,2,0,6953,2813,4140,188,82,106,258,118,140,282,176,106
175078,Graduate student,638,227,411,0,0,0,6,2,4,11,8,3,5,3,2,0,0,0,433,130,303,6,3,3,51,19,32,126,62,64
175120,Total students enrolled for credit,886,521,365,27,20,7,49,33,16,498,284,214,74,44,30,0,0,0,159,94,65,63,33,30,10,9,1,6,4,2
175120,Undergraduate students,886,521,365,27,20,7,49,33,16,498,284,214,74,44,30,0,0,0,159,94,65,63,33,30,10,9,1,6,4,2
175139,Total students enrolled for credit,118,51,67,2,1,1,5,4,1,21,10,11,1,1,0,0,0,0,84,33,51,2,0,2,1,0,1,2,2,0
175139,Graduate student,118,51,67,2,1,1,5,4,1,21,10,11,1,1,0,0,0,0,84,33,51,2,0,2,1,0,1,2,2,0
175157,Total students enrolled for credit,835,497,338,10,5,5,6,2,4,91,78,13,15,7,8,0,0,0,651,364,287,36,19,17,19,15,4,7,7,0
175157,Undergraduate students,835,497,338,10,5,5,6,2,4,91,78,13,15,7,8,0,0,0,651,364,287,36,19,17,19,15,4,7,7,0
175227,Total students enrolled for credit,1502,1267,235,6,5,1,100,85,15,86,76,10,64,48,16,7,6,1,1120,951,169,46,37,9,67,56,11,6,3,3
175227,Undergraduate students,1502,1267,235,6,5,1,100,85,15,86,76,10,64,48,16,7,6,1,1120,951,169,46,37,9,67,56,11,6,3,3
175236,Total students enrolled for credit,4994,2192,2802,16,8,8,57,28,29,195,125,70,368,143,225,7,3,4,4095,1767,2328,128,55,73,111,49,62,17,14,3
175236,Undergraduate students,4994,2192,2802,16,8,8,57,28,29,195,125,70,368,143,225,7,3,4,4095,1767,2328,128,55,73,111,49,62,17,14,3
175263,Total students enrolled for credit,2896,1155,1741,17,8,9,57,21,36,165,83,82,117,52,65,1,1,0,2429,943,1486,81,31,50,20,11,9,9,5,4
175263,Undergraduate students,2896,1155,1741,17,8,9,57,21,36,165,83,82,117,52,65,1,1,0,2429,943,1486,81,31,50,20,11,9,9,5,4
175272,Total students enrolled for credit,9123,3395,5728,16,3,13,221,77,144,267,152,115,254,109,145,8,7,1,7704,2737,4967,212,81,131,115,57,58,326,172,154
175272,Undergraduate students,8477,3209,5268,14,3,11,214,75,139,241,136,105,242,103,139,8,7,1,7150,2594,4556,200,75,125,102,50,52,306,166,140
175272,Graduate student,646,186,460,2,0,2,7,2,5,26,16,10,12,6,6,0,0,0,554,143,411,12,6,6,13,7,6,20,6,14
175281,Total students enrolled for credit,1077,519,558,11,8,3,43,13,30,56,29,27,49,19,30,1,0,1,709,349,360,38,13,25,148,78,70,22,10,12
175281,Graduate student,1077,519,558,11,8,3,43,13,30,56,29,27,49,19,30,1,0,1,709,349,360,38,13,25,148,78,70,22,10,12
175315,Total students enrolled for credit,12346,5439,6907,45,18,27,1982,904,1078,1262,530,732,934,375,559,21,11,10,7154,3189,3965,522,197,325,207,99,108,219,116,103
175315,Undergraduate students,12346,5439,6907,45,18,27,1982,904,1078,1262,530,732,934,375,559,21,11,10,7154,3189,3965,522,197,325,207,99,108,219,116,103
175342,Total students enrolled for credit,3910,1385,2525,2,1,1,11,4,7,3520,1210,2310,27,12,15,12,4,8,152,49,103,51,19,32,0,0,0,135,86,49
175342,Undergraduate students,3211,1165,2046,2,1,1,8,2,6,2942,1070,1872,26,11,15,9,1,8,121,42,79,47,18,29,0,0,0,56,20,36
175342,Graduate student,699,220,479,0,0,0,3,2,1,578,140,438,1,1,0,3,3,0,31,7,24,4,1,3,0,0,0,79,66,13
175421,Total students enrolled for credit,6135,1780,4355,39,9,30,31,11,20,3698,902,2796,176,63,113,6,2,4,1587,592,995,115,41,74,400,102,298,83,58,25
175421,Undergraduate students,3076,1044,2032,20,2,18,24,6,18,1518,446,1072,144,52,92,2,1,1,1053,403,650,70,29,41,179,57,122,66,48,18
175421,Graduate student,3059,736,2323,19,7,12,7,5,2,2180,456,1724,32,11,21,4,1,3,534,189,345,45,12,33,221,45,176,17,10,7
175430,Total students enrolled for credit,653,278,375,4,3,1,1,0,1,66,28,38,12,5,7,0,0,0,554,232,322,6,3,3,1,0,1,9,7,2
175430,Undergraduate students,611,275,336,4,3,1,1,0,1,65,28,37,12,5,7,0,0,0,513,229,284,6,3,3,1,0,1,9,7,2
175430,Graduate student,42,3,39,0,0,0,0,0,0,1,0,1,0,0,0,0,0,0,41,3,38,0,0,0,0,0,0,0,0,0
175494,Total students enrolled for credit,124,20,104,0,0,0,19,7,12,40,7,33,4,0,4,0,0,0,60,6,54,1,0,1,0,0,0,0,0,0
175494,Undergraduate students,124,20,104,0,0,0,19,7,12,40,7,33,4,0,4,0,0,0,60,6,54,1,0,1,0,0,0,0,0,0
175519,Total students enrolled for credit,2940,1219,1721,1,0,1,2,1,1,2753,1131,1622,6,5,1,1,0,1,155,73,82,2,1,1,14,3,11,6,5,1
175519,Undergraduate students,2940,1219,1721,1,0,1,2,1,1,2753,1131,1622,6,5,1,1,0,1,155,73,82,2,1,1,14,3,11,6,5,1
175528,Total students enrolled for credit,620,37,583,0,0,0,3,0,3,469,29,440,6,0,6,0,0,0,126,6,120,0,0,0,16,2,14,0,0,0
175528,Undergraduate students,620,37,583,0,0,0,3,0,3,469,29,440,6,0,6,0,0,0,126,6,120,0,0,0,16,2,14,0,0,0
175573,Total students enrolled for credit,3866,1474,2392,8,2,6,7,3,4,1619,611,1008,52,25,27,1,1,0,2033,782,1251,24,5,19,122,45,77,0,0,0
175573,Undergraduate students,3866,1474,2392,8,2,6,7,3,4,1619,611,1008,52,25,27,1,1,0,2033,782,1251,24,5,19,122,45,77,0,0,0
175607,Total students enrolled for credit,34,3,31,0,0,0,0,0,0,29,3,26,0,0,0,0,0,0,5,0,5,0,0,0,0,0,0,0,0,0
175607,Undergraduate students,34,3,31,0,0,0,0,0,0,29,3,26,0,0,0,0,0,0,5,0,5,0,0,0,0,0,0,0,0,0
175616,Total students enrolled for credit,5555,2009,3546,15,11,4,77,33,44,1814,565,1249,234,84,150,5,5,0,3032,1152,1880,36,17,19,177,58,119,165,84,81
175616,Undergraduate students,3220,1312,1908,6,5,1,35,18,17,989,367,622,64,30,34,3,3,0,1954,803,1151,30,15,15,16,9,7,123,62,61
175616,Graduate student,2335,697,1638,9,6,3,42,15,27,825,198,627,170,54,116,2,2,0,1078,349,729,6,2,4,161,49,112,42,22,20
175643,Total students enrolled for credit,2913,1197,1716,164,58,106,13,5,8,1012,410,602,54,25,29,2,1,1,1547,649,898,50,16,34,47,20,27,24,13,11
175643,Undergraduate students,2913,1197,1716,164,58,106,13,5,8,1012,410,602,54,25,29,2,1,1,1547,649,898,50,16,34,47,20,27,24,13,11
175652,Total students enrolled for credit,6643,2915,3728,13,5,8,43,24,19,2902,1089,1813,107,52,55,2,0,2,3269,1593,1676,151,78,73,156,74,82,0,0,0
175652,Undergraduate students,6643,2915,3728,13,5,8,43,24,19,2902,1089,1813,107,52,55,2,0,2,3269,1593,1676,151,78,73,156,74,82,0,0,0
175698,Total students enrolled for credit,53,31,22,0,0,0,0,0,0,45,27,18,0,0,0,0,0,0,8,4,4,0,0,0,0,0,0,0,0,0
175698,Undergraduate students,53,31,22,0,0,0,0,0,0,45,27,18,0,0,0,0,0,0,8,4,4,0,0,0,0,0,0,0,0,0
175722,Total students enrolled for credit,42,0,42,0,0,0,0,0,0,17,0,17,0,0,0,0,0,0,25,0,25,0,0,0,0,0,0,0,0,0
175722,Undergraduate students,42,0,42,0,0,0,0,0,0,17,0,17,0,0,0,0,0,0,25,0,25,0,0,0,0,0,0,0,0,0
175786,Total students enrolled for credit,15629,6223,9406,32,15,17,127,55,72,8801,3332,5469,256,99,157,3,3,0,5707,2426,3281,409,163,246,292,129,163,2,1,1
175786,Undergraduate students,15629,6223,9406,32,15,17,127,55,72,8801,3332,5469,256,99,157,3,3,0,5707,2426,3281,409,163,246,292,129,163,2,1,1
175810,Total students enrolled for credit,8692,3040,5652,15,4,11,90,49,41,3926,1159,2767,124,44,80,3,0,3,4299,1684,2615,93,37,56,142,63,79,0,0,0
175810,Undergraduate students,8692,3040,5652,15,4,11,90,49,41,3926,1159,2767,124,44,80,3,0,3,4299,1684,2615,93,37,56,142,63,79,0,0,0
175829,Total students enrolled for credit,7352,2906,4446,10,1,9,39,19,20,1913,738,1175,126,63,63,3,3,0,5092,1997,3095,79,36,43,88,49,39,2,0,2
175829,Undergraduate students,7352,2906,4446,10,1,9,39,19,20,1913,738,1175,126,63,63,3,3,0,5092,1997,3095,79,36,43,88,49,39,2,0,2
175856,Total students enrolled for credit,11185,3840,7345,31,9,22,33,10,23,9983,3286,6697,71,33,38,1,0,1,563,245,318,118,36,82,0,0,0,385,221,164
175856,Undergraduate students,8529,3140,5389,26,9,17,26,7,19,7774,2771,5003,53,29,24,0,0,0,350,161,189,104,32,72,0,0,0,196,131,65
175856,Graduate student,2656,700,1956,5,0,5,7,3,4,2209,515,1694,18,4,14,1,0,1,213,84,129,14,4,10,0,0,0,189,90,99
175883,Total students enrolled for credit,6336,2622,3714,42,18,24,34,10,24,2049,780,1269,44,21,23,3,2,1,4010,1732,2278,73,22,51,81,37,44,0,0,0
175883,Undergraduate students,6336,2622,3714,42,18,24,34,10,24,2049,780,1269,44,21,23,3,2,1,4010,1732,2278,73,22,51,81,37,44,0,0,0
175935,Total students enrolled for credit,4852,1496,3356,90,25,65,28,13,15,2122,526,1596,54,24,30,3,1,2,2338,828,1510,27,16,11,190,63,127,0,0,0
175935,Undergraduate students,4852,1496,3356,90,25,65,28,13,15,2122,526,1596,54,24,30,3,1,2,2338,828,1510,27,16,11,190,63,127,0,0,0
175980,Total students enrolled for credit,968,497,471,6,1,5,35,15,20,165,70,95,37,21,16,0,0,0,659,349,310,1,0,1,27,17,10,38,24,14
175980,Undergraduate students,871,443,428,6,1,5,33,14,19,149,63,86,36,21,15,0,0,0,588,308,280,1,0,1,26,16,10,32,20,12
175980,Graduate student,97,54,43,0,0,0,2,1,1,16,7,9,1,0,1,0,0,0,71,41,30,0,0,0,1,1,0,6,4,2
176008,Total students enrolled for credit,3469,1288,2181,4,2,2,26,14,12,2146,762,1384,54,23,31,0,0,0,1154,445,709,85,42,43,0,0,0,0,0,0
176008,Undergraduate students,3469,1288,2181,4,2,2,26,14,12,2146,762,1384,54,23,31,0,0,0,1154,445,709,85,42,43,0,0,0,0,0,0
176017,Total students enrolled for credit,25877,11303,14574,69,27,42,508,239,269,3493,1184,2309,787,315,472,23,12,11,19407,8749,10658,526,230,296,130,41,89,934,506,428
176017,Undergraduate students,20940,9227,11713,63,26,37,343,161,182,2849,1002,1847,674,276,398,21,11,10,15880,7213,8667,444,200,244,105,37,68,561,301,260
176017,Graduate student,4937,2076,2861,6,1,5,165,78,87,644,182,462,113,39,74,2,1,1,3527,1536,1991,82,30,52,25,4,21,373,205,168
176035,Total students enrolled for credit,3465,643,2822,19,3,16,52,17,35,1160,145,1015,18,5,13,0,0,0,2046,402,1644,15,0,15,0,0,0,155,71,84
176035,Undergraduate students,3200,603,2597,17,2,15,49,17,32,1102,139,963,15,3,12,0,0,0,1850,371,1479,15,0,15,0,0,0,152,71,81
176035,Graduate student,265,40,225,2,1,1,3,0,3,58,6,52,3,2,1,0,0,0,196,31,165,0,0,0,0,0,0,3,0,3
176044,Total students enrolled for credit,2886,1105,1781,1,0,1,10,5,5,2676,1020,1656,26,11,15,4,3,1,76,36,40,13,4,9,80,26,54,0,0,0
176044,Undergraduate students,2346,935,1411,1,0,1,6,3,3,2155,857,1298,24,11,13,4,3,1,70,34,36,13,4,9,73,23,50,0,0,0
176044,Graduate student,540,170,370,0,0,0,4,2,2,521,163,358,2,0,2,0,0,0,6,2,4,0,0,0,7,3,4,0,0,0
176053,Total students enrolled for credit,5906,2305,3601,30,12,18,167,71,96,1457,419,1038,184,63,121,9,4,5,3396,1365,2031,31,13,18,130,70,60,502,288,214
176053,Undergraduate students,3513,1410,2103,20,9,11,76,30,46,674,244,430,104,42,62,5,2,3,2340,899,1441,21,9,12,40,19,21,233,156,77
176053,Graduate student,2393,895,1498,10,3,7,91,41,50,783,175,608,80,21,59,4,2,2,1056,466,590,10,4,6,90,51,39,269,132,137
176062,Total students enrolled for credit,65,0,65,0,0,0,0,0,0,5,0,5,1,0,1,0,0,0,59,0,59,0,0,0,0,0,0,0,0,0
176062,Undergraduate students,65,0,65,0,0,0,0,0,0,5,0,5,1,0,1,0,0,0,59,0,59,0,0,0,0,0,0,0,0,0
176071,Total students enrolled for credit,12400,5103,7297,48,24,24,306,134,172,2928,1105,1823,443,192,251,20,5,15,7821,3317,4504,488,196,292,346,130,216,0,0,0
176071,Undergraduate students,12400,5103,7297,48,24,24,306,134,172,2928,1105,1823,443,192,251,20,5,15,7821,3317,4504,488,196,292,346,130,216,0,0,0
176080,Total students enrolled for credit,23820,12031,11789,104,43,61,316,183,133,4691,1975,2716,658,337,321,20,10,10,16628,8680,7948,366,173,193,123,72,51,914,558,356
176080,Undergraduate students,19554,9874,9680,85,36,49,254,152,102,4200,1808,2392,531,263,268,16,8,8,13797,7242,6555,315,145,170,89,57,32,267,163,104
176080,Graduate student,4266,2157,2109,19,7,12,62,31,31,491,167,324,127,74,53,4,2,2,2831,1438,1393,51,28,23,34,15,19,647,395,252
176169,Total students enrolled for credit,4403,1831,2572,4,1,3,17,5,12,666,322,344,90,44,46,1,1,0,3523,1413,2110,65,27,38,37,18,19,0,0,0
176169,Undergraduate students,4403,1831,2572,4,1,3,17,5,12,666,322,344,90,44,46,1,1,0,3523,1413,2110,65,27,38,37,18,19,0,0,0
176178,Total students enrolled for credit,10764,4088,6676,27,10,17,117,51,66,3416,1131,2285,269,119,150,10,2,8,6718,2690,4028,120,47,73,87,38,49,0,0,0
176178,Undergraduate students,10764,4088,6676,27,10,17,117,51,66,3416,1131,2285,269,119,150,10,2,8,6718,2690,4028,120,47,73,87,38,49,0,0,0
176239,Total students enrolled for credit,6159,2410,3749,28,8,20,33,13,20,1727,666,1061,169,61,108,0,0,0,4075,1618,2457,95,35,60,32,9,23,0,0,0
176239,Undergraduate students,6159,2410,3749,28,8,20,33,13,20,1727,666,1061,169,61,108,0,0,0,4075,1618,2457,95,35,60,32,9,23,0,0,0
176318,Total students enrolled for credit,1058,431,627,0,0,0,1,1,0,1029,417,612,0,0,0,0,0,0,6,1,5,0,0,0,0,0,0,22,12,10
176318,Undergraduate students,1058,431,627,0,0,0,1,1,0,1029,417,612,0,0,0,0,0,0,6,1,5,0,0,0,0,0,0,22,12,10
176336,Total students enrolled for credit,64,43,21,1,1,0,1,1,0,25,19,6,4,2,2,0,0,0,33,20,13,0,0,0,0,0,0,0,0,0
176336,Undergraduate students,64,43,21,1,1,0,1,1,0,25,19,6,4,2,2,0,0,0,33,20,13,0,0,0,0,0,0,0,0,0
176354,Total students enrolled for credit,2465,988,1477,7,3,4,9,2,7,1056,427,629,33,17,16,2,1,1,1317,514,803,29,15,14,6,5,1,6,4,2
176354,Undergraduate students,2465,988,1477,7,3,4,9,2,7,1056,427,629,33,17,16,2,1,1,1317,514,803,29,15,14,6,5,1,6,4,2
176372,Total students enrolled for credit,16979,6273,10706,71,29,42,242,97,145,4432,1368,3064,522,192,330,8,3,5,10597,4055,6542,429,139,290,145,59,86,533,331,202
176372,Undergraduate students,13606,5070,8536,58,23,35,181,68,113,3896,1251,2645,437,161,276,8,3,5,8324,3252,5072,322,117,205,107,45,62,273,150,123
176372,Graduate student,3373,1203,2170,13,6,7,61,29,32,536,117,419,85,31,54,0,0,0,2273,803,1470,107,22,85,38,14,24,260,181,79
176390,Total students enrolled for credit,247,14,233,0,0,0,6,3,3,217,8,209,2,1,1,0,0,0,22,2,20,0,0,0,0,0,0,0,0,0
176390,Undergraduate students,247,14,233,0,0,0,6,3,3,217,8,209,2,1,1,0,0,0,22,2,20,0,0,0,0,0,0,0,0,0
176406,Total students enrolled for credit,878,298,580,1,1,0,0,0,0,861,290,571,4,3,1,0,0,0,4,1,3,1,0,1,0,0,0,7,3,4
176406,Undergraduate students,859,296,563,1,1,0,0,0,0,843,289,554,4,3,1,0,0,0,4,1,3,1,0,1,0,0,0,6,2,4
176406,Graduate student,19,2,17,0,0,0,0,0,0,18,1,17,0,0,0,0,0,0,0,0,0,0,0,0,0,0,0,1,1,0
176451,Total students enrolled for credit,107,78,29,0,0,0,0,0,0,40,24,16,1,0,1,0,0,0,48,36,12,1,1,0,2,2,0,15,15,0
176451,Graduate student,107,78,29,0,0,0,0,0,0,40,24,16,1,0,1,0,0,0,48,36,12,1,1,0,2,2,0,15,15,0
176479,Total students enrolled for credit,6632,2183,4449,23,8,15,154,63,91,1812,494,1318,117,50,67,0,0,0,4200,1419,2781,23,9,14,185,69,116,118,71,47
176479,Undergraduate students,3781,1412,2369,17,6,11,68,19,49,1044,328,716,75,36,39,0,0,0,2363,918,1445,23,9,14,99,39,60,92,57,35
176479,Graduate student,2851,771,2080,6,2,4,86,44,42,768,166,602,42,14,28,0,0,0,1837,501,1336,0,0,0,86,30,56,26,14,12
176600,Total students enrolled for credit,167,84,83,1,0,1,9,3,6,6,4,2,10,5,5,2,2,0,124,63,61,1,0,1,3,0,3,11,7,4
176600,Graduate student,167,84,83,1,0,1,9,3,6,6,4,2,10,5,5,2,2,0,124,63,61,1,0,1,3,0,3,11,7,4
176628,Total students enrolled for credit,2205,792,1413,12,5,7,29,13,16,455,151,304,156,61,95,2,2,0,1244,368,876,65,23,42,0,0,0,242,169,73
176628,Undergraduate students,1553,614,939,10,4,6,21,10,11,329,122,207,128,56,72,2,2,0,815,260,555,53,22,31,0,0,0,195,138,57
176628,Graduate student,652,178,474,2,1,1,8,3,5,126,29,97,28,5,23,0,0,0,429,108,321,12,1,11,0,0,0,47,31,16
176664,Total students enrolled for credit,417,201,216,6,2,4,4,1,3,12,8,4,35,12,23,1,0,1,336,164,172,11,5,6,9,7,2,3,2,1
176664,Undergraduate students,379,169,210,5,2,3,4,1,3,11,7,4,34,12,22,1,0,1,304,135,169,11,5,6,9,7,2,0,0,0
176664,Graduate student,38,32,6,1,0,1,0,0,0,1,1,0,1,0,1,0,0,0,32,29,3,0,0,0,0,0,0,3,2,1
176716,Total students enrolled for credit,190,8,182,1,0,1,1,0,1,35,1,34,8,0,8,1,0,1,135,7,128,6,0,6,2,0,2,1,0,1
176716,Undergraduate students,190,8,182,1,0,1,1,0,1,35,1,34,8,0,8,1,0,1,135,7,128,6,0,6,2,0,2,1,0,1
176770,Total students enrolled for credit,1135,152,983,6,1,5,27,2,25,19,2,17,17,5,12,1,0,1,990,133,857,19,2,17,56,7,49,0,0,0
176770,Undergraduate students,973,124,849,6,1,5,22,2,20,12,0,12,15,5,10,1,0,1,847,107,740,19,2,17,51,7,44,0,0,0
176770,Graduate student,162,28,134,0,0,0,5,0,5,7,2,5,2,0,2,0,0,0,143,26,117,0,0,0,5,0,5,0,0,0
176789,Total students enrolled for credit,355,188,167,3,3,0,14,5,9,49,31,18,5,1,4,1,1,0,264,140,124,14,6,8,1,0,1,4,1,3
176789,Undergraduate students,284,149,135,2,2,0,8,2,6,32,22,10,4,1,3,1,1,0,218,114,104,14,6,8,1,0,1,4,1,3
176789,Graduate student,71,39,32,1,1,0,6,3,3,17,9,8,1,0,1,0,0,0,46,26,20,0,0,0,0,0,0,0,0,0
176798,Total students enrolled for credit,307,91,216,2,1,1,2,0,2,30,6,24,3,2,1,0,0,0,266,80,186,4,2,2,0,0,0,0,0,0
176798,Undergraduate students,307,91,216,2,1,1,2,0,2,30,6,24,3,2,1,0,0,0,266,80,186,4,2,2,0,0,0,0,0,0
176910,Total students enrolled for credit,283,152,131,1,0,1,1,0,1,21,13,8,9,5,4,0,0,0,238,126,112,11,7,4,2,1,1,0,0,0
176910,Undergraduate students,283,152,131,1,0,1,1,0,1,21,13,8,9,5,4,0,0,0,238,126,112,11,7,4,2,1,1,0,0,0
176947,Total students enrolled for credit,1160,572,588,6,4,2,5,0,5,96,72,24,40,24,16,0,0,0,871,393,478,43,21,22,29,13,16,70,45,25
176947,Undergraduate students,1160,572,588,6,4,2,5,0,5,96,72,24,40,24,16,0,0,0,871,393,478,43,21,22,29,13,16,70,45,25
176965,Total students enrolled for credit,18509,8379,10130,42,20,22,340,141,199,1282,550,732,599,265,334,33,16,17,12020,4839,7181,586,229,357,665,228,437,2942,2091,851
176965,Undergraduate students,12843,5604,7239,36,19,17,314,130,184,1131,480,651,528,231,297,33,16,17,9642,4154,5488,516,205,311,336,163,173,307,206,101
176965,Graduate student,5666,2775,2891,6,1,5,26,11,15,151,70,81,71,34,37,0,0,0,2378,685,1693,70,24,46,329,65,264,2635,1885,750
176983,Total students enrolled for credit,85,72,13,0,0,0,0,0,0,1,1,0,0,0,0,0,0,0,84,71,13,0,0,0,0,0,0,0,0,0
176983,Undergraduate students,85,72,13,0,0,0,0,0,0,1,1,0,0,0,0,0,0,0,84,71,13,0,0,0,0,0,0,0,0,0
177038,Total students enrolled for credit,603,345,258,10,5,5,16,8,8,16,11,5,23,16,7,0,0,0,463,267,196,9,2,7,64,34,30,2,2,0
177038,Undergraduate students,90,46,44,2,2,0,3,1,2,4,2,2,5,3,2,0,0,0,70,35,35,2,0,2,3,2,1,1,1,0
177038,Graduate student,513,299,214,8,3,5,13,7,6,12,9,3,18,13,5,0,0,0,393,232,161,7,2,5,61,32,29,1,1,0
177056,Total students enrolled for credit,162,36,126,0,0,0,1,1,0,33,3,30,4,2,2,0,0,0,124,30,94,0,0,0,0,0,0,0,0,0
177056,Undergraduate students,162,36,126,0,0,0,1,1,0,33,3,30,4,2,2,0,0,0,124,30,94,0,0,0,0,0,0,0,0,0
177065,Total students enrolled for credit,22647,9976,12671,215,82,133,384,210,174,5218,1917,3301,2063,1017,1046,107,59,48,12385,5646,6739,739,315,424,812,352,460,724,378,346
177065,Undergraduate students,21505,9545,11960,207,76,131,369,203,166,5052,1868,3184,2000,993,1007,104,57,47,11584,5340,6244,706,301,405,800,346,454,683,361,322
177065,Graduate student,1142,431,711,8,6,2,15,7,8,166,49,117,63,24,39,3,2,1,801,306,495,33,14,19,12,6,6,41,17,24
177083,Total students enrolled for credit,94,94,0,0,0,0,7,7,0,0,0,0,17,17,0,0,0,0,68,68,0,0,0,0,2,2,0,0,0,0
177083,Undergraduate students,94,94,0,0,0,0,7,7,0,0,0,0,17,17,0,0,0,0,68,68,0,0,0,0,2,2,0,0,0,0
177092,Total students enrolled for credit,667,634,33,1,1,0,12,11,1,22,21,1,15,14,1,0,0,0,434,416,18,19,18,1,164,153,11,0,0,0
177092,Graduate student,667,634,33,1,1,0,12,11,1,22,21,1,15,14,1,0,0,0,434,416,18,19,18,1,164,153,11,0,0,0
177117,Total students enrolled for credit,291,0,291,3,0,3,4,0,4,15,0,15,26,0,26,1,0,1,184,0,184,16,0,16,0,0,0,42,0,42
177117,Undergraduate students,291,0,291,3,0,3,4,0,4,15,0,15,26,0,26,1,0,1,184,0,184,16,0,16,0,0,0,42,0,42
177126,Total students enrolled for credit,629,429,200,2,1,1,26,18,8,30,19,11,11,7,4,0,0,0,430,299,131,13,9,4,78,46,32,39,30,9
177126,Graduate student,629,429,200,2,1,1,26,18,8,30,19,11,11,7,4,0,0,0,430,299,131,13,9,4,78,46,32,39,30,9
177135,Total students enrolled for credit,6862,2629,4233,113,40,73,112,42,70,141,92,49,632,287,345,30,12,18,5370,1921,3449,302,127,175,107,62,45,55,46,9
177135,Undergraduate students,6862,2629,4233,113,40,73,112,42,70,141,92,49,632,287,345,30,12,18,5370,1921,3449,302,127,175,107,62,45,55,46,9
177144,Total students enrolled for credit,1229,591,638,3,2,1,5,4,1,139,101,38,57,42,15,3,2,1,906,349,557,33,17,16,3,0,3,80,74,6
177144,Undergraduate students,1168,569,599,3,2,1,5,4,1,134,98,36,54,40,14,3,2,1,854,332,522,32,17,15,3,0,3,80,74,6
177144,Graduate student,61,22,39,0,0,0,0,0,0,5,3,2,3,2,1,0,0,0,52,17,35,1,0,1,0,0,0,0,0,0
177214,Total students enrolled for credit,4850,1957,2893,36,17,19,55,25,30,206,100,106,259,102,157,9,5,4,3846,1445,2401,138,61,77,0,0,0,301,202,99
177214,Undergraduate students,4439,1836,2603,35,17,18,51,24,27,202,98,104,249,100,149,9,5,4,3481,1343,2138,129,56,73,0,0,0,283,193,90
177214,Graduate student,411,121,290,1,0,1,4,1,3,4,2,2,10,2,8,0,0,0,365,102,263,9,5,4,0,0,0,18,9,9
177250,Total students enrolled for credit,3960,1489,2471,19,5,14,26,10,16,42,21,21,78,33,45,5,2,3,3723,1388,2335,26,14,12,39,14,25,2,2,0
177250,Undergraduate students,3960,1489,2471,19,5,14,26,10,16,42,21,21,78,33,45,5,2,3,3723,1388,2335,26,14,12,39,14,25,2,2,0
177278,Total students enrolled for credit,153,70,83,0,0,0,1,1,0,43,15,28,2,1,1,1,0,1,85,38,47,0,0,0,9,6,3,12,9,3
177278,Graduate student,153,70,83,0,0,0,1,1,0,43,15,28,2,1,1,1,0,1,85,38,47,0,0,0,9,6,3,12,9,3
177287,Total students enrolled for credit,263,5,258,2,0,2,0,0,0,197,3,194,5,0,5,1,0,1,54,2,52,3,0,3,1,0,1,0,0,0
177287,Undergraduate students,263,5,258,2,0,2,0,0,0,197,3,194,5,0,5,1,0,1,54,2,52,3,0,3,1,0,1,0,0,0
177302,Total students enrolled for credit,842,292,550,8,3,5,8,5,3,229,67,162,70,35,35,5,1,4,481,170,311,33,7,26,8,4,4,0,0,0
177302,Undergraduate students,842,292,550,8,3,5,8,5,3,229,67,162,70,35,35,5,1,4,481,170,311,33,7,26,8,4,4,0,0,0
177339,Total students enrolled for credit,2312,1085,1227,19,8,11,42,13,29,92,56,36,94,44,50,3,2,1,1854,861,993,40,14,26,137,75,62,31,12,19
177339,Undergraduate students,1719,772,947,11,4,7,30,5,25,63,40,23,71,29,42,2,2,0,1387,618,769,36,12,24,101,57,44,18,5,13
177339,Graduate student,593,313,280,8,4,4,12,8,4,29,16,13,23,15,8,1,0,1,467,243,224,4,2,2,36,18,18,13,7,6
177418,Total students enrolled for credit,1871,603,1268,4,2,2,27,12,15,306,63,243,31,12,19,2,2,0,1231,371,860,35,14,21,37,14,23,198,113,85
177418,Undergraduate students,1145,393,752,3,2,1,16,6,10,176,30,146,24,9,15,2,2,0,793,265,528,24,11,13,27,11,16,80,57,23
177418,Graduate student,726,210,516,1,0,1,11,6,5,130,33,97,7,3,4,0,0,0,438,106,332,11,3,8,10,3,7,118,56,62
177436,Total students enrolled for credit,54,0,54,1,0,1,0,0,0,0,0,0,0,0,0,0,0,0,49,0,49,4,0,4,0,0,0,0,0,0
177436,Undergraduate students,54,0,54,1,0,1,0,0,0,0,0,0,0,0,0,0,0,0,49,0,49,4,0,4,0,0,0,0,0,0
177472,Total students enrolled for credit,18141,7427,10714,97,44,53,239,93,146,561,267,294,871,344,527,30,10,20,15081,6133,8948,891,348,543,371,188,183,0,0,0
177472,Undergraduate students,18141,7427,10714,97,44,53,239,93,146,561,267,294,871,344,527,30,10,20,15081,6133,8948,891,348,543,371,188,183,0,0,0
177542,Total students enrolled for credit,1303,458,845,8,4,4,0,0,0,57,20,37,25,13,12,3,1,2,1090,358,732,35,8,27,15,4,11,70,50,20
177542,Undergraduate students,1170,423,747,6,4,2,0,0,0,45,16,29,24,13,11,3,1,2,982,328,654,34,8,26,6,3,3,70,50,20
177542,Graduate student,133,35,98,2,0,2,0,0,0,12,4,8,1,0,1,0,0,0,108,30,78,1,0,1,9,1,8,0,0,0
177551,Total students enrolled for credit,1780,598,1182,3,1,2,31,13,18,1395,427,968,46,22,24,1,1,0,110,63,47,40,11,29,113,33,80,41,27,14
177551,Undergraduate students,1780,598,1182,3,1,2,31,13,18,1395,427,968,46,22,24,1,1,0,110,63,47,40,11,29,113,33,80,41,27,14
177579,Total students enrolled for credit,610,171,439,3,0,3,5,1,4,83,34,49,20,7,13,3,2,1,459,110,349,31,15,16,5,1,4,1,1,0
177579,Undergraduate students,610,171,439,3,0,3,5,1,4,83,34,49,20,7,13,3,2,1,459,110,349,31,15,16,5,1,4,1,1,0
177588,Total students enrolled for credit,43,2,41,0,0,0,0,0,0,36,1,35,2,0,2,0,0,0,4,1,3,0,0,0,1,0,1,0,0,0
177588,Undergraduate students,43,2,41,0,0,0,0,0,0,36,1,35,2,0,2,0,0,0,4,1,3,0,0,0,1,0,1,0,0,0
177603,Total students enrolled for credit,81,3,78,1,0,1,0,0,0,12,0,12,4,0,4,0,0,0,62,3,59,2,0,2,0,0,0,0,0,0
177603,Undergraduate students,81,3,78,1,0,1,0,0,0,12,0,12,4,0,4,0,0,0,62,3,59,2,0,2,0,0,0,0,0,0
177676,Total students enrolled for credit,6046,2415,3631,27,16,11,45,23,22,133,46,87,15,10,5,7,5,2,5270,2076,3194,95,41,54,436,187,249,18,11,7
177676,Undergraduate students,6046,2415,3631,27,16,11,45,23,22,133,46,87,15,10,5,7,5,2,5270,2076,3194,95,41,54,436,187,249,18,11,7
177685,Total students enrolled for credit,92,2,90,0,0,0,0,0,0,33,1,32,0,0,0,0,0,0,58,1,57,1,0,1,0,0,0,0,0,0
177685,Undergraduate students,92,2,90,0,0,0,0,0,0,33,1,32,0,0,0,0,0,0,58,1,57,1,0,1,0,0,0,0,0,0
177719,Total students enrolled for credit,1014,111,903,4,1,3,26,3,23,69,11,58,22,4,18,1,0,1,793,83,710,23,2,21,76,7,69,0,0,0
177719,Undergraduate students,911,100,811,4,1,3,24,2,22,56,10,46,21,4,17,1,0,1,714,76,638,21,1,20,70,6,64,0,0,0
177719,Graduate student,103,11,92,0,0,0,2,1,1,13,1,12,1,0,1,0,0,0,79,7,72,2,1,1,6,1,5,0,0,0
177746,Total students enrolled for credit,647,170,477,4,1,3,18,6,12,40,12,28,47,16,31,0,0,0,402,100,302,75,17,58,54,16,38,7,2,5
177746,Undergraduate students,647,170,477,4,1,3,18,6,12,40,12,28,47,16,31,0,0,0,402,100,302,75,17,58,54,16,38,7,2,5
177816,Total students enrolled for credit,130,130,0,0,0,0,0,0,0,0,0,0,0,0,0,0,0,0,115,115,0,0,0,0,0,0,0,15,15,0
177816,Undergraduate students,54,54,0,0,0,0,0,0,0,0,0,0,0,0,0,0,0,0,50,50,0,0,0,0,0,0,0,4,4,0
177816,Graduate student,76,76,0,0,0,0,0,0,0,0,0,0,0,0,0,0,0,0,65,65,0,0,0,0,0,0,0,11,11,0
177834,Total students enrolled for credit,4303,1747,2556,32,11,21,521,204,317,312,109,203,346,143,203,2,2,0,2574,1045,1529,104,48,56,229,103,126,183,82,101
177834,Graduate student,4303,1747,2556,32,11,21,521,204,317,312,109,203,346,143,203,2,2,0,2574,1045,1529,104,48,56,229,103,126,183,82,101
177870,Total students enrolled for credit,14,11,3,0,0,0,0,0,0,0,0,0,0,0,0,0,0,0,14,11,3,0,0,0,0,0,0,0,0,0
177870,Undergraduate students,14,11,3,0,0,0,0,0,0,0,0,0,0,0,0,0,0,0,14,11,3,0,0,0,0,0,0,0,0,0
177931,Total students enrolled for credit,49,2,47,0,0,0,0,0,0,0,0,0,0,0,0,0,0,0,49,2,47,0,0,0,0,0,0,0,0,0
177931,Undergraduate students,49,2,47,0,0,0,0,0,0,0,0,0,0,0,0,0,0,0,49,2,47,0,0,0,0,0,0,0,0,0
177940,Total students enrolled for credit,3289,1421,1868,18,8,10,27,9,18,1349,640,709,80,33,47,4,2,2,1500,582,918,102,47,55,129,59,70,80,41,39
177940,Undergraduate students,3129,1349,1780,18,8,10,26,9,17,1303,621,682,79,32,47,4,2,2,1410,543,867,100,46,54,126,57,69,63,31,32
177940,Graduate student,160,72,88,0,0,0,1,0,1,46,19,27,1,1,0,0,0,0,90,39,51,2,1,1,3,2,1,17,10,7
177968,Total students enrolled for credit,14273,5411,8862,50,17,33,103,46,57,2031,637,1394,408,182,226,40,20,20,7875,2873,5002,285,131,154,2309,843,1466,1172,662,510
177968,Undergraduate students,8535,3856,4679,29,14,15,55,28,27,1154,430,724,295,140,155,36,19,17,4425,1975,2450,219,107,112,1379,592,787,943,551,392
177968,Graduate student,5738,1555,4183,21,3,18,48,18,30,877,207,670,113,42,71,4,1,3,3450,898,2552,66,24,42,930,251,679,229,111,118
177977,Total students enrolled for credit,1409,1113,296,6,3,3,2,2,0,20,16,4,24,19,5,1,1,0,1318,1044,274,27,22,5,11,6,5,0,0,0
177977,Undergraduate students,1409,1113,296,6,3,3,2,2,0,20,16,4,24,19,5,1,1,0,1318,1044,274,27,22,5,11,6,5,0,0,0
177986,Total students enrolled for credit,1481,693,788,6,3,3,34,16,18,64,27,37,34,15,19,1,1,0,831,459,372,20,12,8,474,149,325,17,11,6
177986,Undergraduate students,143,63,80,0,0,0,2,2,0,4,3,1,1,0,1,0,0,0,35,19,16,4,2,2,96,37,59,1,0,1
177986,Graduate student,1338,630,708,6,3,3,32,14,18,60,24,36,33,15,18,1,1,0,796,440,356,16,10,6,378,112,266,16,11,5
177995,Total students enrolled for credit,22584,9501,13083,69,24,45,625,296,329,3748,1364,2384,2330,983,1347,67,22,45,13524,5899,7625,1473,605,868,526,211,315,222,97,125
177995,Undergraduate students,22584,9501,13083,69,24,45,625,296,329,3748,1364,2384,2330,983,1347,67,22,45,13524,5899,7625,1473,605,868,526,211,315,222,97,125
178004,Total students enrolled for credit,266,29,237,2,0,2,6,1,5,79,5,74,1,0,1,0,0,0,166,22,144,10,1,9,2,0,2,0,0,0
178004,Undergraduate students,266,29,237,2,0,2,6,1,5,79,5,74,1,0,1,0,0,0,166,22,144,10,1,9,2,0,2,0,0,0
178059,Total students enrolled for credit,8910,2108,6802,71,14,57,317,68,249,1012,198,814,369,105,264,9,4,5,6131,1349,4782,174,42,132,542,165,377,285,163,122
178059,Undergraduate students,3486,1146,2340,14,2,12,93,29,64,322,72,250,125,52,73,3,2,1,2435,756,1679,76,25,51,236,82,154,182,126,56
178059,Graduate student,5424,962,4462,57,12,45,224,39,185,690,126,564,244,53,191,6,2,4,3696,593,3103,98,17,81,306,83,223,103,37,66
178077,Total students enrolled for credit,125,7,118,0,0,0,1,0,1,18,2,16,2,0,2,0,0,0,102,5,97,1,0,1,1,0,1,0,0,0
178077,Undergraduate students,125,7,118,0,0,0,1,0,1,18,2,16,2,0,2,0,0,0,102,5,97,1,0,1,1,0,1,0,0,0
178110,Total students enrolled for credit,152,21,131,0,0,0,0,0,0,26,3,23,1,1,0,0,0,0,125,17,108,0,0,0,0,0,0,0,0,0
178110,Undergraduate students,152,21,131,0,0,0,0,0,0,26,3,23,1,1,0,0,0,0,125,17,108,0,0,0,0,0,0,0,0,0
178183,Total students enrolled for credit,381,41,340,0,0,0,1,0,1,124,21,103,7,1,6,1,0,1,232,19,213,4,0,4,12,0,12,0,0,0
178183,Undergraduate students,381,41,340,0,0,0,1,0,1,124,21,103,7,1,6,1,0,1,232,19,213,4,0,4,12,0,12,0,0,0
178208,Total students enrolled for credit,2974,2444,530,21,15,6,253,189,64,213,179,34,101,86,15,1,1,0,1936,1625,311,40,32,8,264,191,73,145,126,19
178208,Undergraduate students,696,479,217,5,5,0,14,6,8,81,66,15,23,17,6,0,0,0,492,351,141,17,11,6,63,23,40,1,0,1
178208,Graduate student,2278,1965,313,16,10,6,239,183,56,132,113,19,78,69,9,1,1,0,1444,1274,170,23,21,2,201,168,33,144,126,18
178217,Total students enrolled for credit,4858,2085,2773,26,14,12,31,13,18,100,51,49,83,34,49,5,4,1,4409,1882,2527,63,26,37,121,51,70,20,10,10
178217,Undergraduate students,4858,2085,2773,26,14,12,31,13,18,100,51,49,83,34,49,5,4,1,4409,1882,2527,63,26,37,121,51,70,20,10,10
178244,Total students enrolled for credit,6351,2242,4109,33,12,21,53,21,32,459,206,253,64,27,37,9,5,4,4168,1382,2786,95,39,56,1411,513,898,59,37,22
178244,Undergraduate students,4887,1876,3011,27,9,18,47,18,29,314,167,147,53,24,29,7,5,2,2932,1082,1850,82,34,48,1381,506,875,44,31,13
178244,Graduate student,1464,366,1098,6,3,3,6,3,3,145,39,106,11,3,8,2,0,2,1236,300,936,13,5,8,30,7,23,15,6,9
178341,Total students enrolled for credit,7031,2871,4160,224,81,143,135,51,84,406,221,185,432,178,254,14,10,4,5264,2085,3179,119,42,77,172,79,93,265,124,141
178341,Undergraduate students,6867,2816,4051,222,80,142,135,51,84,405,220,185,427,176,251,14,10,4,5126,2044,3082,117,41,76,165,75,90,256,119,137
178341,Graduate student,164,55,109,2,1,1,0,0,0,1,1,0,5,2,3,0,0,0,138,41,97,2,1,1,7,4,3,9,5,4
178369,Total students enrolled for credit,1903,1066,837,11,6,5,13,8,5,292,223,69,146,78,68,14,7,7,1050,484,566,77,34,43,55,42,13,245,184,61
178369,Undergraduate students,1877,1062,815,11,6,5,12,8,4,291,222,69,145,78,67,14,7,7,1033,484,549,77,34,43,53,41,12,241,182,59
178369,Graduate student,26,4,22,0,0,0,1,0,1,1,1,0,1,0,1,0,0,0,17,0,17,0,0,0,2,1,1,4,2,2
178387,Total students enrolled for credit,6145,2557,3588,24,11,13,76,29,47,505,255,250,70,37,33,10,5,5,4929,1984,2945,198,77,121,175,73,102,158,86,72
178387,Undergraduate students,5851,2429,3422,24,11,13,75,28,47,490,249,241,70,37,33,10,5,5,4738,1921,2817,195,75,120,173,72,101,76,31,45
178387,Graduate student,294,128,166,0,0,0,1,1,0,15,6,9,0,0,0,0,0,0,191,63,128,3,2,1,2,1,1,82,55,27
178396,Total students enrolled for credit,36780,17188,19592,71,34,37,807,398,409,2552,1014,1538,1312,612,700,18,10,8,27761,12877,14884,1005,437,568,619,315,304,2635,1491,1144
178396,Undergraduate students,27923,13444,14479,49,25,24,677,330,347,2197,881,1316,1037,494,543,15,7,8,21718,10566,11152,855,393,462,237,127,110,1138,621,517
178396,Graduate student,8857,3744,5113,22,9,13,130,68,62,355,133,222,275,118,157,3,3,0,6043,2311,3732,150,44,106,382,188,194,1497,870,627
178402,Total students enrolled for credit,19796,8680,11116,62,23,39,1124,441,683,2082,733,1349,1383,590,793,26,10,16,11978,5211,6767,615,240,375,761,353,408,1765,1079,686
178402,Undergraduate students,13746,5815,7931,41,17,24,746,295,451,1688,587,1101,1133,466,667,24,9,15,8481,3645,4836,496,196,300,506,233,273,631,367,264
178402,Graduate student,6050,2865,3185,21,6,15,378,146,232,394,146,248,250,124,126,2,1,1,3497,1566,1931,119,44,75,255,120,135,1134,712,422
178411,Total students enrolled for credit,9547,7327,2220,33,25,8,328,241,87,321,238,83,310,234,76,6,4,2,6734,5232,1502,225,161,64,254,189,65,1336,1003,333
178411,Undergraduate students,7192,5502,1690,28,21,7,247,177,70,247,184,63,242,180,62,4,3,1,5675,4382,1293,196,139,57,185,144,41,368,272,96
178411,Graduate student,2355,1825,530,5,4,1,81,64,17,74,54,20,68,54,14,2,1,1,1059,850,209,29,22,7,69,45,24,968,731,237
178420,Total students enrolled for credit,20987,8609,12378,73,30,43,1013,459,554,2999,900,2099,596,261,335,25,14,11,14346,6066,8280,362,142,220,906,411,495,667,326,341
178420,Undergraduate students,17095,7317,9778,62,26,36,882,411,471,2469,781,1688,491,227,264,20,12,8,11808,5210,6598,313,127,186,687,327,360,363,196,167
178420,Graduate student,3892,1292,2600,11,4,7,131,48,83,530,119,411,105,34,71,5,2,3,2538,856,1682,49,15,34,219,84,135,304,130,174
178448,Total students enrolled for credit,7597,3106,4491,19,8,11,213,112,101,608,280,328,264,114,150,11,5,6,5956,2340,3616,222,91,131,292,149,143,12,7,5
178448,Undergraduate students,7597,3106,4491,19,8,11,213,112,101,608,280,328,264,114,150,11,5,6,5956,2340,3616,222,91,131,292,149,143,12,7,5
178466,Total students enrolled for credit,120,31,89,0,0,0,0,0,0,2,1,1,2,2,0,0,0,0,116,28,88,0,0,0,0,0,0,0,0,0
178466,Undergraduate students,120,31,89,0,0,0,0,0,0,2,1,1,2,2,0,0,0,0,116,28,88,0,0,0,0,0,0,0,0,0
178518,Total students enrolled for credit,307,217,90,1,1,0,2,2,0,11,9,2,17,13,4,0,0,0,236,167,69,5,3,2,0,0,0,35,22,13
178518,Graduate student,307,217,90,1,1,0,2,2,0,11,9,2,17,13,4,0,0,0,236,167,69,5,3,2,0,0,0,35,22,13
178527,Total students enrolled for credit,58,1,57,0,0,0,0,0,0,3,1,2,6,0,6,0,0,0,49,0,49,0,0,0,0,0,0,0,0,0
178527,Undergraduate students,58,1,57,0,0,0,0,0,0,3,1,2,6,0,6,0,0,0,49,0,49,0,0,0,0,0,0,0,0,0
178615,Total students enrolled for credit,6918,2813,4105,15,8,7,157,54,103,248,104,144,179,73,106,6,5,1,5465,2154,3311,194,87,107,132,63,69,522,265,257
178615,Undergraduate students,6289,2669,3620,15,8,7,149,52,97,244,102,142,168,72,96,6,5,1,4913,2032,2881,186,83,103,105,56,49,503,259,244
178615,Graduate student,629,144,485,0,0,0,8,2,6,4,2,2,11,1,10,0,0,0,552,122,430,8,4,4,27,7,20,19,6,13
178624,Total students enrolled for credit,7556,3273,4283,25,14,11,53,26,27,392,206,186,253,107,146,6,4,2,5663,2238,3425,216,81,135,170,82,88,778,515,263
178624,Undergraduate students,6167,2631,3536,20,11,9,48,25,23,372,192,180,230,95,135,6,4,2,4887,2000,2887,201,78,123,122,62,60,281,164,117
178624,Graduate student,1389,642,747,5,3,2,5,1,4,20,14,6,23,12,11,0,0,0,776,238,538,15,3,12,48,20,28,497,351,146
178679,Total students enrolled for credit,676,370,306,8,6,2,4,2,2,17,11,6,39,20,19,1,1,0,565,306,259,22,12,10,6,3,3,14,9,5
178679,Undergraduate students,676,370,306,8,6,2,4,2,2,17,11,6,39,20,19,1,1,0,565,306,259,22,12,10,6,3,3,14,9,5
178697,Total students enrolled for credit,1773,812,961,6,1,5,13,6,7,14,9,5,40,18,22,3,2,1,1606,730,876,45,26,19,23,9,14,23,11,12
178697,Undergraduate students,1773,812,961,6,1,5,13,6,7,14,9,5,40,18,22,3,2,1,1606,730,876,45,26,19,23,9,14,23,11,12
178721,Total students enrolled for credit,16520,8395,8125,94,30,64,338,187,151,3001,1537,1464,2615,1302,1313,109,59,50,7668,4203,3465,492,244,248,1774,586,1188,429,247,182
178721,Undergraduate students,14551,7777,6774,82,28,54,297,174,123,2595,1413,1182,2388,1214,1174,105,58,47,6647,3907,2740,443,234,209,1693,566,1127,301,183,118
178721,Graduate student,1969,618,1351,12,2,10,41,13,28,406,124,282,227,88,139,4,1,3,1021,296,725,49,10,39,81,20,61,128,64,64
178767,Total students enrolled for credit,133,20,113,0,0,0,2,1,1,79,9,70,3,1,2,0,0,0,44,8,36,4,0,4,1,1,0,0,0,0
178767,Undergraduate students,133,20,113,0,0,0,2,1,1,79,9,70,3,1,2,0,0,0,44,8,36,4,0,4,1,1,0,0,0,0
178828,Total students enrolled for credit,71,9,62,0,0,0,0,0,0,4,1,3,1,0,1,0,0,0,66,8,58,0,0,0,0,0,0,0,0,0
178828,Undergraduate students,71,9,62,0,0,0,0,0,0,4,1,3,1,0,1,0,0,0,66,8,58,0,0,0,0,0,0,0,0,0
178891,Total students enrolled for credit,2635,2487,148,14,14,0,26,25,1,558,511,47,81,76,5,2,2,0,1862,1773,89,29,26,3,55,52,3,8,8,0
178891,Undergraduate students,2635,2487,148,14,14,0,26,25,1,558,511,47,81,76,5,2,2,0,1862,1773,89,29,26,3,55,52,3,8,8,0
178989,Total students enrolled for credit,509,55,454,2,1,1,7,2,5,27,2,25,16,3,13,2,1,1,400,41,359,8,0,8,47,5,42,0,0,0
178989,Undergraduate students,322,31,291,1,0,1,5,2,3,16,2,14,14,3,11,2,1,1,243,19,224,7,0,7,34,4,30,0,0,0
178989,Graduate student,187,24,163,1,1,0,2,0,2,11,0,11,2,0,2,0,0,0,157,22,135,1,0,1,13,1,12,0,0,0
179043,Total students enrolled for credit,3346,1329,2017,9,6,3,120,55,65,166,79,87,212,92,120,6,5,1,2506,947,1559,110,41,69,189,84,105,28,20,8
179043,Undergraduate students,2176,813,1363,6,4,2,63,26,37,112,53,59,173,72,101,1,1,0,1571,554,1017,89,31,58,140,57,83,21,15,6
179043,Graduate student,1170,516,654,3,2,1,57,29,28,54,26,28,39,20,19,5,4,1,935,393,542,21,10,11,49,27,22,7,5,2
179052,Total students enrolled for credit,159,75,84,1,1,0,1,1,0,2,1,1,2,0,2,0,0,0,148,70,78,5,2,3,0,0,0,0,0,0
179052,Undergraduate students,159,75,84,1,1,0,1,1,0,2,1,1,2,0,2,0,0,0,148,70,78,5,2,3,0,0,0,0,0,0
179159,Total students enrolled for credit,19729,7997,11732,23,12,11,1406,592,814,1305,397,908,818,362,456,16,4,12,14107,5658,8449,646,254,392,428,192,236,980,526,454
179159,Undergraduate students,14373,5899,8474,18,9,9,952,383,569,908,295,613,608,284,324,13,3,10,10501,4267,6234,504,207,297,315,132,183,554,319,235
179159,Graduate student,5356,2098,3258,5,3,2,454,209,245,397,102,295,210,78,132,3,1,2,3606,1391,2215,142,47,95,113,60,53,426,207,219
179195,Total students enrolled for credit,59,3,56,0,0,0,1,0,1,1,1,0,1,0,1,0,0,0,56,2,54,0,0,0,0,0,0,0,0,0
179195,Undergraduate students,59,3,56,0,0,0,1,0,1,1,1,0,1,0,1,0,0,0,56,2,54,0,0,0,0,0,0,0,0,0
179229,Total students enrolled for credit,39,4,35,0,0,0,0,0,0,2,0,2,2,0,2,0,0,0,34,4,30,1,0,1,0,0,0,0,0,0
179229,Undergraduate students,39,4,35,0,0,0,0,0,0,2,0,2,2,0,2,0,0,0,34,4,30,1,0,1,0,0,0,0,0,0
179238,Total students enrolled for credit,48,10,38,0,0,0,0,0,0,8,1,7,0,0,0,0,0,0,40,9,31,0,0,0,0,0,0,0,0,0
179238,Undergraduate students,48,10,38,0,0,0,0,0,0,8,1,7,0,0,0,0,0,0,40,9,31,0,0,0,0,0,0,0,0,0
179256,Total students enrolled for credit,135,78,57,0,0,0,0,0,0,47,22,25,0,0,0,0,0,0,74,48,26,3,2,1,9,5,4,2,1,1
179256,Undergraduate students,135,78,57,0,0,0,0,0,0,47,22,25,0,0,0,0,0,0,74,48,26,3,2,1,9,5,4,2,1,1
179265,Total students enrolled for credit,1400,556,844,3,1,2,290,119,171,104,40,64,13,7,6,3,2,1,851,331,520,23,12,11,59,27,32,54,17,37
179265,Undergraduate students,549,210,339,1,0,1,109,47,62,44,17,27,6,3,3,1,1,0,328,124,204,9,4,5,21,7,14,30,7,23
179265,Graduate student,851,346,505,2,1,1,181,72,109,60,23,37,7,4,3,2,1,1,523,207,316,14,8,6,38,20,18,24,10,14
179308,Total students enrolled for credit,29716,12053,17663,84,38,46,1165,530,635,8944,2918,6026,805,287,518,41,13,28,16598,7389,9209,1207,481,726,482,215,267,390,182,208
179308,Undergraduate students,29716,12053,17663,84,38,46,1165,530,635,8944,2918,6026,805,287,518,41,13,28,16598,7389,9209,1207,481,726,482,215,267,390,182,208
179317,Total students enrolled for credit,137,73,64,7,3,4,3,2,1,13,9,4,3,3,0,1,1,0,94,47,47,4,2,2,6,3,3,6,3,3
179317,Graduate student,137,73,64,7,3,4,3,2,1,13,9,4,3,3,0,1,1,0,94,47,47,4,2,2,6,3,3,6,3,3
179326,Total students enrolled for credit,4388,1553,2835,26,12,14,34,13,21,149,101,48,72,36,36,11,6,5,3067,986,2081,33,14,19,938,356,582,58,29,29
179326,Undergraduate students,3361,1191,2170,22,9,13,15,5,10,139,93,46,65,31,34,11,6,5,2316,716,1600,31,13,18,710,291,419,52,27,25
179326,Graduate student,1027,362,665,4,3,1,19,8,11,10,8,2,7,5,2,0,0,0,751,270,481,2,1,1,228,65,163,6,2,4
179344,Total students enrolled for credit,2459,929,1530,23,11,12,12,4,8,68,37,31,50,17,33,4,2,2,2129,782,1347,80,35,45,81,36,45,12,5,7
179344,Undergraduate students,2459,929,1530,23,11,12,12,4,8,68,37,31,50,17,33,4,2,2,2129,782,1347,80,35,45,81,36,45,12,5,7
179450,Total students enrolled for credit,661,68,593,4,0,4,23,5,18,35,4,31,20,3,17,0,0,0,435,36,399,8,1,7,136,19,117,0,0,0
179450,Undergraduate students,621,59,562,4,0,4,19,4,15,31,3,28,19,2,17,0,0,0,409,32,377,8,1,7,131,17,114,0,0,0
179450,Graduate student,40,9,31,0,0,0,4,1,3,4,1,3,1,1,0,0,0,0,26,4,22,0,0,0,5,2,3,0,0,0
179511,Total students enrolled for credit,457,27,430,4,0,4,8,3,5,402,22,380,7,1,6,0,0,0,20,0,20,7,0,7,9,1,8,0,0,0
179511,Undergraduate students,457,27,430,4,0,4,8,3,5,402,22,380,7,1,6,0,0,0,20,0,20,7,0,7,9,1,8,0,0,0
179539,Total students enrolled for credit,6505,2481,4024,43,15,28,55,31,24,241,124,117,380,173,207,14,8,6,5519,2035,3484,228,88,140,25,7,18,0,0,0
179539,Undergraduate students,6505,2481,4024,43,15,28,55,31,24,241,124,117,380,173,207,14,8,6,5519,2035,3484,228,88,140,25,7,18,0,0,0
179548,Total students enrolled for credit,1026,39,987,11,0,11,12,0,12,126,6,120,36,1,35,5,0,5,749,25,724,70,6,64,14,0,14,3,1,2
179548,Undergraduate students,776,8,768,8,0,8,11,0,11,106,1,105,34,1,33,4,0,4,546,3,543,52,3,49,14,0,14,1,0,1
179548,Graduate student,250,31,219,3,0,3,1,0,1,20,5,15,2,0,2,1,0,1,203,22,181,18,3,15,0,0,0,2,1,1
179557,Total students enrolled for credit,13984,5871,8113,43,15,28,160,74,86,1178,507,671,239,105,134,2,0,2,10817,4303,6514,80,35,45,329,143,186,1136,689,447
179557,Undergraduate students,12002,5157,6845,39,14,25,142,62,80,1082,466,616,212,93,119,2,0,2,9390,3875,5515,77,34,43,289,127,162,769,486,283
179557,Graduate student,1982,714,1268,4,1,3,18,12,6,96,41,55,27,12,15,0,0,0,1427,428,999,3,1,2,40,16,24,367,203,164
179566,Total students enrolled for credit,27256,11319,15937,140,51,89,424,176,248,1053,470,583,899,373,526,22,6,16,21586,8837,12749,872,368,504,490,228,262,1770,810,960
179566,Undergraduate students,22856,9669,13187,124,47,77,351,144,207,938,413,525,777,324,453,18,6,12,18487,7770,10717,763,319,444,381,166,215,1017,480,537
179566,Graduate student,4400,1650,2750,16,4,12,73,32,41,115,57,58,122,49,73,4,0,4,3099,1067,2032,109,49,60,109,62,47,753,330,423
179645,Total students enrolled for credit,4568,1587,2981,28,5,23,22,10,12,455,151,304,78,27,51,4,1,3,3731,1269,2462,0,0,0,238,120,118,12,4,8
179645,Undergraduate students,4568,1587,2981,28,5,23,22,10,12,455,151,304,78,27,51,4,1,3,3731,1269,2462,0,0,0,238,120,118,12,4,8
179715,Total students enrolled for credit,2452,746,1706,6,2,4,5,2,3,40,24,16,93,30,63,0,0,0,2198,642,1556,54,20,34,24,10,14,32,16,16
179715,Undergraduate students,2452,746,1706,6,2,4,5,2,3,40,24,16,93,30,63,0,0,0,2198,642,1556,54,20,34,24,10,14,32,16,16
179812,Total students enrolled for credit,1185,684,501,2,1,1,246,132,114,16,7,9,35,20,15,1,1,0,770,453,317,40,25,15,31,21,10,44,24,20
179812,Graduate student,1185,684,501,2,1,1,246,132,114,16,7,9,35,20,15,1,1,0,770,453,317,40,25,15,31,21,10,44,24,20
179867,Total students enrolled for credit,16703,8039,8664,46,17,29,2061,999,1062,1156,402,754,931,444,487,6,4,2,7935,3830,4105,488,214,274,757,351,406,3323,1778,1545
179867,Undergraduate students,8533,3883,4650,7,3,4,1387,657,730,702,259,443,601,267,334,0,0,0,4369,2054,2315,348,148,200,334,132,202,785,363,422
179867,Graduate student,8170,4156,4014,39,14,25,674,342,332,454,143,311,330,177,153,6,4,2,3566,1776,1790,140,66,74,423,219,204,2538,1415,1123
179894,Total students enrolled for credit,18213,8177,10036,65,39,26,449,250,199,6513,2229,4284,1423,674,749,47,26,21,7784,3980,3804,426,208,218,1037,507,530,469,264,205
179894,Undergraduate students,3732,1657,2075,8,5,3,73,34,39,642,251,391,213,90,123,3,1,2,2211,989,1222,120,54,66,340,170,170,122,63,59
179894,Graduate student,14481,6520,7961,57,34,23,376,216,160,5871,1978,3893,1210,584,626,44,25,19,5573,2991,2582,306,154,152,697,337,360,347,201,146
179946,Total students enrolled for credit,972,541,431,10,5,5,19,12,7,68,45,23,40,25,15,0,0,0,629,339,290,0,0,0,106,59,47,100,56,44
179946,Undergraduate students,972,541,431,10,5,5,19,12,7,68,45,23,40,25,15,0,0,0,629,339,290,0,0,0,106,59,47,100,56,44
179955,Total students enrolled for credit,1092,449,643,2,1,1,13,5,8,48,28,20,44,24,20,1,0,1,856,334,522,47,17,30,28,14,14,53,26,27
179955,Undergraduate students,1082,449,633,2,1,1,13,5,8,48,28,20,44,24,20,1,0,1,847,334,513,46,17,29,28,14,14,53,26,27
179955,Graduate student,10,0,10,0,0,0,0,0,0,0,0,0,0,0,0,0,0,0,9,0,9,1,0,1,0,0,0,0,0,0
179964,Total students enrolled for credit,2865,965,1900,13,5,8,9,3,6,119,43,76,65,24,41,1,0,1,2318,755,1563,35,6,29,246,92,154,59,37,22
179964,Undergraduate students,1131,287,844,6,3,3,7,1,6,51,17,34,48,17,31,1,0,1,895,197,698,22,5,17,54,17,37,47,30,17
179964,Graduate student,1734,678,1056,7,2,5,2,2,0,68,26,42,17,7,10,0,0,0,1423,558,865,13,1,12,192,75,117,12,7,5
179991,Total students enrolled for credit,39,0,39,1,0,1,0,0,0,0,0,0,2,0,2,0,0,0,35,0,35,1,0,1,0,0,0,0,0,0
179991,Undergraduate students,39,0,39,1,0,1,0,0,0,0,0,0,2,0,2,0,0,0,35,0,35,1,0,1,0,0,0,0,0,0
180054,Total students enrolled for credit,545,199,346,498,184,314,0,0,0,0,0,0,0,0,0,0,0,0,47,15,32,0,0,0,0,0,0,0,0,0
180054,Undergraduate students,545,199,346,498,184,314,0,0,0,0,0,0,0,0,0,0,0,0,47,15,32,0,0,0,0,0,0,0,0,0
180063,Total students enrolled for credit,58,1,57,1,0,1,0,0,0,1,0,1,1,0,1,0,0,0,55,1,54,0,0,0,0,0,0,0,0,0
180063,Undergraduate students,58,1,57,1,0,1,0,0,0,1,0,1,1,0,1,0,0,0,55,1,54,0,0,0,0,0,0,0,0,0
180081,Total students enrolled for credit,975,497,478,23,10,13,9,4,5,6,4,2,24,10,14,0,0,0,823,423,400,6,1,5,82,43,39,2,2,0
180081,Undergraduate students,975,497,478,23,10,13,9,4,5,6,4,2,24,10,14,0,0,0,823,423,400,6,1,5,82,43,39,2,2,0
180090,Total students enrolled for credit,120,5,115,2,0,2,2,0,2,1,1,0,1,0,1,1,0,1,113,4,109,0,0,0,0,0,0,0,0,0
180090,Undergraduate students,120,5,115,2,0,2,2,0,2,1,1,0,1,0,1,1,0,1,113,4,109,0,0,0,0,0,0,0,0,0
180106,Total students enrolled for credit,1415,588,827,12,6,6,20,9,11,7,6,1,78,35,43,2,0,2,1111,445,666,39,22,17,120,49,71,26,16,10
180106,Undergraduate students,1415,588,827,12,6,6,20,9,11,7,6,1,78,35,43,2,0,2,1111,445,666,39,22,17,120,49,71,26,16,10
180151,Total students enrolled for credit,553,290,263,11,6,5,26,23,3,15,7,8,15,5,10,2,2,0,311,124,187,11,8,3,162,115,47,0,0,0
180151,Undergraduate students,553,290,263,11,6,5,26,23,3,15,7,8,15,5,10,2,2,0,311,124,187,11,8,3,162,115,47,0,0,0
180160,Total students enrolled for credit,449,190,259,372,163,209,0,0,0,0,0,0,0,0,0,0,0,0,77,27,50,0,0,0,0,0,0,0,0,0
180160,Undergraduate students,449,190,259,372,163,209,0,0,0,0,0,0,0,0,0,0,0,0,77,27,50,0,0,0,0,0,0,0,0,0
180179,Total students enrolled for credit,5559,2074,3485,241,83,158,51,18,33,64,41,23,304,112,192,15,4,11,4499,1613,2886,173,64,109,85,38,47,127,101,26
180179,Undergraduate students,5049,1965,3084,223,81,142,44,18,26,62,39,23,284,108,176,14,4,10,4064,1522,2542,163,63,100,76,32,44,119,98,21
180179,Graduate student,510,109,401,18,2,16,7,0,7,2,2,0,20,4,16,1,0,1,435,91,344,10,1,9,9,6,3,8,3,5
180197,Total students enrolled for credit,3583,1543,2040,73,38,35,47,15,32,19,9,10,30,13,17,12,9,3,2854,1214,1640,0,0,0,526,235,291,22,10,12
180197,Undergraduate students,3583,1543,2040,73,38,35,47,15,32,19,9,10,30,13,17,12,9,3,2854,1214,1640,0,0,0,526,235,291,22,10,12
180203,Total students enrolled for credit,282,127,155,260,125,135,0,0,0,1,1,0,0,0,0,0,0,0,21,1,20,0,0,0,0,0,0,0,0,0
180203,Undergraduate students,282,127,155,260,125,135,0,0,0,1,1,0,0,0,0,0,0,0,21,1,20,0,0,0,0,0,0,0,0,0
180212,Total students enrolled for credit,558,219,339,449,171,278,7,2,5,3,3,0,6,3,3,0,0,0,93,40,53,0,0,0,0,0,0,0,0,0
180212,Undergraduate students,558,219,339,449,171,278,7,2,5,3,3,0,6,3,3,0,0,0,93,40,53,0,0,0,0,0,0,0,0,0
180249,Total students enrolled for credit,2544,743,1801,118,40,78,25,7,18,41,17,24,139,36,103,6,3,3,2008,574,1434,83,42,41,124,24,100,0,0,0
180249,Undergraduate students,2544,743,1801,118,40,78,25,7,18,41,17,24,139,36,103,6,3,3,2008,574,1434,83,42,41,124,24,100,0,0,0
180258,Total students enrolled for credit,1230,351,879,15,7,8,57,10,47,25,17,8,105,29,76,10,1,9,846,222,624,40,9,31,103,32,71,29,24,5
180258,Undergraduate students,1113,323,790,12,5,7,54,9,45,23,16,7,104,29,75,8,1,7,768,204,564,37,8,29,79,28,51,28,23,5
180258,Graduate student,117,28,89,3,2,1,3,1,2,2,1,1,1,0,1,2,0,2,78,18,60,3,1,2,24,4,20,1,1,0
180276,Total students enrolled for credit,1790,765,1025,67,25,42,21,10,11,13,9,4,36,14,22,0,0,0,1545,645,900,14,10,4,94,52,42,0,0,0
180276,Undergraduate students,1790,765,1025,67,25,42,21,10,11,13,9,4,36,14,22,0,0,0,1545,645,900,14,10,4,94,52,42,0,0,0
180328,Total students enrolled for credit,492,213,279,464,205,259,0,0,0,0,0,0,8,2,6,0,0,0,20,6,14,0,0,0,0,0,0,0,0,0
180328,Undergraduate students,492,213,279,464,205,259,0,0,0,0,0,0,8,2,6,0,0,0,20,6,14,0,0,0,0,0,0,0,0,0
180373,Total students enrolled for credit,789,254,535,26,9,17,10,0,10,20,7,13,20,9,11,0,0,0,692,217,475,2,1,1,1,1,0,18,10,8
180373,Undergraduate students,789,254,535,26,9,17,10,0,10,20,7,13,20,9,11,0,0,0,692,217,475,2,1,1,1,1,0,18,10,8
180416,Total students enrolled for credit,2478,1678,800,37,23,14,19,11,8,26,20,6,39,28,11,0,0,0,1773,1108,665,4,4,0,302,225,77,278,259,19
180416,Undergraduate students,2155,1464,691,34,22,12,17,9,8,19,15,4,29,19,10,0,0,0,1536,949,587,4,4,0,257,202,55,259,244,15
180416,Graduate student,323,214,109,3,1,2,2,2,0,7,5,2,10,9,1,0,0,0,237,159,78,0,0,0,45,23,22,19,15,4
180461,Total students enrolled for credit,18420,9844,8576,308,125,183,173,76,97,119,81,38,666,323,343,24,14,10,15260,8113,7147,688,357,331,329,174,155,853,581,272
180461,Undergraduate students,15848,8704,7144,249,108,141,146,65,81,107,74,33,601,302,299,21,13,8,13197,7219,5978,605,324,281,259,142,117,663,457,206
180461,Graduate student,2572,1140,1432,59,17,42,27,11,16,12,7,5,65,21,44,3,1,2,2063,894,1169,83,33,50,70,32,38,190,124,66
180489,Total students enrolled for credit,14683,6444,8239,436,181,255,489,176,313,122,84,38,631,282,349,39,22,17,10626,4629,5997,519,216,303,1289,597,692,532,257,275
180489,Undergraduate students,11671,5332,6339,348,149,199,139,58,81,106,76,30,550,253,297,31,18,13,8607,3892,4715,447,189,258,1098,516,582,345,181,164
180489,Graduate student,3012,1112,1900,88,32,56,350,118,232,16,8,8,81,29,52,8,4,4,2019,737,1282,72,27,45,191,81,110,187,76,111
180522,Total students enrolled for credit,1563,807,756,210,82,128,4,2,2,39,35,4,33,16,17,8,5,3,1176,613,563,10,9,1,61,35,26,22,10,12
180522,Undergraduate students,1476,777,699,193,75,118,3,1,2,38,34,4,32,15,17,8,5,3,1113,595,518,10,9,1,58,33,25,21,10,11
180522,Graduate student,87,30,57,17,7,10,1,1,0,1,1,0,1,1,0,0,0,0,63,18,45,0,0,0,3,2,1,1,0,1
180595,Total students enrolled for credit,1067,537,530,27,9,18,9,4,5,23,18,5,61,24,37,12,10,2,815,406,409,44,24,20,41,19,22,35,23,12
180595,Undergraduate students,960,494,466,25,8,17,8,4,4,23,18,5,54,20,34,12,10,2,735,374,361,42,23,19,26,14,12,35,23,12
180595,Graduate student,107,43,64,2,1,1,1,0,1,0,0,0,7,4,3,0,0,0,80,32,48,2,1,1,15,5,10,0,0,0
180647,Total students enrolled for credit,1214,431,783,778,291,487,2,0,2,9,4,5,64,21,43,5,3,2,289,85,204,67,27,40,0,0,0,0,0,0
180647,Undergraduate students,1214,431,783,778,291,487,2,0,2,9,4,5,64,21,43,5,3,2,289,85,204,67,27,40,0,0,0,0,0,0
180692,Total students enrolled for credit,1780,657,1123,64,21,43,10,2,8,21,17,4,78,28,50,4,2,2,1469,551,918,32,15,17,101,21,80,1,0,1
180692,Undergraduate students,1780,657,1123,64,21,43,10,2,8,21,17,4,78,28,50,4,2,2,1469,551,918,32,15,17,101,21,80,1,0,1
180771,Total students enrolled for credit,34,0,34,0,0,0,0,0,0,2,0,2,6,0,6,0,0,0,21,0,21,1,0,1,4,0,4,0,0,0
180771,Undergraduate students,34,0,34,0,0,0,0,0,0,2,0,2,6,0,6,0,0,0,21,0,21,1,0,1,4,0,4,0,0,0
180814,Total students enrolled for credit,10975,5399,5576,68,29,39,280,165,115,1239,571,668,2035,955,1080,25,11,14,5248,2543,2705,238,116,122,1290,635,655,552,374,178
180814,Undergraduate students,6903,3426,3477,46,21,25,134,79,55,675,336,339,1312,644,668,19,8,11,3385,1656,1729,158,75,83,928,460,468,246,147,99
180814,Graduate student,4072,1973,2099,22,8,14,146,86,60,564,235,329,723,311,412,6,3,3,1863,887,976,80,41,39,362,175,187,306,227,79
180832,Total students enrolled for credit,1676,232,1444,11,0,11,40,9,31,75,14,61,63,8,55,4,0,4,1294,169,1125,34,4,30,155,28,127,0,0,0
180832,Undergraduate students,925,132,793,7,0,7,28,6,22,53,11,42,45,4,41,2,0,2,678,91,587,25,3,22,87,17,70,0,0,0
180832,Graduate student,751,100,651,4,0,4,12,3,9,22,3,19,18,4,14,2,0,2,616,78,538,9,1,8,68,11,57,0,0,0
180878,Total students enrolled for credit,816,90,726,3,0,3,25,4,21,6,0,6,25,3,22,1,0,1,743,79,664,13,4,9,0,0,0,0,0,0
180878,Undergraduate students,678,60,618,3,0,3,23,4,19,5,0,5,21,1,20,0,0,0,618,54,564,8,1,7,0,0,0,0,0,0
180878,Graduate student,138,30,108,0,0,0,2,0,2,1,0,1,4,2,2,1,0,1,125,25,100,5,3,2,0,0,0,0,0,0
180902,Total students enrolled for credit,9238,3695,5543,65,27,38,135,65,70,191,105,86,1819,793,1026,16,6,10,6922,2665,4257,22,8,14,68,26,42,0,0,0
180902,Undergraduate students,9238,3695,5543,65,27,38,135,65,70,191,105,86,1819,793,1026,16,6,10,6922,2665,4257,22,8,14,68,26,42,0,0,0
180948,Total students enrolled for credit,3667,1458,2209,36,22,14,38,20,18,135,83,52,250,113,137,16,5,11,2922,1083,1839,116,53,63,86,48,38,68,31,37
180948,Undergraduate students,2737,1101,1636,28,15,13,23,12,11,97,66,31,215,99,116,14,5,9,2138,794,1344,96,45,51,71,43,28,55,22,33
180948,Graduate student,930,357,573,8,7,1,15,8,7,38,17,21,35,14,21,2,0,2,784,289,495,20,8,12,15,5,10,13,9,4
180957,Total students enrolled for credit,136,74,62,4,2,2,0,0,0,32,23,9,24,21,3,0,0,0,62,19,43,10,6,4,2,1,1,2,2,0
180957,Undergraduate students,136,74,62,4,2,2,0,0,0,32,23,9,24,21,3,0,0,0,62,19,43,10,6,4,2,1,1,2,2,0
180984,Total students enrolled for credit,3171,1205,1966,14,5,9,49,14,35,246,98,148,201,88,113,10,4,6,2118,823,1295,31,11,20,502,162,340,0,0,0
180984,Undergraduate students,1883,874,1009,4,3,1,26,10,16,75,52,23,103,67,36,4,2,2,1451,638,813,20,6,14,200,96,104,0,0,0
180984,Graduate student,1288,331,957,10,2,8,23,4,19,171,46,125,98,21,77,6,2,4,667,185,482,11,5,6,302,66,236,0,0,0
181002,Total students enrolled for credit,10190,4455,5735,44,18,26,803,340,463,358,157,201,693,326,367,26,7,19,6979,2881,4098,350,147,203,632,401,231,305,178,127
181002,Undergraduate students,4626,1975,2651,18,9,9,406,167,239,124,56,68,381,174,207,19,5,14,3198,1331,1867,192,84,108,143,59,84,145,90,55
181002,Graduate student,5564,2480,3084,26,9,17,397,173,224,234,101,133,312,152,160,7,2,5,3781,1550,2231,158,63,95,489,342,147,160,88,72
181020,Total students enrolled for credit,1072,554,518,2,0,2,10,5,5,30,27,3,87,51,36,2,1,1,869,428,441,36,18,18,12,7,5,24,17,7
181020,Undergraduate students,1072,554,518,2,0,2,10,5,5,30,27,3,87,51,36,2,1,1,869,428,441,36,18,18,12,7,5,24,17,7
181093,Total students enrolled for credit,501,205,296,7,3,4,12,7,5,60,29,31,37,15,22,2,1,1,370,147,223,9,2,7,0,0,0,4,1,3
181093,Undergraduate students,393,168,225,6,3,3,11,6,5,47,22,25,33,14,19,2,1,1,283,119,164,8,2,6,0,0,0,3,1,2
181093,Graduate student,108,37,71,1,0,1,1,1,0,13,7,6,4,1,3,0,0,0,87,28,59,1,0,1,0,0,0,1,0,1
181127,Total students enrolled for credit,1336,637,699,4,4,0,13,8,5,42,32,10,92,53,39,9,7,2,1074,477,597,45,29,16,57,27,30,0,0,0
181127,Undergraduate students,1227,618,609,4,4,0,12,7,5,42,32,10,91,52,39,8,7,1,987,463,524,42,27,15,41,26,15,0,0,0
181127,Graduate student,109,19,90,0,0,0,1,1,0,0,0,0,1,1,0,1,0,1,87,14,73,3,2,1,16,1,15,0,0,0
181145,Total students enrolled for credit,28,3,25,0,0,0,2,0,2,0,0,0,1,0,1,0,0,0,24,3,21,1,0,1,0,0,0,0,0,0
181145,Undergraduate students,28,3,25,0,0,0,2,0,2,0,0,0,1,0,1,0,0,0,24,3,21,1,0,1,0,0,0,0,0,0
181190,Total students enrolled for credit,347,13,334,4,0,4,5,1,4,10,1,9,61,3,58,0,0,0,245,6,239,16,2,14,6,0,6,0,0,0
181190,Undergraduate students,347,13,334,4,0,4,5,1,4,10,1,9,61,3,58,0,0,0,245,6,239,16,2,14,6,0,6,0,0,0
181215,Total students enrolled for credit,8264,3232,5032,14,5,9,77,34,43,155,96,59,718,291,427,7,3,4,6602,2440,4162,166,68,98,42,20,22,483,275,208
181215,Undergraduate students,5614,2393,3221,6,3,3,54,26,28,107,80,27,593,247,346,4,3,1,4255,1704,2551,122,56,66,20,11,9,453,263,190
181215,Graduate student,2650,839,1811,8,2,6,23,8,15,48,16,32,125,44,81,3,0,3,2347,736,1611,44,12,32,22,9,13,30,12,18
181242,Total students enrolled for credit,569,123,446,8,0,8,11,3,8,47,14,33,37,12,25,1,1,0,382,81,301,8,0,8,75,12,63,0,0,0
181242,Undergraduate students,512,104,408,8,0,8,8,1,7,39,9,30,36,12,24,1,1,0,342,70,272,8,0,8,70,11,59,0,0,0
181242,Graduate student,57,19,38,0,0,0,3,2,1,8,5,3,1,0,1,0,0,0,40,11,29,0,0,0,5,1,4,0,0,0
181297,Total students enrolled for credit,1357,128,1229,2,0,2,26,5,21,51,7,44,56,4,52,2,0,2,1147,106,1041,33,3,30,37,3,34,3,0,3
181297,Undergraduate students,1055,107,948,2,0,2,22,5,17,44,6,38,46,4,42,2,0,2,885,87,798,20,2,18,31,3,28,3,0,3
181297,Graduate student,302,21,281,0,0,0,4,0,4,7,1,6,10,0,10,0,0,0,262,19,243,13,1,12,6,0,6,0,0,0
181303,Total students enrolled for credit,25030,11344,13686,221,104,117,947,445,502,2894,1296,1598,2984,1256,1728,50,18,32,15315,6945,8370,710,280,430,1739,900,839,170,100,70
181303,Undergraduate students,25030,11344,13686,221,104,117,947,445,502,2894,1296,1598,2984,1256,1728,50,18,32,15315,6945,8370,710,280,430,1739,900,839,170,100,70
181312,Total students enrolled for credit,3850,1734,2116,27,12,15,22,6,16,69,44,25,259,117,142,4,2,2,3227,1386,1841,51,21,30,152,120,32,39,26,13
181312,Undergraduate students,3850,1734,2116,27,12,15,22,6,16,69,44,25,259,117,142,4,2,2,3227,1386,1841,51,21,30,152,120,32,39,26,13
181330,Total students enrolled for credit,1941,953,988,6,2,4,16,7,9,51,31,20,40,22,18,35,20,15,633,289,344,193,116,77,922,427,495,45,39,6
181330,Undergraduate students,1737,845,892,6,2,4,15,6,9,35,24,11,38,21,17,34,20,14,496,219,277,183,109,74,893,413,480,37,31,6
181330,Graduate student,204,108,96,0,0,0,1,1,0,16,7,9,2,1,1,1,0,1,137,70,67,10,7,3,29,14,15,8,8,0
181376,Total students enrolled for credit,115,61,54,0,0,0,1,1,0,2,0,2,4,3,1,0,0,0,105,56,49,2,1,1,1,0,1,0,0,0
181376,Undergraduate students,115,61,54,0,0,0,1,1,0,2,0,2,4,3,1,0,0,0,105,56,49,2,1,1,1,0,1,0,0,0
181394,Total students enrolled for credit,18629,8638,9991,40,18,22,622,276,346,1083,477,606,1927,840,1087,21,10,11,12750,5850,6900,741,300,441,351,187,164,1094,680,414
181394,Undergraduate students,14610,7038,7572,35,15,20,536,231,305,938,406,532,1760,781,979,19,9,10,9793,4809,4984,645,262,383,301,162,139,583,363,220
181394,Graduate student,4019,1600,2419,5,3,2,86,45,41,145,71,74,167,59,108,2,1,1,2957,1041,1916,96,38,58,50,25,25,511,317,194
181400,Total students enrolled for credit,869,165,704,6,2,4,7,2,5,187,35,152,57,7,50,0,0,0,456,86,370,29,4,25,126,29,97,1,0,1
181400,Undergraduate students,776,148,628,5,1,4,7,2,5,163,30,133,52,7,45,0,0,0,416,81,335,27,3,24,105,24,81,1,0,1
181400,Graduate student,93,17,76,1,1,0,0,0,0,24,5,19,5,0,5,0,0,0,40,5,35,2,1,1,21,5,16,0,0,0
181419,Total students enrolled for credit,280,83,197,269,79,190,0,0,0,1,0,1,5,3,2,0,0,0,5,1,4,0,0,0,0,0,0,0,0,0
181419,Undergraduate students,280,83,197,269,79,190,0,0,0,1,0,1,5,3,2,0,0,0,5,1,4,0,0,0,0,0,0,0,0,0
181428,Total students enrolled for credit,4132,1436,2696,8,2,6,188,71,117,96,36,60,165,55,110,1,0,1,3190,1057,2133,83,23,60,74,30,44,327,162,165
181428,Undergraduate students,1018,138,880,1,0,1,33,2,31,19,10,9,72,16,56,0,0,0,854,105,749,26,2,24,8,2,6,5,1,4
181428,Graduate student,3114,1298,1816,7,2,5,155,69,86,77,26,51,93,39,54,1,0,1,2336,952,1384,57,21,36,66,28,38,322,161,161
181446,Total students enrolled for credit,4095,1525,2570,8,3,5,61,18,43,73,30,43,178,60,118,2,1,1,2362,910,1452,72,33,39,1288,453,835,51,17,34
181446,Undergraduate students,3703,1420,2283,8,3,5,54,13,41,60,27,33,171,58,113,1,1,0,2031,822,1209,65,32,33,1268,448,820,45,16,29
181446,Graduate student,392,105,287,0,0,0,7,5,2,13,3,10,7,2,5,1,0,1,331,88,243,7,1,6,20,5,15,6,1,5
181464,Total students enrolled for credit,28550,14644,13906,57,26,31,691,327,364,787,416,371,1524,710,814,19,11,8,21019,10597,10422,776,373,403,563,296,267,3114,1888,1226
181464,Undergraduate students,22012,11510,10502,45,21,24,558,260,298,638,350,288,1286,613,673,15,8,7,16559,8594,7965,657,312,345,301,167,134,1953,1185,768
181464,Graduate student,6538,3134,3404,12,5,7,133,67,66,149,66,83,238,97,141,4,3,1,4460,2003,2457,119,61,58,262,129,133,1161,703,458
181491,Total students enrolled for credit,6605,3287,3318,65,33,32,34,11,23,90,48,42,660,256,404,3,0,3,5309,2690,2619,97,40,57,273,167,106,74,42,32
181491,Undergraduate students,6605,3287,3318,65,33,32,34,11,23,90,48,42,660,256,404,3,0,3,5309,2690,2619,97,40,57,273,167,106,74,42,32
181534,Total students enrolled for credit,3499,1391,2108,15,6,9,36,15,21,168,114,54,192,83,109,3,0,3,2891,1095,1796,90,36,54,76,30,46,28,12,16
181534,Undergraduate students,2946,1233,1713,12,5,7,30,14,16,154,105,49,178,78,100,3,0,3,2391,955,1436,84,34,50,67,30,37,27,12,15
181534,Graduate student,553,158,395,3,1,2,6,1,5,14,9,5,14,5,9,0,0,0,500,140,360,6,2,4,9,0,9,1,0,1
181543,Total students enrolled for credit,42,22,20,1,0,1,1,0,1,0,0,0,2,2,0,0,0,0,37,20,17,1,0,1,0,0,0,0,0,0
181543,Undergraduate students,42,22,20,1,0,1,1,0,1,0,0,0,2,2,0,0,0,0,37,20,17,1,0,1,0,0,0,0,0,0
181604,Total students enrolled for credit,1140,12,1128,11,0,11,28,0,28,86,2,84,133,1,132,2,0,2,848,9,839,27,0,27,0,0,0,5,0,5
181604,Undergraduate students,825,0,825,9,0,9,20,0,20,64,0,64,117,0,117,2,0,2,589,0,589,19,0,19,0,0,0,5,0,5
181604,Graduate student,315,12,303,2,0,2,8,0,8,22,2,20,16,1,15,0,0,0,259,9,250,8,0,8,0,0,0,0,0,0
181640,Total students enrolled for credit,14755,6840,7915,90,36,54,757,379,378,798,355,443,1069,439,630,27,13,14,11573,5448,6125,348,125,223,91,44,47,2,1,1
181640,Undergraduate students,14755,6840,7915,90,36,54,757,379,378,798,355,443,1069,439,630,27,13,14,11573,5448,6125,348,125,223,91,44,47,2,1,1
181738,Total students enrolled for credit,997,392,605,3,3,0,43,21,22,62,26,36,175,67,108,9,3,6,552,208,344,46,17,29,33,12,21,74,35,39
181738,Undergraduate students,909,369,540,3,3,0,38,21,17,61,25,36,174,66,108,9,3,6,480,191,289,40,15,25,32,11,21,72,34,38
181738,Graduate student,88,23,65,0,0,0,5,0,5,1,1,0,1,1,0,0,0,0,72,17,55,6,2,4,1,1,0,2,1,1
181765,Total students enrolled for credit,388,170,218,2,0,2,1,0,1,0,0,0,1,1,0,0,0,0,368,159,209,16,10,6,0,0,0,0,0,0
181765,Undergraduate students,388,170,218,2,0,2,1,0,1,0,0,0,1,1,0,0,0,0,368,159,209,16,10,6,0,0,0,0,0,0
181783,Total students enrolled for credit,4173,1743,2430,37,9,28,22,12,10,106,78,28,347,144,203,1,0,1,3448,1399,2049,93,41,52,104,47,57,15,13,2
181783,Undergraduate students,3287,1408,1879,30,6,24,18,11,7,92,74,18,318,131,187,1,0,1,2663,1102,1561,76,37,39,76,36,40,13,11,2
181783,Graduate student,886,335,551,7,3,4,4,1,3,14,4,10,29,13,16,0,0,0,785,297,488,17,4,13,28,11,17,2,2,0
181817,Total students enrolled for credit,2635,1024,1611,46,10,36,42,25,17,67,34,33,513,200,313,10,0,10,1787,659,1128,0,0,0,72,31,41,98,65,33
181817,Undergraduate students,2635,1024,1611,46,10,36,42,25,17,67,34,33,513,200,313,10,0,10,1787,659,1128,0,0,0,72,31,41,98,65,33
181853,Total students enrolled for credit,478,256,222,6,1,5,6,2,4,75,58,17,80,40,40,0,0,0,277,136,141,0,0,0,25,10,15,9,9,0
181853,Undergraduate students,431,237,194,6,1,5,5,1,4,72,55,17,74,39,35,0,0,0,244,125,119,0,0,0,21,7,14,9,9,0
181853,Graduate student,47,19,28,0,0,0,1,1,0,3,3,0,6,1,5,0,0,0,33,11,22,0,0,0,4,3,1,0,0,0
181880,Total students enrolled for credit,359,29,330,4,0,4,20,5,15,55,3,52,92,8,84,3,1,2,127,10,117,40,0,40,18,2,16,0,0,0
181880,Undergraduate students,359,29,330,4,0,4,20,5,15,55,3,52,92,8,84,3,1,2,127,10,117,40,0,40,18,2,16,0,0,0
181941,Total students enrolled for credit,643,353,290,19,7,12,22,10,12,18,10,8,207,97,110,3,1,2,354,214,140,10,6,4,10,8,2,0,0,0
181941,Undergraduate students,643,353,290,19,7,12,22,10,12,18,10,8,207,97,110,3,1,2,354,214,140,10,6,4,10,8,2,0,0,0
182005,Total students enrolled for credit,47602,20351,27251,266,115,151,4692,1941,2751,5377,2190,3187,14098,5845,8253,802,360,442,15773,7037,8736,2624,1117,1507,3537,1554,1983,433,192,241
182005,Undergraduate students,47602,20351,27251,266,115,151,4692,1941,2751,5377,2190,3187,14098,5845,8253,802,360,442,15773,7037,8736,2624,1117,1507,3537,1554,1983,433,192,241
182111,Total students enrolled for credit,1108,616,492,11,9,2,52,30,22,147,67,80,354,210,144,5,3,2,242,142,100,12,3,9,281,149,132,4,3,1
182111,Undergraduate students,1108,616,492,11,9,2,52,30,22,147,67,80,354,210,144,5,3,2,242,142,100,12,3,9,281,149,132,4,3,1
182148,Total students enrolled for credit,425,83,342,6,1,5,45,14,31,70,17,53,81,15,66,23,3,20,128,23,105,32,5,27,40,5,35,0,0,0
182148,Undergraduate students,425,83,342,6,1,5,45,14,31,70,17,53,81,15,66,23,3,20,128,23,105,32,5,27,40,5,35,0,0,0
182281,Total students enrolled for credit,34647,14807,19840,92,46,46,4669,2106,2563,2627,981,1646,8478,3363,5115,329,150,179,12700,5679,7021,3149,1379,1770,1222,480,742,1381,623,758
182281,Undergraduate students,27561,12014,15547,62,31,31,4081,1859,2222,2187,850,1337,7469,3003,4466,289,137,152,9053,4245,4808,2731,1208,1523,672,243,429,1017,438,579
182281,Graduate student,7086,2793,4293,30,15,15,588,247,341,440,131,309,1009,360,649,40,13,27,3647,1434,2213,418,171,247,550,237,313,364,185,179
182290,Total students enrolled for credit,24118,11129,12989,180,70,110,1673,825,848,797,374,423,4375,1856,2519,132,58,74,14355,6637,7718,1418,647,771,517,252,265,671,410,261
182290,Undergraduate students,20196,9445,10751,155,61,94,1450,730,720,699,326,373,3981,1723,2258,123,54,69,11921,5657,6264,1275,589,686,325,169,156,267,136,131
182290,Graduate student,3922,1684,2238,25,9,16,223,95,128,98,48,50,394,133,261,9,4,5,2434,980,1454,143,58,85,192,83,109,404,274,130
182306,Total students enrolled for credit,4740,1682,3058,137,43,94,131,34,97,108,36,72,840,288,552,25,11,14,2993,1082,1911,145,53,92,359,134,225,2,1,1
182306,Undergraduate students,4740,1682,3058,137,43,94,131,34,97,108,36,72,840,288,552,25,11,14,2993,1082,1911,145,53,92,359,134,225,2,1,1
182458,Total students enrolled for credit,1654,587,1067,27,10,17,59,20,39,123,34,89,98,29,69,23,7,16,1055,401,654,0,0,0,262,80,182,7,6,1
182458,Undergraduate students,533,303,230,16,8,8,17,9,8,16,6,10,20,13,7,8,4,4,398,228,170,0,0,0,51,29,22,7,6,1
182458,Graduate student,1121,284,837,11,2,9,42,11,31,107,28,79,78,16,62,15,3,12,657,173,484,0,0,0,211,51,160,0,0,0
182500,Total students enrolled for credit,15893,7322,8571,199,84,115,983,463,520,426,205,221,4136,1824,2312,10,4,6,9213,4320,4893,618,275,343,253,120,133,55,27,28
182500,Undergraduate students,15893,7322,8571,199,84,115,983,463,520,426,205,221,4136,1824,2312,10,4,6,9213,4320,4893,618,275,343,253,120,133,55,27,28
182564,Total students enrolled for credit,4626,2079,2547,83,29,54,94,43,51,99,46,53,971,427,544,31,15,16,2977,1345,1632,144,52,92,212,107,105,15,15,0
182564,Undergraduate students,4626,2079,2547,83,29,54,94,43,51,99,46,53,971,427,544,31,15,16,2977,1345,1632,144,52,92,212,107,105,15,15,0
182634,Total students enrolled for credit,1171,357,814,1,1,0,76,27,49,95,30,65,39,16,23,1,0,1,807,241,566,4,0,4,148,42,106,0,0,0
182634,Undergraduate students,1155,357,798,1,1,0,76,27,49,95,30,65,39,16,23,1,0,1,803,241,562,4,0,4,136,42,94,0,0,0
182634,Graduate student,16,0,16,0,0,0,0,0,0,0,0,0,0,0,0,0,0,0,4,0,4,0,0,0,12,0,12,0,0,0
182652,Total students enrolled for credit,52,0,52,0,0,0,1,0,1,1,0,1,3,0,3,0,0,0,46,0,46,0,0,0,1,0,1,0,0,0
182652,Undergraduate students,52,0,52,0,0,0,1,0,1,1,0,1,3,0,3,0,0,0,46,0,46,0,0,0,1,0,1,0,0,0
182670,Total students enrolled for credit,6920,3521,3399,123,41,82,910,422,488,402,215,187,541,274,267,16,8,8,3337,1692,1645,278,125,153,251,135,116,1062,609,453
182670,Undergraduate students,4693,2342,2351,110,32,78,706,329,377,325,172,153,416,208,208,13,6,7,2329,1205,1124,235,98,137,147,77,70,412,215,197
182670,Graduate student,2227,1179,1048,13,9,4,204,93,111,77,43,34,125,66,59,3,2,1,1008,487,521,43,27,16,104,58,46,650,394,256
182704,Total students enrolled for credit,133,4,129,1,0,1,0,0,0,2,0,2,2,0,2,0,0,0,127,4,123,0,0,0,1,0,1,0,0,0
182704,Undergraduate students,133,4,129,1,0,1,0,0,0,2,0,2,2,0,2,0,0,0,127,4,123,0,0,0,1,0,1,0,0,0
182722,Total students enrolled for credit,164,18,146,1,0,1,2,0,2,1,0,1,3,1,2,0,0,0,149,15,134,5,1,4,2,1,1,1,0,1
182722,Undergraduate students,164,18,146,1,0,1,2,0,2,1,0,1,3,1,2,0,0,0,149,15,134,5,1,4,2,1,1,1,0,1
182795,Total students enrolled for credit,2715,1160,1555,10,3,7,43,24,19,153,86,67,132,35,97,5,2,3,2075,881,1194,41,15,26,191,82,109,65,32,33
182795,Undergraduate students,1946,872,1074,8,3,5,27,15,12,133,79,54,101,21,80,3,2,1,1465,658,807,40,14,26,119,53,66,50,27,23
182795,Graduate student,769,288,481,2,0,2,16,9,7,20,7,13,31,14,17,2,0,2,610,223,387,1,1,0,72,29,43,15,5,10
182829,Total students enrolled for credit,266,154,112,0,0,0,7,5,2,4,3,1,12,10,2,0,0,0,159,84,75,8,4,4,35,21,14,41,27,14
182829,Graduate student,266,154,112,0,0,0,7,5,2,4,3,1,12,10,2,0,0,0,159,84,75,8,4,4,35,21,14,41,27,14
182892,Total students enrolled for credit,69,2,67,2,0,2,0,0,0,4,0,4,1,0,1,0,0,0,56,0,56,5,2,3,1,0,1,0,0,0
182892,Undergraduate students,69,2,67,2,0,2,0,0,0,4,0,4,1,0,1,0,0,0,56,0,56,5,2,3,1,0,1,0,0,0
182917,Total students enrolled for credit,92,39,53,0,0,0,3,3,0,0,0,0,8,4,4,0,0,0,81,32,49,0,0,0,0,0,0,0,0,0
182917,Undergraduate students,92,39,53,0,0,0,3,3,0,0,0,0,8,4,4,0,0,0,81,32,49,0,0,0,0,0,0,0,0,0
182953,Total students enrolled for credit,200,15,185,1,0,1,10,2,8,6,2,4,11,1,10,0,0,0,168,10,158,3,0,3,1,0,1,0,0,0
182953,Undergraduate students,200,15,185,1,0,1,10,2,8,6,2,4,11,1,10,0,0,0,168,10,158,3,0,3,1,0,1,0,0,0
182980,Total students enrolled for credit,4427,2107,2320,13,5,8,43,16,27,614,216,398,238,115,123,2,1,1,1968,871,1097,80,28,52,768,275,493,701,580,121
182980,Undergraduate students,2279,922,1357,12,5,7,34,13,21,574,209,365,191,77,114,2,1,1,1136,454,682,58,27,31,196,91,105,76,45,31
182980,Graduate student,2148,1185,963,1,0,1,9,3,6,40,7,33,47,38,9,0,0,0,832,417,415,22,1,21,572,184,388,625,535,90
182999,Total students enrolled for credit,46,2,44,0,0,0,0,0,0,0,0,0,0,0,0,0,0,0,45,2,43,1,0,1,0,0,0,0,0,0
182999,Undergraduate students,46,2,44,0,0,0,0,0,0,0,0,0,0,0,0,0,0,0,45,2,43,1,0,1,0,0,0,0,0,0
183026,Total students enrolled for credit,121208,44200,77008,649,230,419,1949,805,1144,18495,5299,13196,9048,3287,5761,356,123,233,64387,24063,40324,1856,556,1300,23159,9098,14061,1309,739,570
183026,Undergraduate students,92032,33671,58361,536,192,344,1273,535,738,14096,3973,10123,7483,2724,4759,282,93,189,49983,18892,31091,1527,461,1066,16327,6506,9821,525,295,230
183026,Graduate student,29176,10529,18647,113,38,75,676,270,406,4399,1326,3073,1565,563,1002,74,30,44,14404,5171,9233,329,95,234,6832,2592,4240,784,444,340
183035,Total students enrolled for credit,50,3,47,0,0,0,0,0,0,0,0,0,1,0,1,0,0,0,49,3,46,0,0,0,0,0,0,0,0,0
183035,Undergraduate students,50,3,47,0,0,0,0,0,0,0,0,0,1,0,1,0,0,0,49,3,46,0,0,0,0,0,0,0,0,0
183044,Total students enrolled for credit,16599,7455,9144,28,13,15,403,179,224,215,131,84,567,240,327,3,1,2,13005,5726,7279,277,118,159,1319,578,741,782,469,313
183044,Undergraduate students,13688,6281,7407,25,11,14,346,153,193,184,112,72,478,213,265,2,1,1,10911,4924,5987,242,105,137,1011,476,535,489,286,203
183044,Graduate student,2911,1174,1737,3,2,1,57,26,31,31,19,12,89,27,62,1,0,1,2094,802,1292,35,13,22,308,102,206,293,183,110
183062,Total students enrolled for credit,4577,2058,2519,9,1,8,60,23,37,62,35,27,152,67,85,3,2,1,3801,1699,2102,93,44,49,393,184,209,4,3,1
183062,Undergraduate students,4409,2006,2403,9,1,8,60,23,37,61,34,27,151,67,84,3,2,1,3701,1662,2039,91,43,48,330,171,159,3,3,0
183062,Graduate student,168,52,116,0,0,0,0,0,0,1,1,0,1,0,1,0,0,0,100,37,63,2,1,1,63,13,50,1,0,1
183071,Total students enrolled for credit,1359,643,716,1,0,1,52,30,22,17,10,7,64,24,40,0,0,0,949,441,508,29,11,18,234,122,112,13,5,8
183071,Undergraduate students,1054,511,543,1,0,1,40,19,21,12,6,6,54,17,37,0,0,0,757,357,400,24,9,15,161,101,60,5,2,3
183071,Graduate student,305,132,173,0,0,0,12,11,1,5,4,1,10,7,3,0,0,0,192,84,108,5,2,3,73,21,52,8,3,5
183080,Total students enrolled for credit,6210,2796,3414,31,13,18,111,49,62,141,87,54,108,50,58,7,5,2,4987,2207,2780,76,33,43,604,271,333,145,81,64
183080,Undergraduate students,4451,2256,2195,24,11,13,77,38,39,101,65,36,68,33,35,6,5,1,3600,1798,1802,67,31,36,426,220,206,82,55,27
183080,Graduate student,1759,540,1219,7,2,5,34,11,23,40,22,18,40,17,23,1,0,1,1387,409,978,9,2,7,178,51,127,63,26,37
183099,Total students enrolled for credit,5580,2696,2884,19,10,9,91,41,50,141,91,50,170,88,82,36,16,20,3958,1773,2185,87,40,47,1078,637,441,0,0,0
183099,Undergraduate students,5580,2696,2884,19,10,9,91,41,50,141,91,50,170,88,82,36,16,20,3958,1773,2185,87,40,47,1078,637,441,0,0,0
183105,Total students enrolled for credit,1554,537,1017,4,4,0,2,2,0,5,3,2,21,12,9,13,3,10,1375,467,908,11,4,7,122,41,81,1,1,0
183105,Undergraduate students,1554,537,1017,4,4,0,2,2,0,5,3,2,21,12,9,13,3,10,1375,467,908,11,4,7,122,41,81,1,1,0
183114,Total students enrolled for credit,1599,554,1045,6,2,4,7,4,3,26,14,12,31,12,19,18,5,13,1342,456,886,16,7,9,152,53,99,1,1,0
183114,Undergraduate students,1599,554,1045,6,2,4,7,4,3,26,14,12,31,12,19,18,5,13,1342,456,886,16,7,9,152,53,99,1,1,0
183123,Total students enrolled for credit,1949,1019,930,10,3,7,8,4,4,11,7,4,25,11,14,6,5,1,1510,740,770,14,2,12,362,245,117,3,2,1
183123,Undergraduate students,1949,1019,930,10,3,7,8,4,4,11,7,4,25,11,14,6,5,1,1510,740,770,14,2,12,362,245,117,3,2,1
183132,Total students enrolled for credit,4554,2029,2525,26,12,14,80,35,45,161,88,73,232,87,145,70,32,38,3497,1553,1944,58,18,40,430,204,226,0,0,0
183132,Undergraduate students,4554,2029,2525,26,12,14,80,35,45,161,88,73,232,87,145,70,32,38,3497,1553,1944,58,18,40,430,204,226,0,0,0
183141,Total students enrolled for credit,3271,1594,1677,10,7,3,42,24,18,94,52,42,264,111,153,67,32,35,2476,1225,1251,36,12,24,282,131,151,0,0,0
183141,Undergraduate students,3271,1594,1677,10,7,3,42,24,18,94,52,42,264,111,153,67,32,35,2476,1225,1251,36,12,24,282,131,151,0,0,0
183150,Total students enrolled for credit,3226,1337,1889,7,1,6,84,41,43,43,24,19,100,42,58,12,4,8,2617,1045,1572,47,22,25,313,156,157,3,2,1
183150,Undergraduate students,3226,1337,1889,7,1,6,84,41,43,43,24,19,100,42,58,12,4,8,2617,1045,1572,47,22,25,313,156,157,3,2,1
183202,Total students enrolled for credit,64,1,63,0,0,0,0,0,0,0,0,0,0,0,0,0,0,0,51,1,50,0,0,0,13,0,13,0,0,0
183202,Undergraduate students,64,1,63,0,0,0,0,0,0,0,0,0,0,0,0,0,0,0,51,1,50,0,0,0,13,0,13,0,0,0
183211,Total students enrolled for credit,3523,1010,2513,12,2,10,622,428,194,128,31,97,89,24,65,0,0,0,2355,459,1896,58,15,43,259,51,208,0,0,0
183211,Undergraduate students,1836,376,1460,7,2,5,49,9,40,70,17,53,76,18,58,0,0,0,1439,288,1151,52,15,37,143,27,116,0,0,0
183211,Graduate student,1687,634,1053,5,0,5,573,419,154,58,14,44,13,6,7,0,0,0,916,171,745,6,0,6,116,24,92,0,0,0
183239,Total students enrolled for credit,1995,770,1225,2,2,0,18,3,15,36,23,13,66,23,43,0,0,0,1745,664,1081,28,12,16,90,36,54,10,7,3
183239,Undergraduate students,1995,770,1225,2,2,0,18,3,15,36,23,13,66,23,43,0,0,0,1745,664,1081,28,12,16,90,36,54,10,7,3
183248,Total students enrolled for credit,258,36,222,1,0,1,4,1,3,52,15,37,15,0,15,1,0,1,171,15,156,13,5,8,1,0,1,0,0,0
183248,Undergraduate students,258,36,222,1,0,1,4,1,3,52,15,37,15,0,15,1,0,1,171,15,156,13,5,8,1,0,1,0,0,0
183257,Total students enrolled for credit,3282,948,2334,14,2,12,39,15,24,74,31,43,108,37,71,3,2,1,2731,763,1968,50,12,38,261,85,176,2,1,1
183257,Undergraduate students,2767,819,1948,12,2,10,35,13,22,68,27,41,95,35,60,2,1,1,2275,649,1626,45,11,34,233,80,153,2,1,1
183257,Graduate student,515,129,386,2,0,2,4,2,2,6,4,2,13,2,11,1,1,0,456,114,342,5,1,4,28,5,23,0,0,0
183275,Total students enrolled for credit,93,42,51,1,1,0,2,2,0,0,0,0,4,3,1,0,0,0,82,34,48,0,0,0,2,0,2,2,2,0
183275,Undergraduate students,93,42,51,1,1,0,2,2,0,0,0,0,4,3,1,0,0,0,82,34,48,0,0,0,2,0,2,2,2,0
183488,Total students enrolled for credit,656,114,542,4,2,2,27,8,19,170,32,138,321,46,275,6,1,5,120,25,95,2,0,2,6,0,6,0,0,0
183488,Undergraduate students,656,114,542,4,2,2,27,8,19,170,32,138,321,46,275,6,1,5,120,25,95,2,0,2,6,0,6,0,0,0
183600,Total students enrolled for credit,46,7,39,0,0,0,9,0,9,0,0,0,1,0,1,0,0,0,13,7,6,0,0,0,0,0,0,23,0,23
183600,Undergraduate students,46,7,39,0,0,0,9,0,9,0,0,0,1,0,1,0,0,0,13,7,6,0,0,0,0,0,0,23,0,23
183655,Total students enrolled for credit,8183,3294,4889,59,31,28,591,283,308,1138,423,715,1465,559,906,19,11,8,3869,1568,2301,132,44,88,616,259,357,294,116,178
183655,Undergraduate students,8183,3294,4889,59,31,28,591,283,308,1138,423,715,1465,559,906,19,11,8,3869,1568,2301,132,44,88,616,259,357,294,116,178
183725,Total students enrolled for credit,853,281,572,2,0,2,7,4,3,162,43,119,403,139,264,0,0,0,171,57,114,21,4,17,87,34,53,0,0,0
183725,Undergraduate students,853,281,572,2,0,2,7,4,3,162,43,119,403,139,264,0,0,0,171,57,114,21,4,17,87,34,53,0,0,0
183743,Total students enrolled for credit,20219,10073,10146,45,16,29,1096,597,499,879,374,505,3714,1690,2024,56,27,29,4993,2472,2521,253,116,137,8008,4246,3762,1175,535,640
183743,Undergraduate students,20219,10073,10146,45,16,29,1096,597,499,879,374,505,3714,1690,2024,56,27,29,4993,2472,2521,253,116,137,8008,4246,3762,1175,535,640
183789,Total students enrolled for credit,4952,1406,3546,11,4,7,105,44,61,1096,286,810,1788,527,1261,14,3,11,677,208,469,1,0,1,1232,317,915,28,17,11
183789,Undergraduate students,4789,1363,3426,11,4,7,100,41,59,1052,274,778,1731,513,1218,14,3,11,646,201,445,1,0,1,1207,311,896,27,16,11
183789,Graduate student,163,43,120,0,0,0,5,3,2,44,12,32,57,14,43,0,0,0,31,7,24,0,0,0,25,6,19,1,1,0
183804,Total students enrolled for credit,7547,7547,0,0,0,0,0,0,0,0,0,0,7,7,0,0,0,0,7380,7380,0,0,0,0,0,0,0,160,160,0
183804,Undergraduate students,3563,3563,0,0,0,0,0,0,0,0,0,0,2,2,0,0,0,0,3436,3436,0,0,0,0,0,0,0,125,125,0
183804,Graduate student,3984,3984,0,0,0,0,0,0,0,0,0,0,5,5,0,0,0,0,3944,3944,0,0,0,0,0,0,0,35,35,0
183822,Total students enrolled for credit,2159,784,1375,5,3,2,57,15,42,1055,364,691,593,215,378,12,6,6,207,100,107,14,3,11,98,33,65,118,45,73
183822,Undergraduate students,2101,776,1325,5,3,2,51,15,36,1045,362,683,582,215,367,11,5,6,196,98,98,14,3,11,94,32,62,103,43,60
183822,Graduate student,58,8,50,0,0,0,6,0,6,10,2,8,11,0,11,1,1,0,11,2,9,0,0,0,4,1,3,15,2,13
183859,Total students enrolled for credit,18974,8846,10128,99,46,53,805,375,430,1745,692,1053,2135,966,1169,54,21,33,12992,6204,6788,166,77,89,785,388,397,193,77,116
183859,Undergraduate students,18974,8846,10128,99,46,53,805,375,430,1745,692,1053,2135,966,1169,54,21,33,12992,6204,6788,166,77,89,785,388,397,193,77,116
183877,Total students enrolled for credit,14981,6461,8520,23,12,11,694,299,395,2611,975,1636,1389,524,865,22,11,11,8884,4002,4882,434,184,250,637,307,330,287,147,140
183877,Undergraduate students,14981,6461,8520,23,12,11,694,299,395,2611,975,1636,1389,524,865,22,11,11,8884,4002,4882,434,184,250,637,307,330,287,147,140
183910,Total students enrolled for credit,2516,673,1843,1,0,1,72,18,54,323,83,240,448,118,330,2,0,2,1138,264,874,0,0,0,383,102,281,149,88,61
183910,Undergraduate students,1789,539,1250,1,0,1,59,15,44,261,71,190,377,110,267,2,0,2,698,182,516,0,0,0,244,74,170,147,87,60
183910,Graduate student,727,134,593,0,0,0,13,3,10,62,12,50,71,8,63,0,0,0,440,82,358,0,0,0,139,28,111,2,1,1
183938,Total students enrolled for credit,17416,7411,10005,245,101,144,974,424,550,3365,1274,2091,2577,996,1581,35,18,17,8848,3810,5038,105,36,69,961,585,376,306,167,139
183938,Undergraduate students,17416,7411,10005,245,101,144,974,424,550,3365,1274,2091,2577,996,1581,35,18,17,8848,3810,5038,105,36,69,961,585,376,306,167,139
183974,Total students enrolled for credit,2534,873,1661,3,2,1,29,7,22,184,68,116,200,83,117,1,0,1,1082,364,718,0,0,0,967,323,644,68,26,42
183974,Undergraduate students,1654,611,1043,3,2,1,27,5,22,174,65,109,186,76,110,1,0,1,915,327,588,0,0,0,284,112,172,64,24,40
183974,Graduate student,880,262,618,0,0,0,2,2,0,10,3,7,14,7,7,0,0,0,167,37,130,0,0,0,683,211,472,4,2,2
183983,Total students enrolled for credit,110,96,14,0,0,0,10,8,2,22,21,1,29,23,6,0,0,0,49,44,5,0,0,0,0,0,0,0,0,0
183983,Undergraduate students,110,96,14,0,0,0,10,8,2,22,21,1,29,23,6,0,0,0,49,44,5,0,0,0,0,0,0,0,0,0
184047,Total students enrolled for credit,82,22,60,0,0,0,6,2,4,22,6,16,37,6,31,0,0,0,12,6,6,4,2,2,0,0,0,1,0,1
184047,Undergraduate students,82,22,60,0,0,0,6,2,4,22,6,16,37,6,31,0,0,0,12,6,6,4,2,2,0,0,0,1,0,1
184056,Total students enrolled for credit,569,157,412,0,0,0,27,8,19,231,54,177,155,42,113,0,0,0,104,39,65,23,5,18,29,9,20,0,0,0
184056,Undergraduate students,569,157,412,0,0,0,27,8,19,231,54,177,155,42,113,0,0,0,104,39,65,23,5,18,29,9,20,0,0,0
184092,Total students enrolled for credit,1097,197,900,3,0,3,22,8,14,190,54,136,726,104,622,0,0,0,117,23,94,26,6,20,13,2,11,0,0,0
184092,Undergraduate students,1097,197,900,3,0,3,22,8,14,190,54,136,726,104,622,0,0,0,117,23,94,26,6,20,13,2,11,0,0,0
184180,Total students enrolled for credit,11568,5730,5838,37,21,16,643,327,316,540,273,267,2107,991,1116,17,9,8,6957,3481,3476,204,100,104,799,411,388,264,117,147
184180,Undergraduate students,11568,5730,5838,37,21,16,643,327,316,540,273,267,2107,991,1116,17,9,8,6957,3481,3476,204,100,104,799,411,388,264,117,147
184205,Total students enrolled for credit,4063,1448,2615,22,11,11,46,22,24,770,272,498,1272,437,835,11,5,6,1747,627,1120,126,43,83,60,25,35,9,6,3
184205,Undergraduate students,4063,1448,2615,22,11,11,46,22,24,770,272,498,1272,437,835,11,5,6,1747,627,1120,126,43,83,60,25,35,9,6,3
184278,Total students enrolled for credit,109,106,3,0,0,0,1,1,0,8,8,0,10,10,0,0,0,0,84,81,3,0,0,0,6,6,0,0,0,0
184278,Undergraduate students,109,106,3,0,0,0,1,1,0,8,8,0,10,10,0,0,0,0,84,81,3,0,0,0,6,6,0,0,0,0
184348,Total students enrolled for credit,2434,1062,1372,2,1,1,108,43,65,256,100,156,198,76,122,2,1,1,1108,449,659,75,20,55,355,168,187,330,204,126
184348,Undergraduate students,1678,707,971,0,0,0,84,31,53,130,45,85,157,57,100,1,0,1,822,334,488,65,17,48,191,97,94,228,126,102
184348,Graduate student,756,355,401,2,1,1,24,12,12,126,55,71,41,19,22,1,1,0,286,115,171,10,3,7,164,71,93,102,78,24
184427,Total students enrolled for credit,459,447,12,3,3,0,14,13,1,70,67,3,121,119,2,1,1,0,213,207,6,7,7,0,30,30,0,0,0,0
184427,Undergraduate students,459,447,12,3,3,0,14,13,1,70,67,3,121,119,2,1,1,0,213,207,6,7,7,0,30,30,0,0,0,0
184481,Total students enrolled for credit,12638,5296,7342,23,11,12,400,212,188,5876,2292,3584,3181,1300,1881,28,14,14,1206,673,533,101,37,64,762,317,445,1061,440,621
184481,Undergraduate students,12638,5296,7342,23,11,12,400,212,188,5876,2292,3584,3181,1300,1881,28,14,14,1206,673,533,101,37,64,762,317,445,1061,440,621
184506,Total students enrolled for credit,171,9,162,0,0,0,0,0,0,111,4,107,39,2,37,1,1,0,10,2,8,4,0,4,6,0,6,0,0,0
184506,Undergraduate students,171,9,162,0,0,0,0,0,0,111,4,107,39,2,37,1,1,0,10,2,8,4,0,4,6,0,6,0,0,0
184603,Total students enrolled for credit,9635,4063,5572,41,20,21,492,185,307,832,291,541,2105,731,1374,11,5,6,3739,1542,2197,104,41,63,1208,636,572,1103,612,491
184603,Undergraduate students,6168,2717,3451,25,12,13,326,141,185,487,188,299,1746,602,1144,8,5,3,2153,1000,1153,82,30,52,1084,591,493,257,148,109
184603,Graduate student,3467,1346,2121,16,8,8,166,44,122,345,103,242,359,129,230,3,0,3,1586,542,1044,22,11,11,124,45,79,846,464,382
184612,Total students enrolled for credit,2414,630,1784,11,5,6,145,45,100,520,129,391,623,157,466,12,5,7,746,184,562,13,5,8,273,69,204,71,31,40
184612,Undergraduate students,1953,527,1426,9,4,5,106,30,76,437,110,327,537,138,399,8,4,4,549,152,397,11,3,8,237,61,176,59,25,34
184612,Graduate student,461,103,358,2,1,1,39,15,24,83,19,64,86,19,67,4,1,3,197,32,165,2,2,0,36,8,28,12,6,6
184694,Total students enrolled for credit,3622,1561,2061,14,9,5,259,106,153,383,167,216,542,209,333,5,0,5,1990,890,1100,74,30,44,290,121,169,65,29,36
184694,Undergraduate students,2651,1195,1456,7,4,3,134,63,71,278,132,146,439,179,260,5,0,5,1479,687,792,67,28,39,224,96,128,18,6,12
184694,Graduate student,971,366,605,7,5,2,125,43,82,105,35,70,103,30,73,0,0,0,511,203,308,7,2,5,66,25,41,47,23,24
184746,Total students enrolled for credit,152,142,10,0,0,0,1,1,0,52,45,7,64,64,0,1,1,0,30,29,1,0,0,0,4,2,2,0,0,0
184746,Undergraduate students,152,142,10,0,0,0,1,1,0,52,45,7,64,64,0,1,1,0,30,29,1,0,0,0,4,2,2,0,0,0
184773,Total students enrolled for credit,2779,687,2092,7,2,5,60,11,49,256,62,194,258,68,190,4,2,2,1693,366,1327,52,12,40,422,146,276,27,18,9
184773,Undergraduate students,1795,502,1293,6,2,4,46,10,36,181,52,129,179,48,131,4,2,2,982,226,756,34,10,24,340,134,206,23,18,5
184773,Graduate student,984,185,799,1,0,1,14,1,13,75,10,65,79,20,59,0,0,0,711,140,571,18,2,16,82,12,70,4,0,4
184782,Total students enrolled for credit,19833,9972,9861,40,25,15,1133,609,524,2071,886,1185,1864,875,989,17,8,9,13031,6749,6282,469,231,238,981,460,521,227,129,98
184782,Undergraduate students,16047,8583,7464,31,20,11,682,388,294,1695,784,911,1563,790,773,16,7,9,10679,5909,4770,434,214,220,812,398,414,135,73,62
184782,Graduate student,3786,1389,2397,9,5,4,451,221,230,376,102,274,301,85,216,1,1,0,2352,840,1512,35,17,18,169,62,107,92,56,36
184791,Total students enrolled for credit,10150,4440,5710,33,16,17,271,134,137,1233,489,744,690,248,442,19,9,10,6866,3060,3806,367,149,218,621,310,311,50,25,25
184791,Undergraduate students,10150,4440,5710,33,16,17,271,134,137,1233,489,744,690,248,442,19,9,10,6866,3060,3806,367,149,218,621,310,311,50,25,25
184816,Total students enrolled for credit,146,22,124,0,0,0,0,0,0,67,15,52,28,2,26,1,0,1,15,0,15,6,2,4,29,3,26,0,0,0
184816,Undergraduate students,146,22,124,0,0,0,0,0,0,67,15,52,28,2,26,1,0,1,15,0,15,6,2,4,29,3,26,0,0,0
184870,Total students enrolled for credit,595,92,503,2,0,2,10,3,7,311,58,253,140,15,125,1,0,1,104,13,91,21,2,19,6,1,5,0,0,0
184870,Undergraduate students,595,92,503,2,0,2,10,3,7,311,58,253,140,15,125,1,0,1,104,13,91,21,2,19,6,1,5,0,0,0
184959,Total students enrolled for credit,1124,257,867,4,2,2,119,42,77,236,63,173,226,55,171,30,12,18,500,82,418,4,0,4,5,1,4,0,0,0
184959,Undergraduate students,1124,257,867,4,2,2,119,42,77,236,63,173,226,55,171,30,12,18,500,82,418,4,0,4,5,1,4,0,0,0
184968,Total students enrolled for credit,177,32,145,2,0,2,27,9,18,12,2,10,26,2,24,2,2,0,58,10,48,33,5,28,17,2,15,0,0,0
184968,Undergraduate students,177,32,145,2,0,2,27,9,18,12,2,10,26,2,24,2,2,0,58,10,48,33,5,28,17,2,15,0,0,0
184995,Total students enrolled for credit,11751,4841,6910,33,20,13,988,458,530,1592,596,996,6369,2564,3805,68,33,35,1452,635,817,236,108,128,955,399,556,58,28,30
184995,Undergraduate students,11751,4841,6910,33,20,13,988,458,530,1592,596,996,6369,2564,3805,68,33,35,1452,635,817,236,108,128,955,399,556,58,28,30
185129,Total students enrolled for credit,10146,3780,6366,26,9,17,766,318,448,2040,686,1354,3285,1169,2116,0,0,0,2701,1048,1653,133,57,76,611,216,395,584,277,307
185129,Undergraduate students,7664,3097,4567,21,9,12,634,281,353,1654,587,1067,2722,1039,1683,0,0,0,1627,715,912,128,56,72,406,171,235,472,239,233
185129,Graduate student,2482,683,1799,5,0,5,132,37,95,386,99,287,563,130,433,0,0,0,1074,333,741,5,1,4,205,45,160,112,38,74
185174,Total students enrolled for credit,89,62,27,0,0,0,2,0,2,9,7,2,11,8,3,1,0,1,60,42,18,0,0,0,0,0,0,6,5,1
185174,Undergraduate students,89,62,27,0,0,0,2,0,2,9,7,2,11,8,3,1,0,1,60,42,18,0,0,0,0,0,0,6,5,1
185262,Total students enrolled for credit,16633,5986,10647,23,16,7,1101,434,667,3131,1144,1987,4167,1408,2759,40,11,29,6349,2279,4070,334,138,196,1197,459,738,291,97,194
185262,Undergraduate students,13719,5322,8397,21,15,6,933,391,542,2599,1005,1594,3634,1290,2344,34,11,23,4922,1975,2947,301,131,170,1048,424,624,227,80,147
185262,Graduate student,2914,664,2250,2,1,1,168,43,125,532,139,393,533,118,415,6,0,6,1427,304,1123,33,7,26,149,35,114,64,17,47
185332,Total students enrolled for credit,634,70,564,0,0,0,2,0,2,245,37,208,91,11,80,0,0,0,259,18,241,3,0,3,34,4,30,0,0,0
185332,Undergraduate students,634,70,564,0,0,0,2,0,2,245,37,208,91,11,80,0,0,0,259,18,241,3,0,3,34,4,30,0,0,0
185396,Total students enrolled for credit,1750,1700,50,7,7,0,42,42,0,656,636,20,604,588,16,2,2,0,331,318,13,84,83,1,23,23,0,1,1,0
185396,Undergraduate students,1750,1700,50,7,7,0,42,42,0,656,636,20,604,588,16,2,2,0,331,318,13,84,83,1,23,23,0,1,1,0
185466,Total students enrolled for credit,443,9,434,1,0,1,14,0,14,53,0,53,56,3,53,0,0,0,302,6,296,10,0,10,7,0,7,0,0,0
185466,Undergraduate students,443,9,434,1,0,1,14,0,14,53,0,53,56,3,53,0,0,0,302,6,296,10,0,10,7,0,7,0,0,0
185509,Total students enrolled for credit,10884,4999,5885,18,14,4,866,414,452,2250,918,1332,1948,812,1136,21,13,8,4230,2031,2199,269,129,140,855,475,380,427,193,234
185509,Undergraduate students,10884,4999,5885,18,14,4,866,414,452,2250,918,1332,1948,812,1136,21,13,8,4230,2031,2199,269,129,140,855,475,380,427,193,234
185536,Total students enrolled for credit,17304,8212,9092,67,26,41,2785,1470,1315,1906,864,1042,4702,2047,2655,73,38,35,5008,2383,2625,406,186,220,2044,1058,986,313,140,173
185536,Undergraduate students,17304,8212,9092,67,26,41,2785,1470,1315,1906,864,1042,4702,2047,2655,73,38,35,5008,2383,2625,406,186,220,2044,1058,986,313,140,173
185572,Total students enrolled for credit,7049,2660,4389,11,2,9,259,91,168,429,173,256,779,265,514,5,0,5,4876,1838,3038,134,65,69,410,144,266,146,82,64
185572,Undergraduate students,4949,2150,2799,7,0,7,167,69,98,269,145,124,594,234,360,2,0,2,3482,1508,1974,107,57,50,274,113,161,47,24,23
185572,Graduate student,2100,510,1590,4,2,2,92,22,70,160,28,132,185,31,154,3,0,3,1394,330,1064,27,8,19,136,31,105,99,58,41
185590,Total students enrolled for credit,23989,8909,15080,19,5,14,1230,510,720,2665,907,1758,5560,1961,3599,51,22,29,10797,4038,6759,556,198,358,2388,1042,1346,723,226,497
185590,Undergraduate students,18785,7400,11385,14,5,9,1005,431,574,2128,763,1365,4782,1754,3028,42,19,23,7875,3205,4670,493,181,312,2001,908,1093,445,134,311
185590,Graduate student,5204,1509,3695,5,0,5,225,79,146,537,144,393,778,207,571,9,3,6,2922,833,2089,63,17,46,387,134,253,278,92,186
185651,Total students enrolled for credit,67,17,50,0,0,0,7,4,3,7,4,3,13,2,11,0,0,0,37,6,31,3,1,2,0,0,0,0,0,0
185651,Undergraduate students,67,17,50,0,0,0,7,4,3,7,4,3,13,2,11,0,0,0,37,6,31,3,1,2,0,0,0,0,0,0
185679,Total students enrolled for credit,470,83,387,3,0,3,69,13,56,105,19,86,84,16,68,5,0,5,176,31,145,19,3,16,9,1,8,0,0,0
185679,Undergraduate students,470,83,387,3,0,3,69,13,56,105,19,86,84,16,68,5,0,5,176,31,145,19,3,16,9,1,8,0,0,0
185721,Total students enrolled for credit,671,246,425,0,0,0,29,13,16,110,54,56,318,108,210,9,6,3,180,53,127,0,0,0,25,12,13,0,0,0
185721,Undergraduate students,671,246,425,0,0,0,29,13,16,110,54,56,318,108,210,9,6,3,180,53,127,0,0,0,25,12,13,0,0,0
185758,Total students enrolled for credit,195,89,106,0,0,0,14,9,5,150,61,89,8,4,4,0,0,0,19,13,6,0,0,0,0,0,0,4,2,2
185758,Graduate student,195,89,106,0,0,0,14,9,5,150,61,89,8,4,4,0,0,0,19,13,6,0,0,0,0,0,0,4,2,2
185767,Total students enrolled for credit,610,117,493,0,0,0,12,2,10,52,19,33,367,71,296,1,0,1,133,21,112,7,0,7,14,2,12,24,2,22
185767,Undergraduate students,610,117,493,0,0,0,12,2,10,52,19,33,367,71,296,1,0,1,133,21,112,7,0,7,14,2,12,24,2,22
185828,Total students enrolled for credit,13130,9627,3503,9,6,3,2270,1638,632,971,737,234,2069,1614,455,4,4,0,3471,2791,680,330,243,87,1706,966,740,2300,1628,672
185828,Undergraduate students,9366,6911,2455,7,4,3,1866,1357,509,732,563,169,1777,1390,387,4,4,0,2820,2287,533,268,205,63,1486,819,667,406,282,124
185828,Graduate student,3764,2716,1048,2,2,0,404,281,123,239,174,65,292,224,68,0,0,0,651,504,147,62,38,24,220,147,73,1894,1346,548
185873,Total students enrolled for credit,13485,5878,7607,26,12,14,318,145,173,647,283,364,1527,641,886,23,9,14,9431,3976,5455,351,136,215,742,345,397,420,331,89
185873,Undergraduate students,13485,5878,7607,26,12,14,318,145,173,647,283,364,1527,641,886,23,9,14,9431,3976,5455,351,136,215,742,345,397,420,331,89
185970,Total students enrolled for credit,262,28,234,0,0,0,1,0,1,41,4,37,45,10,35,1,0,1,157,12,145,10,1,9,6,0,6,1,1,0
185970,Undergraduate students,262,28,234,0,0,0,1,0,1,41,4,37,45,10,35,1,0,1,157,12,145,10,1,9,6,0,6,1,1,0
186016,Total students enrolled for credit,601,44,557,8,1,7,23,1,22,68,3,65,298,22,276,2,1,1,163,8,155,7,0,7,23,4,19,9,4,5
186016,Undergraduate students,601,44,557,8,1,7,23,1,22,68,3,65,298,22,276,2,1,1,163,8,155,7,0,7,23,4,19,9,4,5
186034,Total students enrolled for credit,11010,4289,6721,26,4,22,666,327,339,1659,523,1136,5738,2191,3547,32,12,20,2068,886,1182,99,45,54,682,288,394,40,13,27
186034,Undergraduate students,11010,4289,6721,26,4,22,666,327,339,1659,523,1136,5738,2191,3547,32,12,20,2068,886,1182,99,45,54,682,288,394,40,13,27
186052,Total students enrolled for credit,1108,872,236,5,5,0,16,13,3,290,237,53,185,147,38,6,6,0,597,456,141,8,8,0,1,0,1,0,0,0
186052,Undergraduate students,1108,872,236,5,5,0,16,13,3,290,237,53,185,147,38,6,6,0,597,456,141,8,8,0,1,0,1,0,0,0
186122,Total students enrolled for credit,572,349,223,1,1,0,46,30,16,84,48,36,22,18,4,1,0,1,361,215,146,16,11,5,1,1,0,40,25,15
186122,Graduate student,572,349,223,1,1,0,46,30,16,84,48,36,22,18,4,1,0,1,361,215,146,16,11,5,1,1,0,40,25,15
186131,Total students enrolled for credit,8483,4649,3834,10,5,5,1344,645,699,505,212,293,664,372,292,9,7,2,3376,1882,1494,263,124,139,453,244,209,1859,1158,701
186131,Undergraduate students,5659,2936,2723,7,4,3,1152,554,598,423,181,242,522,283,239,9,7,2,2340,1278,1062,207,94,113,312,158,154,687,377,310
186131,Graduate student,2824,1713,1111,3,1,2,192,91,101,82,31,51,142,89,53,0,0,0,1036,604,432,56,30,26,141,86,55,1172,781,391
186186,Total students enrolled for credit,378,378,0,0,0,0,0,0,0,0,0,0,0,0,0,0,0,0,326,326,0,0,0,0,0,0,0,52,52,0
186186,Undergraduate students,378,378,0,0,0,0,0,0,0,0,0,0,0,0,0,0,0,0,326,326,0,0,0,0,0,0,0,52,52,0
186201,Total students enrolled for credit,7081,3088,3993,28,14,14,485,223,262,348,139,209,961,399,562,11,4,7,4637,2021,2616,59,30,29,434,201,233,118,57,61
186201,Undergraduate students,6466,2933,3533,26,12,14,459,215,244,319,129,190,899,385,514,11,4,7,4205,1920,2285,54,28,26,378,184,194,115,56,59
186201,Graduate student,615,155,460,2,2,0,26,8,18,29,10,19,62,14,48,0,0,0,432,101,331,5,2,3,56,17,39,3,1,2
186274,Total students enrolled for credit,284,68,216,0,0,0,5,0,5,45,10,35,176,42,134,0,0,0,32,6,26,8,4,4,6,1,5,12,5,7
186274,Undergraduate students,284,68,216,0,0,0,5,0,5,45,10,35,176,42,134,0,0,0,32,6,26,8,4,4,6,1,5,12,5,7
186283,Total students enrolled for credit,5663,2250,3413,8,4,4,274,118,156,595,226,369,613,238,375,6,4,2,3454,1403,2051,146,41,105,332,109,223,235,107,128
186283,Undergraduate students,4371,1802,2569,6,3,3,227,98,129,508,196,312,551,219,332,6,4,2,2601,1102,1499,128,39,89,186,62,124,158,79,79
186283,Graduate student,1292,448,844,2,1,1,47,20,27,87,30,57,62,19,43,0,0,0,853,301,552,18,2,16,146,47,99,77,28,49
186335,Total students enrolled for credit,110,22,88,1,0,1,1,0,1,51,8,43,24,7,17,0,0,0,32,7,25,1,0,1,0,0,0,0,0,0
186335,Undergraduate students,110,22,88,1,0,1,1,0,1,51,8,43,24,7,17,0,0,0,32,7,25,1,0,1,0,0,0,0,0,0
186371,Total students enrolled for credit,7675,3283,4392,7,5,2,664,304,360,1251,394,857,1032,367,665,14,6,8,4106,1945,2161,282,110,172,188,90,98,131,62,69
186371,Undergraduate students,5929,2426,3503,5,3,2,531,231,300,1011,305,706,843,302,541,11,4,7,3084,1388,1696,236,90,146,141,67,74,67,36,31
186371,Graduate student,1746,857,889,2,2,0,133,73,60,240,89,151,189,65,124,3,2,1,1022,557,465,46,20,26,47,23,24,64,26,38
186380,Total students enrolled for credit,56027,25950,30077,40,16,24,12399,5998,6401,4614,1606,3008,6698,2834,3864,121,57,64,22675,10693,11982,1545,697,848,1671,700,971,6264,3349,2915
186380,Undergraduate students,40523,20026,20497,26,13,13,10146,5112,5034,3116,1240,1876,5259,2403,2856,105,52,53,16106,8381,7725,1286,606,680,1258,558,700,3221,1661,1560
186380,Graduate student,15504,5924,9580,14,3,11,2253,886,1367,1498,366,1132,1439,431,1008,16,5,11,6569,2312,4257,259,91,168,413,142,271,3043,1688,1355
186399,Total students enrolled for credit,15098,7329,7769,13,8,5,2561,1302,1259,2423,956,1467,3037,1300,1737,55,29,26,4114,2308,1806,292,138,154,820,435,385,1783,853,930
186399,Undergraduate students,10230,4707,5523,7,4,3,1906,953,953,1831,710,1121,2535,1071,1464,33,18,15,2331,1250,1081,233,108,125,479,241,238,875,352,523
186399,Graduate student,4868,2622,2246,6,4,2,655,349,306,592,246,346,502,229,273,22,11,11,1783,1058,725,59,30,29,341,194,147,908,501,407
186405,Total students enrolled for credit,17,1,16,0,0,0,0,0,0,0,0,0,1,1,0,0,0,0,16,0,16,0,0,0,0,0,0,0,0,0
186405,Undergraduate students,17,1,16,0,0,0,0,0,0,0,0,0,1,1,0,0,0,0,16,0,16,0,0,0,0,0,0,0,0,0
186423,Total students enrolled for credit,68,11,57,0,0,0,1,1,0,19,2,17,7,0,7,1,0,1,40,8,32,0,0,0,0,0,0,0,0,0
186423,Undergraduate students,68,11,57,0,0,0,1,1,0,19,2,17,7,0,7,1,0,1,40,8,32,0,0,0,0,0,0,0,0,0
186432,Total students enrolled for credit,4201,1514,2687,15,6,9,255,109,146,851,295,556,1366,452,914,25,13,12,803,327,476,57,21,36,679,219,460,150,72,78
186432,Undergraduate students,3046,1103,1943,13,5,8,205,90,115,660,245,415,1201,394,807,22,13,9,499,218,281,53,19,34,320,85,235,73,34,39
186432,Graduate student,1155,411,744,2,1,1,50,19,31,191,50,141,165,58,107,3,0,3,304,109,195,4,2,2,359,134,225,77,38,39
186469,Total students enrolled for credit,1635,752,883,6,0,6,11,3,8,301,102,199,116,46,70,8,2,6,821,363,458,34,15,19,300,200,100,38,21,17
186469,Undergraduate students,1635,752,883,6,0,6,11,3,8,301,102,199,116,46,70,8,2,6,821,363,458,34,15,19,300,200,100,38,21,17
186584,Total students enrolled for credit,10952,4797,6155,16,6,10,873,360,513,1263,424,839,1581,678,903,18,6,12,5279,2370,2909,277,109,168,1137,561,576,508,283,225
186584,Undergraduate students,6260,2829,3431,12,3,9,606,246,360,656,233,423,1113,497,616,10,5,5,2984,1409,1575,222,93,129,449,228,221,208,115,93
186584,Graduate student,4692,1968,2724,4,3,1,267,114,153,607,191,416,468,181,287,8,1,7,2295,961,1334,55,16,39,688,333,355,300,168,132
186593,Total students enrolled for credit,223,35,188,0,0,0,2,1,1,42,6,36,48,9,39,0,0,0,117,17,100,5,1,4,9,1,8,0,0,0
186593,Undergraduate students,223,35,188,0,0,0,2,1,1,42,6,36,48,9,39,0,0,0,117,17,100,5,1,4,9,1,8,0,0,0
186618,Total students enrolled for credit,1293,219,1074,3,0,3,43,12,31,313,58,255,230,38,192,2,1,1,492,75,417,28,5,23,154,28,126,28,2,26
186618,Undergraduate students,809,127,682,2,0,2,25,6,19,254,49,205,174,29,145,2,1,1,237,27,210,19,3,16,72,10,62,24,2,22
186618,Graduate student,484,92,392,1,0,1,18,6,12,59,9,50,56,9,47,0,0,0,255,48,207,9,2,7,82,18,64,4,0,4
186645,Total students enrolled for credit,11436,5805,5631,24,13,11,731,337,394,1226,668,558,2075,1044,1031,30,15,15,5854,2923,2931,263,138,125,975,574,401,258,93,165
186645,Undergraduate students,11436,5805,5631,24,13,11,731,337,394,1226,668,558,2075,1044,1031,30,15,15,5854,2923,2931,263,138,125,975,574,401,258,93,165
186867,Total students enrolled for credit,7723,5499,2224,9,7,2,649,429,220,168,109,59,369,245,124,0,0,0,2886,2087,799,0,0,0,1218,909,309,2424,1713,711
186867,Undergraduate students,3144,2202,942,2,1,1,354,231,123,74,52,22,328,216,112,0,0,0,2062,1479,583,0,0,0,180,116,64,144,107,37
186867,Graduate student,4579,3297,1282,7,6,1,295,198,97,94,57,37,41,29,12,0,0,0,824,608,216,0,0,0,1038,793,245,2280,1606,674
186876,Total students enrolled for credit,10221,4055,6166,19,6,13,618,275,343,736,265,471,1254,466,788,20,7,13,7091,2846,4245,263,102,161,161,64,97,59,24,35
186876,Undergraduate students,9105,3806,5299,17,6,11,580,260,320,670,250,420,1154,447,707,18,5,13,6239,2669,3570,240,93,147,140,55,85,47,21,26
186876,Graduate student,1116,249,867,2,0,2,38,15,23,66,15,51,100,19,81,2,2,0,852,177,675,23,9,14,21,9,12,12,3,9
186900,Total students enrolled for credit,109,109,0,0,0,0,0,0,0,0,0,0,0,0,0,0,0,0,106,106,0,0,0,0,0,0,0,3,3,0
186900,Undergraduate students,109,109,0,0,0,0,0,0,0,0,0,0,0,0,0,0,0,0,106,106,0,0,0,0,0,0,0,3,3,0
187000,Total students enrolled for credit,341,330,11,2,2,0,11,11,0,38,36,2,203,198,5,6,6,0,81,77,4,0,0,0,0,0,0,0,0,0
187000,Undergraduate students,341,330,11,2,2,0,11,11,0,38,36,2,203,198,5,6,6,0,81,77,4,0,0,0,0,0,0,0,0,0
187046,Total students enrolled for credit,17279,9694,7585,87,60,27,677,371,306,2436,1153,1283,1687,931,756,94,59,35,8734,5112,3622,367,197,170,2928,1670,1258,269,141,128
187046,Undergraduate students,16244,9319,6925,85,59,26,638,360,278,2267,1098,1169,1591,897,694,89,57,32,8135,4876,3259,346,188,158,2837,1645,1192,256,139,117
187046,Graduate student,1035,375,660,2,1,1,39,11,28,169,55,114,96,34,62,5,2,3,599,236,363,21,9,12,91,25,66,13,2,11
187134,Total students enrolled for credit,8792,3462,5330,14,7,7,846,336,510,522,222,300,1020,401,619,20,9,11,5584,2191,3393,31,9,22,725,275,450,30,12,18
187134,Undergraduate students,7212,3033,4179,13,7,6,785,315,470,460,209,251,927,387,540,14,8,6,4670,1988,2682,29,9,20,286,99,187,28,11,17
187134,Graduate student,1580,429,1151,1,0,1,61,21,40,62,13,49,93,14,79,6,1,5,914,203,711,2,0,2,439,176,263,2,1,1
187198,Total students enrolled for credit,13902,5338,8564,52,20,32,626,269,357,3833,1338,2495,4632,1730,2902,47,14,33,2757,1175,1582,143,61,82,1577,647,930,235,84,151
187198,Undergraduate students,13902,5338,8564,52,20,32,626,269,357,3833,1338,2495,4632,1730,2902,47,14,33,2757,1175,1582,143,61,82,1577,647,930,235,84,151
187444,Total students enrolled for credit,12687,5376,7311,9,5,4,878,404,474,1845,731,1114,3377,1350,2027,8,5,3,5718,2493,3225,317,135,182,428,199,229,107,54,53
187444,Undergraduate students,10743,4887,5856,9,5,4,743,365,378,1695,704,991,3063,1272,1791,6,4,2,4521,2196,2325,285,126,159,375,191,184,46,24,22
187444,Graduate student,1944,489,1455,0,0,0,135,39,96,150,27,123,314,78,236,2,1,1,1197,297,900,32,9,23,53,8,45,61,30,31
187505,Total students enrolled for credit,1582,188,1394,18,0,18,10,0,10,405,41,364,591,111,480,0,0,0,354,21,333,45,6,39,159,9,150,0,0,0
187505,Undergraduate students,1582,188,1394,18,0,18,10,0,10,405,41,364,591,111,480,0,0,0,354,21,333,45,6,39,159,9,150,0,0,0
187532,Total students enrolled for credit,36784,15828,20956,2367,960,1407,773,315,458,1010,498,512,18142,7507,10635,81,35,46,10984,5036,5948,843,358,485,2561,1114,1447,23,5,18
187532,Undergraduate students,36784,15828,20956,2367,960,1407,773,315,458,1010,498,512,18142,7507,10635,81,35,46,10984,5036,5948,843,358,485,2561,1114,1447,23,5,18
187596,Total students enrolled for credit,2266,969,1297,2146,910,1236,12,6,6,10,6,4,56,26,30,2,0,2,30,15,15,5,1,4,5,5,0,0,0,0
187596,Undergraduate students,2259,966,1293,2139,907,1232,12,6,6,10,6,4,56,26,30,2,0,2,30,15,15,5,1,4,5,5,0,0,0,0
187596,Graduate student,7,3,4,7,3,4,0,0,0,0,0,0,0,0,0,0,0,0,0,0,0,0,0,0,0,0,0,0,0,0
187602,Total students enrolled for credit,73,8,65,3,1,2,2,0,2,5,0,5,45,6,39,0,0,0,17,1,16,1,0,1,0,0,0,0,0,0
187602,Undergraduate students,73,8,65,3,1,2,2,0,2,5,0,5,45,6,39,0,0,0,17,1,16,1,0,1,0,0,0,0,0,0
187620,Total students enrolled for credit,10610,4454,6156,150,79,71,79,36,43,241,146,95,7579,2985,4594,13,5,8,1818,838,980,133,62,71,190,88,102,407,215,192
187620,Undergraduate students,10610,4454,6156,150,79,71,79,36,43,241,146,95,7579,2985,4594,13,5,8,1818,838,980,133,62,71,190,88,102,407,215,192
187639,Total students enrolled for credit,5405,1741,3664,31,6,25,100,33,67,295,118,177,1824,599,1225,21,11,10,2797,863,1934,139,50,89,198,61,137,0,0,0
187639,Undergraduate students,5405,1741,3664,31,6,25,100,33,67,295,118,177,1824,599,1225,21,11,10,2797,863,1934,139,50,89,198,61,137,0,0,0
187648,Total students enrolled for credit,7440,3008,4432,180,71,109,97,38,59,359,203,156,2470,941,1529,37,23,14,3201,1217,1984,153,59,94,820,394,426,123,62,61
187648,Undergraduate students,5452,2418,3034,156,65,91,36,15,21,273,164,109,1939,801,1138,28,18,10,2128,909,1219,111,50,61,701,360,341,80,36,44
187648,Graduate student,1988,590,1398,24,6,18,61,23,38,86,39,47,531,140,391,9,5,4,1073,308,765,42,9,33,119,34,85,43,26,17
187666,Total students enrolled for credit,4019,1951,2068,116,75,41,37,20,17,73,35,38,2069,900,1169,0,0,0,1297,669,628,33,18,15,393,234,159,1,0,1
187666,Undergraduate students,4019,1951,2068,116,75,41,37,20,17,73,35,38,2069,900,1169,0,0,0,1297,669,628,33,18,15,393,234,159,1,0,1
187745,Total students enrolled for credit,958,405,553,629,271,358,7,1,6,4,2,2,187,83,104,0,0,0,82,29,53,17,7,10,29,12,17,3,0,3
187745,Undergraduate students,894,381,513,601,255,346,6,1,5,3,2,1,180,80,100,0,0,0,61,24,37,14,7,7,26,12,14,3,0,3
187745,Graduate student,64,24,40,28,16,12,1,0,1,1,0,1,7,3,4,0,0,0,21,5,16,3,0,3,3,0,3,0,0,0
187897,Total students enrolled for credit,4076,1420,2656,321,89,232,37,12,25,168,111,57,2125,723,1402,17,8,9,997,322,675,64,23,41,104,35,69,243,97,146
187897,Undergraduate students,2494,923,1571,214,61,153,14,4,10,128,84,44,1422,517,905,13,7,6,511,174,337,41,16,25,27,12,15,124,48,76
187897,Graduate student,1582,497,1085,107,28,79,23,8,15,40,27,13,703,206,497,4,1,3,486,148,338,23,7,16,77,23,54,119,49,70
187903,Total students enrolled for credit,3946,1449,2497,44,18,26,60,27,33,268,96,172,1813,656,1157,6,3,3,1508,550,958,46,23,23,198,74,124,3,2,1
187903,Undergraduate students,3946,1449,2497,44,18,26,60,27,33,268,96,172,1813,656,1157,6,3,3,1508,550,958,46,23,23,198,74,124,3,2,1
187912,Total students enrolled for credit,457,373,84,16,11,5,18,14,4,95,89,6,94,77,17,22,13,9,138,116,22,18,10,8,3,2,1,53,41,12
187912,Undergraduate students,457,373,84,16,11,5,18,14,4,95,89,6,94,77,17,22,13,9,138,116,22,18,10,8,3,2,1,53,41,12
187958,Total students enrolled for credit,3081,1187,1894,2247,834,1413,47,29,18,17,8,9,443,169,274,5,2,3,197,96,101,71,30,41,38,15,23,16,4,12
187958,Undergraduate students,3081,1187,1894,2247,834,1413,47,29,18,17,8,9,443,169,274,5,2,3,197,96,101,71,30,41,38,15,23,16,4,12
187967,Total students enrolled for credit,2471,1584,887,70,46,24,104,59,45,42,33,9,631,387,244,1,1,0,1298,852,446,92,56,36,56,28,28,177,122,55
187967,Undergraduate students,1707,1171,536,60,42,18,56,42,14,32,27,5,536,335,201,1,1,0,879,637,242,77,51,26,24,14,10,42,22,20
187967,Graduate student,764,413,351,10,4,6,48,17,31,10,6,4,95,52,43,0,0,0,419,215,204,15,5,10,32,14,18,135,100,35
187976,Total students enrolled for credit,2032,857,1175,116,46,70,56,22,34,36,16,20,984,388,596,6,4,2,730,336,394,53,24,29,34,14,20,17,7,10
187976,Undergraduate students,2032,857,1175,116,46,70,56,22,34,36,16,20,984,388,596,6,4,2,730,336,394,53,24,29,34,14,20,17,7,10
187985,Total students enrolled for credit,31224,13843,17381,1729,617,1112,1131,498,633,746,368,378,12979,5388,7591,57,37,20,11485,5284,6201,1005,430,575,577,301,276,1515,920,595
187985,Undergraduate students,23124,10207,12917,1404,525,879,832,364,468,577,288,289,10754,4513,6241,48,31,17,7797,3640,4157,770,338,432,326,158,168,616,350,266
187985,Graduate student,8100,3636,4464,325,92,233,299,134,165,169,80,89,2225,875,1350,9,6,3,3688,1644,2044,235,92,143,251,143,108,899,570,329
187994,Total students enrolled for credit,3087,1149,1938,106,35,71,45,18,27,147,75,72,1392,460,932,13,4,9,1193,465,728,79,31,48,42,17,25,70,44,26
187994,Undergraduate students,3087,1149,1938,106,35,71,45,18,27,147,75,72,1392,460,932,13,4,9,1193,465,728,79,31,48,42,17,25,70,44,26
188003,Total students enrolled for credit,3078,1185,1893,38,17,21,28,11,17,54,22,32,1598,565,1033,3,2,1,1160,472,688,47,17,30,90,47,43,60,32,28
188003,Undergraduate students,3078,1185,1893,38,17,21,28,11,17,54,22,32,1598,565,1033,3,2,1,1160,472,688,47,17,30,90,47,43,60,32,28
188021,Total students enrolled for credit,1726,625,1101,548,202,346,15,5,10,25,14,11,708,240,468,3,2,1,347,131,216,20,9,11,40,12,28,20,10,10
188021,Undergraduate students,1726,625,1101,548,202,346,15,5,10,25,14,11,708,240,468,3,2,1,347,131,216,20,9,11,40,12,28,20,10,10
188030,Total students enrolled for credit,16895,7742,9153,334,141,193,235,108,127,504,272,232,8781,3699,5082,28,13,15,5101,2327,2774,339,151,188,260,122,138,1313,909,404
188030,Undergraduate students,13379,6227,7152,284,126,158,162,72,90,394,217,177,7549,3260,4289,26,12,14,3789,1778,2011,263,113,150,181,91,90,731,558,173
188030,Graduate student,3516,1515,2001,50,15,35,73,36,37,110,55,55,1232,439,793,2,1,1,1312,549,763,76,38,38,79,31,48,582,351,231
188049,Total students enrolled for credit,3617,1387,2230,246,96,150,24,10,14,48,20,28,2250,859,1391,9,6,3,832,313,519,60,18,42,100,46,54,48,19,29
188049,Undergraduate students,3617,1387,2230,246,96,150,24,10,14,48,20,28,2250,859,1391,9,6,3,832,313,519,60,18,42,100,46,54,48,19,29
188058,Total students enrolled for credit,1506,583,923,142,45,97,22,13,9,37,23,14,1129,424,705,0,0,0,149,63,86,0,0,0,16,6,10,11,9,2
188058,Undergraduate students,1505,583,922,142,45,97,22,13,9,37,23,14,1128,424,704,0,0,0,149,63,86,0,0,0,16,6,10,11,9,2
188058,Graduate student,1,0,1,0,0,0,0,0,0,0,0,0,1,0,1,0,0,0,0,0,0,0,0,0,0,0,0,0,0,0
188100,Total students enrolled for credit,10746,4103,6643,3435,1363,2072,87,28,59,103,45,58,1778,754,1024,14,3,11,4614,1608,3006,191,77,114,429,187,242,95,38,57
188100,Undergraduate students,10746,4103,6643,3435,1363,2072,87,28,59,103,45,58,1778,754,1024,14,3,11,4614,1608,3006,191,77,114,429,187,242,95,38,57
188137,Total students enrolled for credit,7574,2945,4629,433,180,253,149,50,99,141,73,68,3668,1416,2252,10,4,6,2855,1107,1748,114,42,72,197,71,126,7,2,5
188137,Undergraduate students,7574,2945,4629,433,180,253,149,50,99,141,73,68,3668,1416,2252,10,4,6,2855,1107,1748,114,42,72,197,71,126,7,2,5
188146,Total students enrolled for credit,869,385,484,16,9,7,18,11,7,69,38,31,242,101,141,15,8,7,377,162,215,70,24,46,7,4,3,55,28,27
188146,Undergraduate students,869,385,484,16,9,7,18,11,7,69,38,31,242,101,141,15,8,7,377,162,215,70,24,46,7,4,3,55,28,27
188182,Total students enrolled for credit,1382,542,840,49,10,39,17,6,11,225,93,132,322,137,185,3,2,1,516,167,349,0,0,0,235,118,117,15,9,6
188182,Undergraduate students,579,306,273,3,1,2,4,2,2,61,40,21,268,124,144,1,0,1,103,57,46,0,0,0,128,74,54,11,8,3
188182,Graduate student,803,236,567,46,9,37,13,4,9,164,53,111,54,13,41,2,2,0,413,110,303,0,0,0,107,44,63,4,1,3
188207,Total students enrolled for credit,199,24,175,12,1,11,3,1,2,1,0,1,20,3,17,1,0,1,141,14,127,11,2,9,10,3,7,0,0,0
188207,Graduate student,199,24,175,12,1,11,3,1,2,1,0,1,20,3,17,1,0,1,141,14,127,11,2,9,10,3,7,0,0,0
188216,Total students enrolled for credit,541,256,285,541,256,285,0,0,0,0,0,0,0,0,0,0,0,0,0,0,0,0,0,0,0,0,0,0,0,0
188216,Undergraduate students,541,256,285,541,256,285,0,0,0,0,0,0,0,0,0,0,0,0,0,0,0,0,0,0,0,0,0,0,0,0
188225,Total students enrolled for credit,2294,912,1382,133,55,78,24,11,13,22,8,14,1325,528,797,6,3,3,675,253,422,53,30,23,44,20,24,12,4,8
188225,Undergraduate students,2294,912,1382,133,55,78,24,11,13,22,8,14,1325,528,797,6,3,3,675,253,422,53,30,23,44,20,24,12,4,8
188261,Total students enrolled for credit,1488,942,546,40,29,11,6,4,2,37,30,7,497,328,169,2,2,0,551,368,183,2,2,0,351,177,174,2,2,0
188261,Undergraduate students,1488,942,546,40,29,11,6,4,2,37,30,7,497,328,169,2,2,0,551,368,183,2,2,0,351,177,174,2,2,0
188289,Total students enrolled for credit,112,6,106,2,0,2,0,0,0,0,0,0,87,5,82,0,0,0,21,1,20,0,0,0,2,0,2,0,0,0
188289,Undergraduate students,112,6,106,2,0,2,0,0,0,0,0,0,87,5,82,0,0,0,21,1,20,0,0,0,2,0,2,0,0,0
188304,Total students enrolled for credit,4454,1637,2817,138,34,104,69,28,41,305,132,173,1613,516,1097,18,13,5,1280,393,887,26,9,17,944,481,463,61,31,30
188304,Undergraduate students,3241,1312,1929,77,23,54,38,18,20,165,99,66,1296,434,862,18,13,5,720,240,480,17,8,9,865,453,412,45,24,21
188304,Graduate student,1213,325,888,61,11,50,31,10,21,140,33,107,317,82,235,0,0,0,560,153,407,9,1,8,79,28,51,16,7,9
188340,Total students enrolled for credit,1905,1648,257,3,2,1,186,165,21,347,296,51,647,540,107,30,27,3,250,219,31,45,37,8,300,272,28,97,90,7
188340,Undergraduate students,1898,1644,254,3,2,1,186,165,21,345,295,50,644,538,106,30,27,3,250,219,31,45,37,8,299,271,28,96,90,6
188340,Graduate student,7,4,3,0,0,0,0,0,0,2,1,1,3,2,1,0,0,0,0,0,0,0,0,0,1,1,0,1,0,1
188429,Total students enrolled for credit,8866,2617,6249,11,1,10,790,240,550,1066,234,832,1320,362,958,3,0,3,4430,1255,3175,172,50,122,513,170,343,561,305,256
188429,Undergraduate students,5768,1798,3970,7,1,6,569,187,382,546,137,409,909,260,649,0,0,0,2937,898,2039,116,36,80,455,153,302,229,126,103
188429,Graduate student,3098,819,2279,4,0,4,221,53,168,520,97,423,411,102,309,3,0,3,1493,357,1136,56,14,42,58,17,41,332,179,153
188438,Total students enrolled for credit,4928,2088,2840,22,7,15,50,20,30,157,86,71,169,73,96,3,1,2,4071,1684,2387,84,35,49,353,170,183,19,12,7
188438,Undergraduate students,4928,2088,2840,22,7,15,50,20,30,157,86,71,169,73,96,3,1,2,4071,1684,2387,84,35,49,353,170,183,19,12,7
188517,Total students enrolled for credit,635,148,487,12,2,10,10,1,9,181,43,138,79,22,57,1,0,1,295,64,231,41,11,30,14,4,10,2,1,1
188517,Undergraduate students,635,148,487,12,2,10,10,1,9,181,43,138,79,22,57,1,0,1,295,64,231,41,11,30,14,4,10,2,1,1
188526,Total students enrolled for credit,1427,567,860,4,1,3,211,85,126,48,14,34,61,25,36,1,0,1,915,364,551,18,8,10,90,37,53,79,33,46
188526,Undergraduate students,911,353,558,0,0,0,139,57,82,32,10,22,39,16,23,0,0,0,593,225,368,14,6,8,39,15,24,55,24,31
188526,Graduate student,516,214,302,4,1,3,72,28,44,16,4,12,22,9,13,1,0,1,322,139,183,4,2,2,51,22,29,24,9,15
188535,Total students enrolled for credit,396,199,197,0,0,0,12,10,2,19,8,11,31,14,17,0,0,0,293,151,142,3,0,3,33,13,20,5,3,2
188535,Graduate student,396,199,197,0,0,0,12,10,2,19,8,11,31,14,17,0,0,0,293,151,142,3,0,3,33,13,20,5,3,2
188580,Total students enrolled for credit,845,376,469,4,1,3,212,101,111,42,14,28,47,25,22,3,1,2,473,207,266,31,14,17,23,10,13,10,3,7
188580,Graduate student,845,376,469,4,1,3,212,101,111,42,14,28,47,25,22,3,1,2,473,207,266,31,14,17,23,10,13,10,3,7
188641,Total students enrolled for credit,2756,1270,1486,10,3,7,58,25,33,357,140,217,255,102,153,0,0,0,1396,696,700,50,25,25,551,244,307,79,35,44
188641,Undergraduate students,2017,1045,972,7,3,4,37,21,16,172,90,82,138,76,62,0,0,0,1184,610,574,49,24,25,377,197,180,53,24,29
188641,Graduate student,739,225,514,3,0,3,21,4,17,185,50,135,117,26,91,0,0,0,212,86,126,1,1,0,174,47,127,26,11,15
188650,Total students enrolled for credit,616,68,548,2,0,2,5,2,3,369,44,325,146,12,134,1,0,1,15,2,13,28,4,24,49,4,45,1,0,1
188650,Undergraduate students,616,68,548,2,0,2,5,2,3,369,44,325,146,12,134,1,0,1,15,2,13,28,4,24,49,4,45,1,0,1
188669,Total students enrolled for credit,115,19,96,0,0,0,1,0,1,28,8,20,9,3,6,0,0,0,12,0,12,14,2,12,0,0,0,51,6,45
188669,Undergraduate students,115,19,96,0,0,0,1,0,1,28,8,20,9,3,6,0,0,0,12,0,12,14,2,12,0,0,0,51,6,45
188678,Total students enrolled for credit,327,107,220,0,0,0,6,2,4,39,18,21,29,10,19,2,0,2,124,36,88,19,8,11,1,1,0,107,32,75
188678,Undergraduate students,327,107,220,0,0,0,6,2,4,39,18,21,29,10,19,2,0,2,124,36,88,19,8,11,1,1,0,107,32,75
188687,Total students enrolled for credit,693,288,405,4,2,2,11,8,3,193,70,123,80,23,57,5,0,5,363,176,187,0,0,0,37,9,28,0,0,0
188687,Undergraduate students,693,288,405,4,2,2,11,8,3,193,70,123,80,23,57,5,0,5,363,176,187,0,0,0,37,9,28,0,0,0
188696,Total students enrolled for credit,215,34,181,3,2,1,11,0,11,6,3,3,12,3,9,1,0,1,84,9,75,7,3,4,0,0,0,91,14,77
188696,Undergraduate students,215,34,181,3,2,1,11,0,11,6,3,3,12,3,9,1,0,1,84,9,75,7,3,4,0,0,0,91,14,77
188854,Total students enrolled for credit,1853,573,1280,6,2,4,26,9,17,301,104,197,517,166,351,16,8,8,678,202,476,154,43,111,59,19,40,96,20,76
188854,Undergraduate students,1853,573,1280,6,2,4,26,9,17,301,104,197,517,166,351,16,8,8,678,202,476,154,43,111,59,19,40,96,20,76
188890,Total students enrolled for credit,1902,1862,40,19,19,0,48,46,2,447,436,11,404,399,5,0,0,0,125,118,7,0,0,0,859,844,15,0,0,0
188890,Undergraduate students,1902,1862,40,19,19,0,48,46,2,447,436,11,404,399,5,0,0,0,125,118,7,0,0,0,859,844,15,0,0,0
188915,Total students enrolled for credit,58,3,55,0,0,0,0,0,0,1,0,1,1,0,1,0,0,0,56,3,53,0,0,0,0,0,0,0,0,0
188915,Undergraduate students,58,3,55,0,0,0,0,0,0,1,0,1,1,0,1,0,0,0,56,3,53,0,0,0,0,0,0,0,0,0
188942,Total students enrolled for credit,152,0,152,0,0,0,0,0,0,0,0,0,0,0,0,0,0,0,139,0,139,0,0,0,0,0,0,13,0,13
188942,Undergraduate students,152,0,152,0,0,0,0,0,0,0,0,0,0,0,0,0,0,0,139,0,139,0,0,0,0,0,0,13,0,13
189015,Total students enrolled for credit,773,79,694,2,0,2,41,2,39,62,7,55,120,20,100,0,0,0,411,40,371,9,3,6,122,7,115,6,0,6
189015,Graduate student,773,79,694,2,0,2,41,2,39,62,7,55,120,20,100,0,0,0,411,40,371,9,3,6,122,7,115,6,0,6
189088,Total students enrolled for credit,2557,1064,1493,16,6,10,134,54,80,167,74,93,69,27,42,0,0,0,1320,573,747,0,0,0,488,189,299,363,141,222
189088,Undergraduate students,2101,876,1225,15,6,9,131,53,78,157,69,88,66,27,39,0,0,0,1203,523,680,0,0,0,256,99,157,273,99,174
189088,Graduate student,456,188,268,1,0,1,3,1,2,10,5,5,3,0,3,0,0,0,117,50,67,0,0,0,232,90,142,90,42,48
189097,Total students enrolled for credit,2668,4,2664,4,0,4,366,0,366,167,0,167,327,2,325,1,0,1,1374,1,1373,148,0,148,6,1,5,275,0,275
189097,Undergraduate students,2668,4,2664,4,0,4,366,0,366,167,0,167,327,2,325,1,0,1,1374,1,1373,148,0,148,6,1,5,275,0,275
189219,Total students enrolled for credit,368,353,15,0,0,0,30,30,0,125,118,7,136,130,6,0,0,0,66,65,1,2,2,0,9,8,1,0,0,0
189219,Undergraduate students,368,353,15,0,0,0,30,30,0,125,118,7,136,130,6,0,0,0,66,65,1,2,2,0,9,8,1,0,0,0
189228,Total students enrolled for credit,5577,1995,3582,30,12,18,137,56,81,1389,458,931,1203,442,761,12,6,6,357,132,225,0,0,0,1788,608,1180,661,281,380
189228,Undergraduate students,5577,1995,3582,30,12,18,137,56,81,1389,458,931,1203,442,761,12,6,6,357,132,225,0,0,0,1788,608,1180,661,281,380
189264,Total students enrolled for credit,17,17,0,0,0,0,0,0,0,0,0,0,0,0,0,0,0,0,17,17,0,0,0,0,0,0,0,0,0,0
189264,Undergraduate students,17,17,0,0,0,0,0,0,0,0,0,0,0,0,0,0,0,0,17,17,0,0,0,0,0,0,0,0,0,0
189273,Total students enrolled for credit,38,38,0,0,0,0,0,0,0,0,0,0,0,0,0,0,0,0,38,38,0,0,0,0,0,0,0,0,0,0
189273,Undergraduate students,38,38,0,0,0,0,0,0,0,0,0,0,0,0,0,0,0,0,38,38,0,0,0,0,0,0,0,0,0,0
189282,Total students enrolled for credit,235,50,185,0,0,0,33,7,26,70,15,55,31,4,27,20,8,12,81,16,65,0,0,0,0,0,0,0,0,0
189282,Undergraduate students,235,50,185,0,0,0,33,7,26,70,15,55,31,4,27,20,8,12,81,16,65,0,0,0,0,0,0,0,0,0
189404,Total students enrolled for credit,144,4,140,0,0,0,8,0,8,44,2,42,32,2,30,0,0,0,21,0,21,1,0,1,24,0,24,14,0,14
189404,Undergraduate students,144,4,140,0,0,0,8,0,8,44,2,42,32,2,30,0,0,0,21,0,21,1,0,1,24,0,24,14,0,14
189413,Total students enrolled for credit,1226,279,947,0,0,0,2,1,1,234,44,190,973,230,743,0,0,0,17,4,13,0,0,0,0,0,0,0,0,0
189413,Undergraduate students,1084,254,830,0,0,0,2,1,1,196,39,157,873,212,661,0,0,0,13,2,11,0,0,0,0,0,0,0,0,0
189413,Graduate student,142,25,117,0,0,0,0,0,0,38,5,33,100,18,82,0,0,0,4,2,2,0,0,0,0,0,0,0,0,0
189459,Total students enrolled for credit,671,196,475,3,0,3,9,3,6,118,34,84,76,21,55,1,1,0,159,47,112,9,3,6,296,87,209,0,0,0
189459,Undergraduate students,671,196,475,3,0,3,9,3,6,118,34,84,76,21,55,1,1,0,159,47,112,9,3,6,296,87,209,0,0,0
189468,Total students enrolled for credit,226,10,216,2,0,2,11,0,11,30,1,29,35,3,32,3,0,3,137,6,131,3,0,3,3,0,3,2,0,2
189468,Undergraduate students,226,10,216,2,0,2,11,0,11,30,1,29,35,3,32,3,0,3,137,6,131,3,0,3,3,0,3,2,0,2
189477,Total students enrolled for credit,274,4,270,0,0,0,5,0,5,89,1,88,169,2,167,0,0,0,9,1,8,2,0,2,0,0,0,0,0,0
189477,Undergraduate students,274,4,270,0,0,0,5,0,5,89,1,88,169,2,167,0,0,0,9,1,8,2,0,2,0,0,0,0,0,0
189501,Total students enrolled for credit,1171,563,608,0,0,0,126,54,72,68,25,43,129,54,75,1,0,1,714,363,351,24,13,11,83,42,41,26,12,14
189501,Graduate student,1171,563,608,0,0,0,126,54,72,68,25,43,129,54,75,1,0,1,714,363,351,24,13,11,83,42,41,26,12,14
189547,Total students enrolled for credit,9595,4269,5326,28,17,11,246,116,130,750,362,388,611,257,354,5,1,4,5355,2415,2940,167,79,88,2247,924,1323,186,98,88
189547,Undergraduate students,9595,4269,5326,28,17,11,246,116,130,750,362,388,611,257,354,5,1,4,5355,2415,2940,167,79,88,2247,924,1323,186,98,88
189556,Total students enrolled for credit,512,119,393,1,1,0,3,1,2,96,22,74,15,1,14,1,1,0,368,89,279,24,4,20,4,0,4,0,0,0
189556,Undergraduate students,512,119,393,1,1,0,3,1,2,96,22,74,15,1,14,1,1,0,368,89,279,24,4,20,4,0,4,0,0,0
189565,Total students enrolled for credit,425,112,313,2,0,2,2,1,1,34,7,27,7,2,5,0,0,0,317,80,237,9,3,6,54,19,35,0,0,0
189565,Undergraduate students,425,112,313,2,0,2,2,1,1,34,7,27,7,2,5,0,0,0,317,80,237,9,3,6,54,19,35,0,0,0
189574,Total students enrolled for credit,737,187,550,9,1,8,22,10,12,224,55,169,59,15,44,2,1,1,331,80,251,27,4,23,56,16,40,7,5,2
189574,Undergraduate students,737,187,550,9,1,8,22,10,12,224,55,169,59,15,44,2,1,1,331,80,251,27,4,23,56,16,40,7,5,2
189583,Total students enrolled for credit,887,212,675,6,1,5,20,6,14,559,128,431,72,19,53,1,0,1,189,50,139,31,5,26,9,3,6,0,0,0
189583,Undergraduate students,887,212,675,6,1,5,20,6,14,559,128,431,72,19,53,1,0,1,189,50,139,31,5,26,9,3,6,0,0,0
189592,Total students enrolled for credit,647,152,495,1,0,1,6,1,5,217,48,169,57,9,48,1,0,1,279,65,214,56,24,32,30,5,25,0,0,0
189592,Undergraduate students,647,152,495,1,0,1,6,1,5,217,48,169,57,9,48,1,0,1,279,65,214,56,24,32,30,5,25,0,0,0
189705,Total students enrolled for credit,4436,2065,2371,14,4,10,85,40,45,333,130,203,224,95,129,5,0,5,3048,1401,1647,67,27,40,466,260,206,194,108,86
189705,Undergraduate students,2861,1461,1400,8,1,7,63,30,33,223,81,142,171,77,94,5,0,5,1978,1015,963,46,21,25,236,156,80,131,80,51
189705,Graduate student,1575,604,971,6,3,3,22,10,12,110,49,61,53,18,35,0,0,0,1070,386,684,21,6,15,230,104,126,63,28,35
189714,Total students enrolled for credit,432,10,422,1,0,1,6,0,6,62,1,61,80,4,76,0,0,0,270,5,265,5,0,5,7,0,7,1,0,1
189714,Undergraduate students,432,10,422,1,0,1,6,0,6,62,1,61,80,4,76,0,0,0,270,5,265,5,0,5,7,0,7,1,0,1
189811,Total students enrolled for credit,785,122,663,4,0,4,92,27,65,264,35,229,156,12,144,12,3,9,87,15,72,34,12,22,136,18,118,0,0,0
189811,Undergraduate students,785,122,663,4,0,4,92,27,65,264,35,229,156,12,144,12,3,9,87,15,72,34,12,22,136,18,118,0,0,0
189839,Total students enrolled for credit,6956,2776,4180,32,15,17,121,37,84,407,159,248,333,131,202,5,1,4,5518,2187,3331,92,27,65,389,188,201,59,31,28
189839,Undergraduate students,6956,2776,4180,32,15,17,121,37,84,407,159,248,333,131,202,5,1,4,5518,2187,3331,92,27,65,389,188,201,59,31,28
189848,Total students enrolled for credit,1173,318,855,7,2,5,8,3,5,91,42,49,63,17,46,0,0,0,791,198,593,25,11,14,183,42,141,5,3,2
189848,Undergraduate students,1173,318,855,7,2,5,8,3,5,91,42,49,63,17,46,0,0,0,791,198,593,25,11,14,183,42,141,5,3,2
189857,Total students enrolled for credit,520,520,0,0,0,0,0,0,0,0,0,0,0,0,0,0,0,0,433,433,0,0,0,0,0,0,0,87,87,0
189857,Undergraduate students,421,421,0,0,0,0,0,0,0,0,0,0,0,0,0,0,0,0,344,344,0,0,0,0,0,0,0,77,77,0
189857,Graduate student,99,99,0,0,0,0,0,0,0,0,0,0,0,0,0,0,0,0,89,89,0,0,0,0,0,0,0,10,10,0
189954,Total students enrolled for credit,53,27,26,0,0,0,0,0,0,40,26,14,0,0,0,0,0,0,13,1,12,0,0,0,0,0,0,0,0,0
189954,Undergraduate students,53,27,26,0,0,0,0,0,0,40,26,14,0,0,0,0,0,0,13,1,12,0,0,0,0,0,0,0,0,0
189981,Total students enrolled for credit,83,62,21,0,0,0,0,0,0,5,4,1,2,2,0,1,1,0,75,55,20,0,0,0,0,0,0,0,0,0
189981,Graduate student,83,62,21,0,0,0,0,0,0,5,4,1,2,2,0,1,1,0,75,55,20,0,0,0,0,0,0,0,0,0
189990,Total students enrolled for credit,754,16,738,2,0,2,69,1,68,126,2,124,263,5,258,0,0,0,199,4,195,7,1,6,88,3,85,0,0,0
189990,Undergraduate students,754,16,738,2,0,2,69,1,68,126,2,124,263,5,258,0,0,0,199,4,195,7,1,6,88,3,85,0,0,0
190008,Total students enrolled for credit,64,22,42,0,0,0,1,0,1,13,8,5,4,0,4,2,0,2,37,11,26,0,0,0,0,0,0,7,3,4
190008,Undergraduate students,64,22,42,0,0,0,1,0,1,13,8,5,4,0,4,2,0,2,37,11,26,0,0,0,0,0,0,7,3,4
190044,Total students enrolled for credit,4830,3243,1587,12,7,5,219,122,97,117,62,55,208,127,81,3,1,2,3543,2457,1086,98,61,37,181,138,43,449,268,181
190044,Undergraduate students,3335,2336,999,10,6,4,99,58,41,81,45,36,156,94,62,1,0,1,2700,1942,758,82,55,27,73,58,15,133,78,55
190044,Graduate student,1495,907,588,2,1,1,120,64,56,36,17,19,52,33,19,2,1,1,843,515,328,16,6,10,108,80,28,316,190,126
190053,Total students enrolled for credit,1926,800,1126,22,8,14,5,2,3,124,83,41,49,18,31,1,0,1,1458,569,889,8,3,5,206,86,120,53,31,22
190053,Undergraduate students,1926,800,1126,22,8,14,5,2,3,124,83,41,49,18,31,1,0,1,1458,569,889,8,3,5,206,86,120,53,31,22
190071,Total students enrolled for credit,127,22,105,0,0,0,2,2,0,9,3,6,42,6,36,0,0,0,13,1,12,0,0,0,60,10,50,1,0,1
190071,Undergraduate students,127,22,105,0,0,0,2,2,0,9,3,6,42,6,36,0,0,0,13,1,12,0,0,0,60,10,50,1,0,1
190080,Total students enrolled for credit,124,64,60,0,0,0,4,3,1,56,41,15,4,3,1,0,0,0,56,16,40,4,1,3,0,0,0,0,0,0
190080,Graduate student,124,64,60,0,0,0,4,3,1,56,41,15,4,3,1,0,0,0,56,16,40,4,1,3,0,0,0,0,0,0
190099,Total students enrolled for credit,3035,1347,1688,3,2,1,109,45,64,137,73,64,277,129,148,1,0,1,2006,855,1151,109,45,64,120,54,66,273,144,129
190099,Undergraduate students,3025,1342,1683,3,2,1,109,45,64,137,73,64,276,129,147,1,0,1,2001,852,1149,109,45,64,118,53,65,271,143,128
190099,Graduate student,10,5,5,0,0,0,0,0,0,0,0,0,1,0,1,0,0,0,5,3,2,0,0,0,2,1,1,2,1,1
190114,Total students enrolled for credit,1600,423,1177,10,5,5,51,28,23,925,190,735,329,81,248,6,3,3,71,44,27,23,8,15,116,27,89,69,37,32
190114,Undergraduate students,1011,258,753,5,2,3,29,14,15,591,117,474,241,56,185,5,3,2,38,28,10,19,7,12,62,17,45,21,14,7
190114,Graduate student,589,165,424,5,3,2,22,14,8,334,73,261,88,25,63,1,0,1,33,16,17,4,1,3,54,10,44,48,23,25
190150,Total students enrolled for credit,31664,15469,16195,72,31,41,3932,1736,2196,1686,671,1015,2447,1125,1322,32,15,17,10332,5100,5232,1170,487,683,1499,775,724,10494,5529,4965
190150,Undergraduate students,8523,4563,3960,36,18,18,1480,699,781,624,298,326,1111,590,521,9,6,3,3187,1855,1332,455,224,231,248,143,105,1373,730,643
190150,Graduate student,23141,10906,12235,36,13,23,2452,1037,1415,1062,373,689,1336,535,801,23,9,14,7145,3245,3900,715,263,452,1251,632,619,9121,4799,4322
190169,Total students enrolled for credit,2220,800,1420,6,3,3,46,17,29,174,70,104,145,57,88,5,1,4,1727,608,1119,88,35,53,25,7,18,4,2,2
190169,Undergraduate students,2220,800,1420,6,3,3,46,17,29,174,70,104,145,57,88,5,1,4,1727,608,1119,88,35,53,25,7,18,4,2,2
190239,Total students enrolled for credit,236,14,222,1,0,1,9,1,8,91,7,84,76,3,73,0,0,0,11,2,9,5,0,5,43,1,42,0,0,0
190239,Undergraduate students,236,14,222,1,0,1,9,1,8,91,7,84,76,3,73,0,0,0,11,2,9,5,0,5,43,1,42,0,0,0
190248,Total students enrolled for credit,1334,390,944,4,3,1,44,21,23,302,77,225,303,83,220,1,0,1,464,112,352,32,11,21,43,7,36,141,76,65
190248,Undergraduate students,971,327,644,4,3,1,36,19,17,204,55,149,237,76,161,1,0,1,308,92,216,26,8,18,24,3,21,131,71,60
190248,Graduate student,363,63,300,0,0,0,8,2,6,98,22,76,66,7,59,0,0,0,156,20,136,6,3,3,19,4,15,10,5,5
190293,Total students enrolled for credit,123,15,108,0,0,0,1,0,1,88,11,77,7,1,6,0,0,0,20,2,18,7,1,6,0,0,0,0,0,0
190293,Undergraduate students,123,15,108,0,0,0,1,0,1,88,11,77,7,1,6,0,0,0,20,2,18,7,1,6,0,0,0,0,0,0
190309,Total students enrolled for credit,38,2,36,1,0,1,0,0,0,2,0,2,2,2,0,0,0,0,31,0,31,2,0,2,0,0,0,0,0,0
190309,Undergraduate students,38,2,36,1,0,1,0,0,0,2,0,2,2,2,0,0,0,0,31,0,31,2,0,2,0,0,0,0,0,0
190318,Total students enrolled for credit,550,42,508,2,0,2,12,2,10,164,15,149,60,7,53,0,0,0,290,15,275,17,2,15,5,1,4,0,0,0
190318,Undergraduate students,550,42,508,2,0,2,12,2,10,164,15,149,60,7,53,0,0,0,290,15,275,17,2,15,5,1,4,0,0,0
190372,Total students enrolled for credit,1017,676,341,0,0,0,187,140,47,32,20,12,93,60,33,0,0,0,295,201,94,70,44,26,144,92,52,196,119,77
190372,Undergraduate students,921,606,315,0,0,0,171,129,42,29,18,11,88,55,33,0,0,0,266,174,92,62,39,23,130,81,49,175,110,65
190372,Graduate student,96,70,26,0,0,0,16,11,5,3,2,1,5,5,0,0,0,0,29,27,2,8,5,3,14,11,3,21,9,12
190415,Total students enrolled for credit,22820,11599,11221,82,41,41,3388,1596,1792,1136,487,649,2272,1186,1086,18,9,9,8519,4492,4027,818,386,432,1565,748,817,5022,2654,2368
190415,Undergraduate students,14774,7102,7672,66,35,31,2708,1193,1515,938,397,541,1844,962,882,14,8,6,5840,2989,2851,662,304,358,1188,558,630,1514,656,858
190415,Graduate student,8046,4497,3549,16,6,10,680,403,277,198,90,108,428,224,204,4,1,3,2679,1503,1176,156,82,74,377,190,187,3508,1998,1510
190424,Total students enrolled for credit,1083,504,579,3,0,3,199,84,115,56,24,32,64,31,33,5,3,2,475,229,246,33,17,16,56,26,30,192,90,102
190424,Graduate student,1083,504,579,3,0,3,199,84,115,56,24,32,64,31,33,5,3,2,475,229,246,33,17,16,56,26,30,192,90,102
190442,Total students enrolled for credit,5099,2137,2962,9,4,5,54,19,35,222,99,123,131,61,70,3,2,1,4256,1775,2481,153,63,90,266,112,154,5,2,3
190442,Undergraduate students,5099,2137,2962,9,4,5,54,19,35,222,99,123,131,61,70,3,2,1,4256,1775,2481,153,63,90,266,112,154,5,2,3
190451,Total students enrolled for credit,291,33,258,0,0,0,6,2,4,8,1,7,7,0,7,0,0,0,237,28,209,14,2,12,19,0,19,0,0,0
190451,Undergraduate students,291,33,258,0,0,0,6,2,4,8,1,7,7,0,7,0,0,0,237,28,209,14,2,12,19,0,19,0,0,0
190503,Total students enrolled for credit,4429,2215,2214,22,9,13,307,170,137,264,106,158,706,322,384,16,9,7,2142,1085,1057,152,61,91,138,74,64,682,379,303
190503,Undergraduate students,4410,2210,2200,22,9,13,305,170,135,264,106,158,703,322,381,16,9,7,2130,1080,1050,152,61,91,138,74,64,680,379,301
190503,Graduate student,19,5,14,0,0,0,2,0,2,0,0,0,3,0,3,0,0,0,12,5,7,0,0,0,0,0,0,2,0,2
190512,Total students enrolled for credit,22601,11142,11459,42,23,19,6471,3302,3169,2136,946,1190,5187,2543,2644,42,20,22,5581,2951,2630,306,148,158,0,0,0,2836,1209,1627
190512,Undergraduate students,18775,9460,9315,35,19,16,5775,2967,2808,1739,816,923,4737,2363,2374,36,20,16,4195,2224,1971,264,130,134,0,0,0,1994,921,1073
190512,Graduate student,3826,1682,2144,7,4,3,696,335,361,397,130,267,450,180,270,6,0,6,1386,727,659,42,18,24,0,0,0,842,288,554
190521,Total students enrolled for credit,35804,15156,20648,112,38,74,4059,1861,2198,9854,4024,5830,15326,6499,8827,111,42,69,3833,1666,2167,421,179,242,0,0,0,2088,847,1241
190521,Undergraduate students,35804,15156,20648,112,38,74,4059,1861,2198,9854,4024,5830,15326,6499,8827,111,42,69,3833,1666,2167,421,179,242,0,0,0,2088,847,1241
190530,Total students enrolled for credit,14901,6253,8648,46,20,26,456,238,218,4228,1781,2447,9388,3849,5539,34,16,18,319,164,155,103,39,64,0,0,0,327,146,181
190530,Undergraduate students,14901,6253,8648,46,20,26,456,238,218,4228,1781,2447,9388,3849,5539,34,16,18,319,164,155,103,39,64,0,0,0,327,146,181
190549,Total students enrolled for credit,21626,8642,12984,46,18,28,3584,1640,1944,5271,1848,3423,4447,1704,2743,34,20,14,6967,2892,4075,309,127,182,0,0,0,968,393,575
190549,Undergraduate students,17679,7353,10326,32,14,18,3173,1499,1674,4311,1574,2737,3864,1540,2324,29,18,11,5389,2341,3048,273,115,158,0,0,0,608,252,356
190549,Graduate student,3947,1289,2658,14,4,10,411,141,270,960,274,686,583,164,419,5,2,3,1578,551,1027,36,12,24,0,0,0,360,141,219
190558,Total students enrolled for credit,16445,7095,9350,27,10,17,1839,888,951,2302,870,1432,4003,1618,2385,33,12,21,7583,3385,4198,192,90,102,0,0,0,466,222,244
190558,Undergraduate students,15245,6761,8484,26,10,16,1734,845,889,2228,851,1377,3847,1575,2272,32,11,21,6787,3181,3606,183,87,96,0,0,0,408,201,207
190558,Graduate student,1200,334,866,1,0,1,105,43,62,74,19,55,156,43,113,1,1,0,796,204,592,9,3,6,0,0,0,58,21,37
190567,Total students enrolled for credit,18999,9005,9994,32,18,14,4068,2233,1835,3203,1377,1826,6720,2737,3983,49,22,27,3340,1787,1553,278,134,144,0,0,0,1309,697,612
190567,Undergraduate students,15842,7713,8129,26,15,11,3688,2032,1656,2660,1191,1469,5908,2492,3416,48,22,26,2346,1358,988,247,122,125,0,0,0,919,481,438
190567,Graduate student,3157,1292,1865,6,3,3,380,201,179,543,186,357,812,245,567,1,0,1,994,429,565,31,12,19,0,0,0,390,216,174
190576,Total students enrolled for credit,8901,3219,5682,14,5,9,603,228,375,1490,392,1098,3288,1192,2096,12,3,9,2174,815,1359,122,34,88,0,0,0,1198,550,648
190576,Undergraduate students,2636,752,1884,6,2,4,283,98,185,827,212,615,817,216,601,8,1,7,581,193,388,55,11,44,0,0,0,59,19,40
190576,Graduate student,6265,2467,3798,8,3,5,320,130,190,663,180,483,2471,976,1495,4,2,2,1593,622,971,67,23,44,0,0,0,1139,531,608
190585,Total students enrolled for credit,9736,3183,6553,20,8,12,290,98,192,2591,894,1697,6128,1900,4228,12,0,12,208,85,123,59,16,43,0,0,0,428,182,246
190585,Undergraduate students,9736,3183,6553,20,8,12,290,98,192,2591,894,1697,6128,1900,4228,12,0,12,208,85,123,59,16,43,0,0,0,428,182,246
190594,Total students enrolled for credit,28591,9148,19443,36,12,24,5828,2198,3630,3405,931,2474,7740,2355,5385,110,43,67,9516,3014,6502,531,169,362,0,0,0,1425,426,999
190594,Undergraduate students,20626,7310,13316,29,10,19,5118,2031,3087,2249,678,1571,6126,2014,4112,97,38,59,5455,2044,3411,408,140,268,0,0,0,1144,355,789
190594,Graduate student,7965,1838,6127,7,2,5,710,167,543,1156,253,903,1614,341,1273,13,5,8,4061,970,3091,123,29,94,0,0,0,281,71,210
190600,Total students enrolled for credit,17938,8136,9802,57,19,38,1729,928,801,3312,1279,2033,8295,3519,4776,62,27,35,3630,2029,1601,293,118,175,0,0,0,560,217,343
190600,Undergraduate students,15583,7026,8557,51,16,35,1582,855,727,2746,1068,1678,7716,3277,4439,61,27,34,2762,1532,1230,231,94,137,0,0,0,434,157,277
190600,Graduate student,2355,1110,1245,6,3,3,147,73,74,566,211,355,579,242,337,1,0,1,868,497,371,62,24,38,0,0,0,126,60,66
190619,Total students enrolled for credit,21797,9756,12041,42,19,23,3239,1771,1468,5978,2477,3501,4447,1890,2557,25,13,12,7153,3155,3998,275,133,142,0,0,0,638,298,340
190619,Undergraduate students,21797,9756,12041,42,19,23,3239,1771,1468,5978,2477,3501,4447,1890,2557,25,13,12,7153,3155,3998,275,133,142,0,0,0,638,298,340
190628,Total students enrolled for credit,25419,10751,14668,96,45,51,4498,2086,2412,4164,1638,2526,11836,4808,7028,69,34,35,2746,1234,1512,243,103,140,0,0,0,1767,803,964
190628,Undergraduate students,25419,10751,14668,96,45,51,4498,2086,2412,4164,1638,2526,11836,4808,7028,69,34,35,2746,1234,1512,243,103,140,0,0,0,1767,803,964
190637,Total students enrolled for credit,17812,5728,12084,28,6,22,1210,438,772,4988,1563,3425,9141,2784,6357,23,11,12,1796,724,1072,132,42,90,0,0,0,494,160,334
190637,Undergraduate students,15231,4975,10256,25,6,19,1035,392,643,4286,1361,2925,8161,2537,5624,23,11,12,1174,497,677,110,34,76,0,0,0,417,137,280
190637,Graduate student,2581,753,1828,3,0,3,175,46,129,702,202,500,980,247,733,0,0,0,622,227,395,22,8,14,0,0,0,77,23,54
190646,Total students enrolled for credit,8828,2521,6307,21,3,18,282,114,168,6677,1903,4774,1233,315,918,17,9,8,218,75,143,101,27,74,0,0,0,279,75,204
190646,Undergraduate students,8828,2521,6307,21,3,18,282,114,168,6677,1903,4774,1233,315,918,17,9,8,218,75,143,101,27,74,0,0,0,279,75,204
190655,Total students enrolled for credit,20860,11339,9521,78,43,35,4015,2328,1687,6356,3317,3039,6826,3719,3107,91,48,43,2311,1238,1073,210,114,96,0,0,0,973,532,441
190655,Undergraduate students,20860,11339,9521,78,43,35,4015,2328,1687,6356,3317,3039,6826,3719,3107,91,48,43,2311,1238,1073,210,114,96,0,0,0,973,532,441
190664,Total students enrolled for credit,24367,10326,14041,74,32,42,6269,2893,3376,2312,879,1433,6442,2547,3895,97,41,56,7551,3197,4354,355,139,216,0,0,0,1267,598,669
190664,Undergraduate students,20379,9052,11327,65,31,34,5704,2713,2991,1925,764,1161,5683,2317,3366,93,41,52,5635,2591,3044,262,112,150,0,0,0,1012,483,529
190664,Graduate student,3988,1274,2714,9,1,8,565,180,385,387,115,272,759,230,529,4,0,4,1916,606,1310,93,27,66,0,0,0,255,115,140
190673,Total students enrolled for credit,21034,9685,11349,188,89,99,5171,2591,2580,4866,1974,2892,6685,3042,3643,173,88,85,2803,1397,1406,229,114,115,0,0,0,919,390,529
190673,Undergraduate students,21034,9685,11349,188,89,99,5171,2591,2580,4866,1974,2892,6685,3042,3643,173,88,85,2803,1397,1406,229,114,115,0,0,0,919,390,529
190682,Total students enrolled for credit,450,171,279,3,2,1,58,24,34,62,21,41,87,33,54,0,0,0,216,84,132,11,3,8,0,0,0,13,4,9
190682,Graduate student,450,171,279,3,2,1,58,24,34,62,21,41,87,33,54,0,0,0,216,84,132,11,3,8,0,0,0,13,4,9
190691,Total students enrolled for credit,10518,3683,6835,93,30,63,2398,924,1474,3831,1286,2545,2996,1011,1985,89,26,63,590,226,364,106,38,68,0,0,0,415,142,273
190691,Undergraduate students,10396,3659,6737,93,30,63,2376,921,1455,3816,1280,2536,2974,1006,1968,89,26,63,536,216,320,106,38,68,0,0,0,406,142,264
190691,Graduate student,122,24,98,0,0,0,22,3,19,15,6,9,22,5,17,0,0,0,54,10,44,0,0,0,0,0,0,9,0,9
190707,Total students enrolled for credit,23,6,17,0,0,0,0,0,0,0,0,0,0,0,0,0,0,0,23,6,17,0,0,0,0,0,0,0,0,0
190707,Undergraduate students,23,6,17,0,0,0,0,0,0,0,0,0,0,0,0,0,0,0,23,6,17,0,0,0,0,0,0,0,0,0
190716,Total students enrolled for credit,3284,900,2384,15,1,14,156,58,98,286,66,220,117,37,80,0,0,0,2268,605,1663,59,15,44,150,39,111,233,79,154
190716,Undergraduate students,1893,481,1412,9,1,8,88,27,61,185,43,142,86,26,60,0,0,0,1355,332,1023,43,13,30,95,28,67,32,11,21
190716,Graduate student,1391,419,972,6,0,6,68,31,37,101,23,78,31,11,20,0,0,0,913,273,640,16,2,14,55,11,44,201,68,133
190725,Total students enrolled for credit,3140,805,2335,9,2,7,68,25,43,281,76,205,171,68,103,1,0,1,2374,563,1811,30,6,24,162,45,117,44,20,24
190725,Undergraduate students,2176,612,1564,7,1,6,54,21,33,234,68,166,152,55,97,1,0,1,1564,416,1148,26,5,21,112,31,81,26,15,11
190725,Graduate student,964,193,771,2,1,1,14,4,10,47,8,39,19,13,6,0,0,0,810,147,663,4,1,3,50,14,36,18,5,13
190752,Total students enrolled for credit,37,37,0,0,0,0,0,0,0,0,0,0,0,0,0,0,0,0,37,37,0,0,0,0,0,0,0,0,0,0
190752,Undergraduate students,37,37,0,0,0,0,0,0,0,0,0,0,0,0,0,0,0,0,37,37,0,0,0,0,0,0,0,0,0,0
190761,Total students enrolled for credit,2334,758,1576,1,1,0,228,71,157,295,95,200,520,164,356,15,4,11,785,231,554,55,15,40,342,128,214,93,49,44
190761,Undergraduate students,1663,536,1127,0,0,0,101,26,75,259,86,173,472,152,320,11,3,8,570,176,394,46,14,32,182,64,118,22,15,7
190761,Graduate student,671,222,449,1,1,0,127,45,82,36,9,27,48,12,36,4,1,3,215,55,160,9,1,8,160,64,96,71,34,37
190840,Total students enrolled for credit,11696,5265,6431,24,15,9,379,162,217,1308,544,764,2139,936,1203,11,7,4,6980,3202,3778,416,194,222,319,150,169,120,55,65
190840,Undergraduate students,11696,5265,6431,24,15,9,379,162,217,1308,544,764,2139,936,1203,11,7,4,6980,3202,3778,416,194,222,319,150,169,120,55,65
190956,Total students enrolled for credit,130,19,111,0,0,0,14,3,11,10,2,8,7,0,7,0,0,0,98,14,84,1,0,1,0,0,0,0,0,0
190956,Undergraduate students,130,19,111,0,0,0,14,3,11,10,2,8,7,0,7,0,0,0,98,14,84,1,0,1,0,0,0,0,0,0
190974,Total students enrolled for credit,553,135,418,2,0,2,1,0,1,67,17,50,15,8,7,4,1,3,413,91,322,0,0,0,51,18,33,0,0,0
190974,Undergraduate students,553,135,418,2,0,2,1,0,1,67,17,50,15,8,7,4,1,3,413,91,322,0,0,0,51,18,33,0,0,0
190983,Total students enrolled for credit,1267,380,887,2,0,2,28,9,19,49,18,31,45,10,35,1,0,1,1008,290,718,24,6,18,57,21,36,53,26,27
190983,Undergraduate students,1135,341,794,2,0,2,26,8,18,49,18,31,43,9,34,0,0,0,894,257,637,23,6,17,49,18,31,49,25,24
190983,Graduate student,132,39,93,0,0,0,2,1,1,0,0,0,2,1,1,1,0,1,114,33,81,1,0,1,8,3,5,4,1,3
191083,Total students enrolled for credit,20515,9755,10760,132,61,71,642,318,324,2506,1082,1424,640,297,343,19,4,15,10788,5297,5491,406,168,238,5079,2347,2732,303,181,122
191083,Undergraduate students,20515,9755,10760,132,61,71,642,318,324,2506,1082,1424,640,297,343,19,4,15,10788,5297,5491,406,168,238,5079,2347,2732,303,181,122
191126,Total students enrolled for credit,10812,1695,9117,19,3,16,1227,196,1031,1026,189,837,1891,401,1490,27,5,22,4779,607,4172,365,71,294,119,21,98,1359,202,1157
191126,Undergraduate students,10610,1666,8944,18,3,15,1211,190,1021,1015,187,828,1869,398,1471,26,5,21,4692,596,4096,362,71,291,109,20,89,1308,196,1112
191126,Graduate student,202,29,173,1,0,1,16,6,10,11,2,9,22,3,19,1,0,1,87,11,76,3,0,3,10,1,9,51,6,45
191199,Total students enrolled for credit,9554,4089,5465,34,15,19,105,51,54,486,192,294,458,178,280,0,0,0,6715,2824,3891,181,82,99,1572,745,827,3,2,1
191199,Undergraduate students,9554,4089,5465,34,15,19,105,51,54,486,192,294,458,178,280,0,0,0,6715,2824,3891,181,82,99,1572,745,827,3,2,1
191205,Total students enrolled for credit,752,514,238,4,3,1,10,6,4,175,116,59,118,85,33,1,1,0,392,269,123,19,15,4,4,2,2,29,17,12
191205,Undergraduate students,711,486,225,4,3,1,10,6,4,172,113,59,115,83,32,1,1,0,369,253,116,19,15,4,3,2,1,18,10,8
191205,Graduate student,41,28,13,0,0,0,0,0,0,3,3,0,3,2,1,0,0,0,23,16,7,0,0,0,1,0,1,11,7,4
191241,Total students enrolled for credit,17901,7087,10814,29,13,16,1308,530,778,1278,390,888,2397,854,1543,21,8,13,8982,3767,5215,411,146,265,800,311,489,2675,1068,1607
191241,Undergraduate students,10137,4355,5782,13,6,7,917,381,536,448,191,257,1421,607,814,7,3,4,5726,2512,3214,299,110,189,509,197,312,797,348,449
191241,Graduate student,7764,2732,5032,16,7,9,391,149,242,830,199,631,976,247,729,14,5,9,3256,1255,2001,112,36,76,291,114,177,1878,720,1158
191287,Total students enrolled for credit,916,430,486,2,0,2,190,84,106,85,36,49,202,105,97,8,4,4,314,144,170,24,14,10,91,43,48,0,0,0
191287,Undergraduate students,916,430,486,2,0,2,190,84,106,85,36,49,202,105,97,8,4,4,314,144,170,24,14,10,91,43,48,0,0,0
191302,Total students enrolled for credit,3079,1319,1760,7,4,3,27,10,17,182,97,85,377,154,223,1,0,1,1905,767,1138,90,48,42,343,167,176,147,72,75
191302,Undergraduate students,3079,1319,1760,7,4,3,27,10,17,182,97,85,377,154,223,1,0,1,1905,767,1138,90,48,42,343,167,176,147,72,75
191311,Total students enrolled for credit,400,126,274,1,1,0,148,50,98,7,2,5,16,1,15,0,0,0,114,37,77,5,0,5,109,35,74,0,0,0
191311,Undergraduate students,400,126,274,1,1,0,148,50,98,7,2,5,16,1,15,0,0,0,114,37,77,5,0,5,109,35,74,0,0,0
191320,Total students enrolled for credit,52,31,21,0,0,0,0,0,0,10,4,6,2,2,0,0,0,0,36,21,15,2,2,0,1,1,0,1,1,0
191320,Graduate student,52,31,21,0,0,0,0,0,0,10,4,6,2,2,0,0,0,0,36,21,15,2,2,0,1,1,0,1,1,0
191339,Total students enrolled for credit,7803,2897,4906,49,27,22,80,32,48,531,187,344,341,124,217,3,2,1,5663,2030,3633,190,65,125,747,326,421,199,104,95
191339,Undergraduate students,7803,2897,4906,49,27,22,80,32,48,531,187,344,341,124,217,3,2,1,5663,2030,3633,190,65,125,747,326,421,199,104,95
191409,Total students enrolled for credit,85,2,83,1,0,1,5,0,5,11,0,11,23,0,23,0,0,0,40,1,39,3,0,3,1,1,0,1,0,1
191409,Undergraduate students,85,2,83,1,0,1,5,0,5,11,0,11,23,0,23,0,0,0,40,1,39,3,0,3,1,1,0,1,0,1
191515,Total students enrolled for credit,2043,978,1065,1,1,0,144,47,97,79,45,34,157,67,90,0,0,0,1308,655,653,68,35,33,156,68,88,130,60,70
191515,Undergraduate students,2043,978,1065,1,1,0,144,47,97,79,45,34,157,67,90,0,0,0,1308,655,653,68,35,33,156,68,88,130,60,70
191533,Total students enrolled for credit,1435,572,863,4,4,0,34,9,25,123,66,57,109,42,67,1,0,1,920,332,588,26,12,14,178,81,97,40,26,14
191533,Undergraduate students,1435,572,863,4,4,0,34,9,25,123,66,57,109,42,67,1,0,1,920,332,588,26,12,14,178,81,97,40,26,14
191597,Total students enrolled for credit,606,92,514,3,0,3,57,14,43,432,61,371,66,10,56,1,0,1,41,6,35,5,0,5,1,1,0,0,0,0
191597,Undergraduate students,606,92,514,3,0,3,57,14,43,432,61,371,66,10,56,1,0,1,41,6,35,5,0,5,1,1,0,0,0,0
191612,Total students enrolled for credit,4075,1711,2364,28,12,16,209,114,95,447,217,230,258,126,132,2,1,1,2830,1093,1737,47,14,33,59,37,22,195,97,98
191612,Undergraduate students,4075,1711,2364,28,12,16,209,114,95,447,217,230,258,126,132,2,1,1,2830,1093,1737,47,14,33,59,37,22,195,97,98
191621,Total students enrolled for credit,1517,592,925,14,5,9,5,2,3,64,19,45,31,9,22,2,2,0,722,319,403,65,21,44,609,212,397,5,3,2
191621,Undergraduate students,1449,575,874,13,5,8,3,1,2,54,17,37,30,9,21,2,2,0,675,307,368,58,19,39,609,212,397,5,3,2
191621,Graduate student,68,17,51,1,0,1,2,1,1,10,2,8,1,0,1,0,0,0,47,12,35,7,2,5,0,0,0,0,0,0
191630,Total students enrolled for credit,2304,1141,1163,10,7,3,80,29,51,137,87,50,125,61,64,2,2,0,1656,826,830,0,0,0,137,59,78,157,70,87
191630,Undergraduate students,2295,1139,1156,10,7,3,80,29,51,137,87,50,125,61,64,2,2,0,1649,824,825,0,0,0,135,59,76,157,70,87
191630,Graduate student,9,2,7,0,0,0,0,0,0,0,0,0,0,0,0,0,0,0,7,2,5,0,0,0,2,0,2,0,0,0
191649,Total students enrolled for credit,12243,5297,6946,39,21,18,1096,525,571,1001,333,668,1434,560,874,86,27,59,6518,2853,3665,212,82,130,781,388,393,1076,508,568
191649,Undergraduate students,7438,3453,3985,25,13,12,722,367,355,608,225,383,1001,416,585,54,18,36,4062,1891,2171,179,72,107,382,229,153,405,222,183
191649,Graduate student,4805,1844,2961,14,8,6,374,158,216,393,108,285,433,144,289,32,9,23,2456,962,1494,33,10,23,399,159,240,671,286,385
191676,Total students enrolled for credit,1247,476,771,1,0,1,47,19,28,46,28,18,16,1,15,3,0,3,919,348,571,55,23,32,87,25,62,73,32,41
191676,Undergraduate students,1231,466,765,1,0,1,47,19,28,44,26,18,16,1,15,3,0,3,910,341,569,54,23,31,83,24,59,73,32,41
191676,Graduate student,16,10,6,0,0,0,0,0,0,2,2,0,0,0,0,0,0,0,9,7,2,1,0,1,4,1,3,0,0,0
191719,Total students enrolled for credit,16498,8231,8267,69,37,32,928,473,455,1616,778,838,925,434,491,39,19,20,11972,6044,5928,429,199,230,443,211,232,77,36,41
191719,Undergraduate students,16498,8231,8267,69,37,32,928,473,455,1616,778,838,925,434,491,39,19,20,11972,6044,5928,429,199,230,443,211,232,77,36,41
191728,Total students enrolled for credit,1629,308,1321,31,7,24,29,9,20,316,57,259,371,57,314,6,1,5,818,169,649,52,7,45,6,1,5,0,0,0
191728,Undergraduate students,1629,308,1321,31,7,24,29,9,20,316,57,259,371,57,314,6,1,5,818,169,649,52,7,45,6,1,5,0,0,0
191834,Total students enrolled for credit,408,351,57,0,0,0,7,6,1,196,170,26,108,96,12,2,2,0,81,65,16,1,1,0,11,10,1,2,1,1
191834,Undergraduate students,408,351,57,0,0,0,7,6,1,196,170,26,108,96,12,2,2,0,81,65,16,1,1,0,11,10,1,2,1,1
191931,Total students enrolled for credit,4625,2217,2408,11,2,9,109,49,60,427,218,209,947,435,512,7,3,4,2495,1161,1334,69,33,36,334,159,175,226,157,69
191931,Undergraduate students,3649,1780,1869,7,1,6,79,41,38,325,175,150,778,368,410,5,2,3,2025,963,1062,65,32,33,270,136,134,95,62,33
191931,Graduate student,976,437,539,4,1,3,30,8,22,102,43,59,169,67,102,2,1,1,470,198,272,4,1,3,64,23,41,131,95,36
191940,Total students enrolled for credit,74,6,68,1,0,1,1,0,1,6,1,5,10,1,9,0,0,0,49,2,47,7,2,5,0,0,0,0,0,0
191940,Undergraduate students,74,6,68,1,0,1,1,0,1,6,1,5,10,1,9,0,0,0,49,2,47,7,2,5,0,0,0,0,0,0
191959,Total students enrolled for credit,119,107,12,0,0,0,1,1,0,12,12,0,26,23,3,2,2,0,54,49,5,5,4,1,19,16,3,0,0,0
191959,Undergraduate students,119,107,12,0,0,0,1,1,0,12,12,0,26,23,3,2,2,0,54,49,5,5,4,1,19,16,3,0,0,0
191968,Total students enrolled for credit,7184,2933,4251,9,2,7,268,80,188,422,190,232,548,202,346,1,0,1,5114,2129,2985,206,67,139,473,196,277,143,67,76
191968,Undergraduate students,6488,2715,3773,9,2,7,244,71,173,408,184,224,521,191,330,1,0,1,4646,1998,2648,190,61,129,343,149,194,126,59,67
191968,Graduate student,696,218,478,0,0,0,24,9,15,14,6,8,27,11,16,0,0,0,468,131,337,16,6,10,130,47,83,17,8,9
191986,Total students enrolled for credit,5704,2415,3289,68,20,48,47,17,30,190,98,92,363,179,184,8,3,5,4437,1817,2620,110,51,59,450,208,242,31,22,9
191986,Undergraduate students,5704,2415,3289,68,20,48,47,17,30,190,98,92,363,179,184,8,3,5,4437,1817,2620,110,51,59,450,208,242,31,22,9
192004,Total students enrolled for credit,392,103,289,16,3,13,1,0,1,6,4,2,90,24,66,0,0,0,253,60,193,21,8,13,5,4,1,0,0,0
192004,Undergraduate students,392,103,289,16,3,13,1,0,1,6,4,2,90,24,66,0,0,0,253,60,193,21,8,13,5,4,1,0,0,0
192022,Total students enrolled for credit,5074,2187,2887,26,5,21,70,32,38,384,200,184,493,205,288,11,7,4,3643,1495,2148,134,60,74,259,149,110,54,34,20
192022,Undergraduate students,5074,2187,2887,26,5,21,70,32,38,384,200,184,493,205,288,11,7,4,3643,1495,2148,134,60,74,259,149,110,54,34,20
192040,Total students enrolled for credit,375,166,209,0,0,0,1,0,1,1,1,0,14,2,12,0,0,0,319,146,173,1,0,1,28,14,14,11,3,8
192040,Undergraduate students,158,75,83,0,0,0,0,0,0,0,0,0,8,2,6,0,0,0,136,67,69,1,0,1,11,5,6,2,1,1
192040,Graduate student,217,91,126,0,0,0,1,0,1,1,1,0,6,0,6,0,0,0,183,79,104,0,0,0,17,9,8,9,2,7
192110,Total students enrolled for credit,957,510,447,1,0,1,126,47,79,42,28,14,55,30,25,0,0,0,380,243,137,49,27,22,54,27,27,250,108,142
192110,Undergraduate students,590,300,290,1,0,1,80,25,55,26,17,9,41,23,18,0,0,0,236,147,89,30,15,15,41,21,20,135,52,83
192110,Graduate student,367,210,157,0,0,0,46,22,24,16,11,5,14,7,7,0,0,0,144,96,48,19,12,7,13,6,7,115,56,59
192165,Total students enrolled for credit,156,156,0,0,0,0,0,0,0,0,0,0,0,0,0,0,0,0,156,156,0,0,0,0,0,0,0,0,0,0
192165,Undergraduate students,156,156,0,0,0,0,0,0,0,0,0,0,0,0,0,0,0,0,156,156,0,0,0,0,0,0,0,0,0,0
192192,Total students enrolled for credit,2330,560,1770,13,6,7,19,9,10,222,67,155,110,32,78,3,2,1,1712,371,1341,51,12,39,138,35,103,62,26,36
192192,Undergraduate students,1940,496,1444,12,6,6,17,9,8,187,59,128,99,29,70,2,1,1,1409,329,1080,43,9,34,117,30,87,54,24,30
192192,Graduate student,390,64,326,1,0,1,2,0,2,35,8,27,11,3,8,1,1,0,303,42,261,8,3,5,21,5,16,8,2,6
192271,Total students enrolled for credit,2508,189,2319,21,2,19,191,23,168,411,41,370,114,7,107,10,0,10,1075,63,1012,23,4,19,505,25,480,158,24,134
192271,Undergraduate students,2005,151,1854,17,2,15,149,20,129,263,29,234,80,6,74,10,0,10,923,54,869,0,0,0,483,23,460,80,17,63
192271,Graduate student,503,38,465,4,0,4,42,3,39,148,12,136,34,1,33,0,0,0,152,9,143,23,4,19,22,2,20,78,7,71
192323,Total students enrolled for credit,4026,1516,2510,11,3,8,102,26,76,206,74,132,190,77,113,3,1,2,3005,1117,1888,71,23,48,398,170,228,40,25,15
192323,Undergraduate students,3148,1236,1912,7,2,5,77,17,60,176,64,112,160,71,89,3,1,2,2377,931,1446,67,22,45,252,110,142,29,18,11
192323,Graduate student,878,280,598,4,1,3,25,9,16,30,10,20,30,6,24,0,0,0,628,186,442,4,1,3,146,60,86,11,7,4
192439,Total students enrolled for credit,8324,2491,5833,22,6,16,1053,362,691,2035,534,1501,1146,312,834,11,2,9,1904,561,1343,178,53,125,1313,366,947,662,295,367
192439,Undergraduate students,4619,1397,3222,16,4,12,728,240,488,1172,357,815,679,196,483,7,1,6,961,275,686,109,33,76,803,226,577,144,65,79
192439,Graduate student,3705,1094,2611,6,2,4,325,122,203,863,177,686,467,116,351,4,1,3,943,286,657,69,20,49,510,140,370,518,230,288
192448,Total students enrolled for credit,9713,3675,6038,12,3,9,536,211,325,687,257,430,1069,348,721,5,1,4,4966,1835,3131,137,38,99,1748,707,1041,553,275,278
192448,Undergraduate students,7021,2984,4037,11,3,8,388,165,223,468,215,253,845,298,547,4,1,3,3663,1533,2130,111,36,75,1267,585,682,264,148,116
192448,Graduate student,2692,691,2001,1,0,1,148,46,102,219,42,177,224,50,174,1,0,1,1303,302,1001,26,2,24,481,122,359,289,127,162
192484,Total students enrolled for credit,179,6,173,0,0,0,5,0,5,100,4,96,46,1,45,1,0,1,9,0,9,4,0,4,5,1,4,9,0,9
192484,Undergraduate students,179,6,173,0,0,0,5,0,5,100,4,96,46,1,45,1,0,1,9,0,9,4,0,4,5,1,4,9,0,9
192509,Total students enrolled for credit,2093,559,1534,3,1,2,1161,351,810,317,83,234,476,103,373,0,0,0,133,20,113,1,0,1,2,1,1,0,0,0
192509,Undergraduate students,2093,559,1534,3,1,2,1161,351,810,317,83,234,476,103,373,0,0,0,133,20,113,1,0,1,2,1,1,0,0,0
192563,Total students enrolled for credit,333,57,276,2,0,2,9,3,6,38,6,32,45,9,36,0,0,0,171,28,143,1,0,1,66,11,55,1,0,1
192563,Undergraduate students,76,13,63,1,0,1,2,1,1,12,4,8,13,3,10,0,0,0,36,3,33,1,0,1,11,2,9,0,0,0
192563,Graduate student,257,44,213,1,0,1,7,2,5,26,2,24,32,6,26,0,0,0,135,25,110,0,0,0,55,9,46,1,0,1
192624,Total students enrolled for credit,195,195,0,0,0,0,0,0,0,0,0,0,0,0,0,0,0,0,190,190,0,0,0,0,0,0,0,5,5,0
192624,Undergraduate students,195,195,0,0,0,0,0,0,0,0,0,0,0,0,0,0,0,0,190,190,0,0,0,0,0,0,0,5,5,0
192688,Total students enrolled for credit,1112,165,947,4,0,4,42,12,30,508,88,420,490,52,438,3,2,1,45,6,39,2,1,1,18,4,14,0,0,0
192688,Undergraduate students,1112,165,947,4,0,4,42,12,30,508,88,420,490,52,438,3,2,1,45,6,39,2,1,1,18,4,14,0,0,0
192703,Total students enrolled for credit,4377,2365,2012,7,3,4,214,124,90,209,104,105,872,448,424,2,2,0,2369,1282,1087,80,38,42,456,253,203,168,111,57
192703,Undergraduate students,3727,2064,1663,6,3,3,198,116,82,175,92,83,775,416,359,1,1,0,2117,1152,965,78,38,40,261,173,88,116,73,43
192703,Graduate student,650,301,349,1,0,1,16,8,8,34,12,22,97,32,65,1,1,0,252,130,122,2,0,2,195,80,115,52,38,14
192712,Total students enrolled for credit,1025,451,574,0,0,0,64,24,40,27,21,6,34,16,18,1,1,0,263,157,106,24,13,11,137,63,74,475,156,319
192712,Undergraduate students,451,212,239,0,0,0,24,13,11,17,12,5,21,9,12,0,0,0,155,86,69,14,9,5,45,24,21,175,59,116
192712,Graduate student,574,239,335,0,0,0,40,11,29,10,9,1,13,7,6,1,1,0,108,71,37,10,4,6,92,39,53,300,97,203
192749,Total students enrolled for credit,2957,1037,1920,5,2,3,39,15,24,217,68,149,436,143,293,4,1,3,1239,427,812,46,13,33,787,272,515,184,96,88
192749,Undergraduate students,1802,656,1146,3,1,2,26,13,13,155,46,109,340,111,229,4,1,3,771,268,503,40,12,28,306,125,181,157,79,78
192749,Graduate student,1155,381,774,2,1,1,13,2,11,62,22,40,96,32,64,0,0,0,468,159,309,6,1,5,481,147,334,27,17,10
192785,Total students enrolled for credit,951,135,816,1,0,1,43,13,30,99,10,89,38,8,30,2,0,2,513,57,456,14,3,11,241,44,197,0,0,0
192785,Undergraduate students,951,135,816,1,0,1,43,13,30,99,10,89,38,8,30,2,0,2,513,57,456,14,3,11,241,44,197,0,0,0
192800,Total students enrolled for credit,52,4,48,0,0,0,1,0,1,10,0,10,0,0,0,0,0,0,41,4,37,0,0,0,0,0,0,0,0,0
192800,Undergraduate students,52,4,48,0,0,0,1,0,1,10,0,10,0,0,0,0,0,0,41,4,37,0,0,0,0,0,0,0,0,0
192819,Total students enrolled for credit,7461,3148,4313,9,5,4,216,74,142,345,172,173,674,287,387,6,2,4,5205,2162,3043,152,56,96,548,210,338,306,180,126
192819,Undergraduate students,6236,2596,3640,8,4,4,180,61,119,263,140,123,576,242,334,6,2,4,4442,1849,2593,128,44,84,505,191,314,128,63,65
192819,Graduate student,1225,552,673,1,1,0,36,13,23,82,32,50,98,45,53,0,0,0,763,313,450,24,12,12,43,19,24,178,117,61
192864,Total students enrolled for credit,2223,529,1694,4,2,2,59,16,43,199,32,167,371,98,273,0,0,0,1264,296,968,83,19,64,141,29,112,102,37,65
192864,Undergraduate students,2223,529,1694,4,2,2,59,16,43,199,32,167,371,98,273,0,0,0,1264,296,968,83,19,64,141,29,112,102,37,65
192925,Total students enrolled for credit,2569,707,1862,17,3,14,73,25,48,525,151,374,171,46,125,6,2,4,1560,424,1136,55,17,38,162,39,123,0,0,0
192925,Undergraduate students,1735,504,1231,9,2,7,36,18,18,370,117,253,119,31,88,3,1,2,1060,294,766,45,14,31,93,27,66,0,0,0
192925,Graduate student,834,203,631,8,1,7,37,7,30,155,34,121,52,15,37,3,1,2,500,130,370,10,3,7,69,12,57,0,0,0
192961,Total students enrolled for credit,130,15,115,0,0,0,5,1,4,15,2,13,5,1,4,0,0,0,104,10,94,0,0,0,0,0,0,1,1,0
192961,Undergraduate students,130,15,115,0,0,0,5,1,4,15,2,13,5,1,4,0,0,0,104,10,94,0,0,0,0,0,0,1,1,0
192970,Total students enrolled for credit,22,8,14,0,0,0,8,4,4,3,2,1,0,0,0,0,0,0,11,2,9,0,0,0,0,0,0,0,0,0
192970,Undergraduate students,22,8,14,0,0,0,8,4,4,3,2,1,0,0,0,0,0,0,11,2,9,0,0,0,0,0,0,0,0,0
193016,Total students enrolled for credit,13023,3641,9382,40,9,31,583,219,364,2784,791,1993,3640,940,2700,31,9,22,4414,1168,3246,171,54,117,1244,407,837,116,44,72
193016,Undergraduate students,8728,2794,5934,30,8,22,360,145,215,1888,615,1273,2795,793,2002,24,8,16,2434,803,1631,128,43,85,1001,359,642,68,20,48
193016,Graduate student,4295,847,3448,10,1,9,223,74,149,896,176,720,845,147,698,7,1,6,1980,365,1615,43,11,32,243,48,195,48,24,24
193052,Total students enrolled for credit,370,370,0,0,0,0,0,0,0,0,0,0,0,0,0,0,0,0,370,370,0,0,0,0,0,0,0,0,0,0
193052,Undergraduate students,292,292,0,0,0,0,0,0,0,0,0,0,0,0,0,0,0,0,292,292,0,0,0,0,0,0,0,0,0,0
193052,Graduate student,78,78,0,0,0,0,0,0,0,0,0,0,0,0,0,0,0,0,78,78,0,0,0,0,0,0,0,0,0,0
193061,Total students enrolled for credit,39,39,0,0,0,0,0,0,0,0,0,0,0,0,0,0,0,0,39,39,0,0,0,0,0,0,0,0,0,0
193061,Undergraduate students,36,36,0,0,0,0,0,0,0,0,0,0,0,0,0,0,0,0,36,36,0,0,0,0,0,0,0,0,0,0
193061,Graduate student,3,3,0,0,0,0,0,0,0,0,0,0,0,0,0,0,0,0,3,3,0,0,0,0,0,0,0,0,0,0
193070,Total students enrolled for credit,79,79,0,0,0,0,0,0,0,0,0,0,0,0,0,0,0,0,79,79,0,0,0,0,0,0,0,0,0,0
193070,Undergraduate students,57,57,0,0,0,0,0,0,0,0,0,0,0,0,0,0,0,0,57,57,0,0,0,0,0,0,0,0,0,0
193070,Graduate student,22,22,0,0,0,0,0,0,0,0,0,0,0,0,0,0,0,0,22,22,0,0,0,0,0,0,0,0,0,0
193122,Total students enrolled for credit,143,15,128,0,0,0,5,1,4,76,5,71,29,3,26,0,0,0,23,3,20,0,0,0,10,3,7,0,0,0
193122,Undergraduate students,143,15,128,0,0,0,5,1,4,76,5,71,29,3,26,0,0,0,23,3,20,0,0,0,10,3,7,0,0,0
193186,Total students enrolled for credit,116,6,110,0,0,0,1,0,1,35,1,34,61,4,57,0,0,0,13,1,12,1,0,1,0,0,0,5,0,5
193186,Undergraduate students,116,6,110,0,0,0,1,0,1,35,1,34,61,4,57,0,0,0,13,1,12,1,0,1,0,0,0,5,0,5
193201,Total students enrolled for credit,1091,178,913,3,1,2,20,3,17,397,70,327,109,14,95,4,1,3,370,56,314,0,0,0,188,33,155,0,0,0
193201,Undergraduate students,1091,178,913,3,1,2,20,3,17,397,70,327,109,14,95,4,1,3,370,56,314,0,0,0,188,33,155,0,0,0
193247,Total students enrolled for credit,189,189,0,0,0,0,0,0,0,0,0,0,0,0,0,0,0,0,177,177,0,0,0,0,0,0,0,12,12,0
193247,Undergraduate students,134,134,0,0,0,0,0,0,0,0,0,0,0,0,0,0,0,0,124,124,0,0,0,0,0,0,0,10,10,0
193247,Graduate student,55,55,0,0,0,0,0,0,0,0,0,0,0,0,0,0,0,0,53,53,0,0,0,0,0,0,0,2,2,0
193265,Total students enrolled for credit,110,105,5,0,0,0,0,0,0,8,8,0,3,3,0,0,0,0,96,91,5,3,3,0,0,0,0,0,0,0
193265,Undergraduate students,110,105,5,0,0,0,0,0,0,8,8,0,3,3,0,0,0,0,96,91,5,3,3,0,0,0,0,0,0,0
193283,Total students enrolled for credit,8917,4183,4734,40,21,19,457,201,256,702,342,360,651,283,368,9,1,8,6563,3082,3481,230,108,122,193,102,91,72,43,29
193283,Undergraduate students,8917,4183,4734,40,21,19,457,201,256,702,342,360,651,283,368,9,1,8,6563,3082,3481,230,108,122,193,102,91,72,43,29
193292,Total students enrolled for credit,8845,2550,6295,27,9,18,620,183,437,895,170,725,1206,336,870,22,8,14,5792,1768,4024,135,40,95,106,24,82,42,12,30
193292,Undergraduate students,6553,2098,4455,22,9,13,458,143,315,593,138,455,989,300,689,18,7,11,4259,1437,2822,116,38,78,72,19,53,26,7,19
193292,Graduate student,2292,452,1840,5,0,5,162,40,122,302,32,270,217,36,181,4,1,3,1533,331,1202,19,2,17,34,5,29,16,5,11
193308,Total students enrolled for credit,9590,3560,6030,46,19,27,192,103,89,3941,1331,2610,3409,1155,2254,29,7,22,252,111,141,0,0,0,83,28,55,1638,806,832
193308,Undergraduate students,8166,2962,5204,40,17,23,147,80,67,3612,1240,2372,3193,1102,2091,24,6,18,217,96,121,0,0,0,67,25,42,866,396,470
193308,Graduate student,1424,598,826,6,2,4,45,23,22,329,91,238,216,53,163,5,1,4,35,15,20,0,0,0,16,3,13,772,410,362
193326,Total students enrolled for credit,26354,13445,12909,124,64,60,1061,538,523,4071,1686,2385,2253,1023,1230,40,17,23,17223,9251,7972,932,417,515,326,260,66,324,189,135
193326,Undergraduate students,26354,13445,12909,124,64,60,1061,538,523,4071,1686,2385,2253,1023,1230,40,17,23,17223,9251,7972,932,417,515,326,260,66,324,189,135
193353,Total students enrolled for credit,2830,774,2056,12,4,8,67,13,54,233,65,168,427,127,300,7,2,5,1741,459,1282,39,13,26,293,91,202,11,0,11
193353,Undergraduate students,2344,664,1680,9,2,7,54,10,44,188,60,128,380,111,269,3,0,3,1424,386,1038,34,12,22,242,83,159,10,0,10
193353,Graduate student,486,110,376,3,2,1,13,3,10,45,5,40,47,16,31,4,2,2,317,73,244,5,1,4,51,8,43,1,0,1
193399,Total students enrolled for credit,2232,638,1594,1,0,1,195,58,137,316,80,236,774,209,565,0,0,0,605,176,429,93,29,64,185,58,127,63,28,35
193399,Undergraduate students,1802,546,1256,1,0,1,169,54,115,260,72,188,702,200,502,0,0,0,445,137,308,78,27,51,115,41,74,32,15,17
193399,Graduate student,430,92,338,0,0,0,26,4,22,56,8,48,72,9,63,0,0,0,160,39,121,15,2,13,70,17,53,31,13,18
193405,Total students enrolled for credit,1222,538,684,5,3,2,265,121,144,91,39,52,87,34,53,0,0,0,458,209,249,42,20,22,142,55,87,132,57,75
193405,Graduate student,1222,538,684,5,3,2,265,121,144,91,39,52,87,34,53,0,0,0,458,209,249,42,20,22,142,55,87,132,57,75
193478,Total students enrolled for credit,28630,13706,14924,72,35,37,2022,1075,947,6019,2595,3424,6897,3140,3757,79,33,46,11527,5898,5629,284,120,164,1396,654,742,334,156,178
193478,Undergraduate students,28630,13706,14924,72,35,37,2022,1075,947,6019,2595,3424,6897,3140,3757,79,33,46,11527,5898,5629,284,120,164,1396,654,742,334,156,178
193584,Total students enrolled for credit,3172,805,2367,4,0,4,95,21,74,191,55,136,171,48,123,1,0,1,2393,580,1813,54,9,45,176,61,115,87,31,56
193584,Undergraduate students,2179,610,1569,2,0,2,70,12,58,142,46,96,121,38,83,1,0,1,1654,445,1209,41,6,35,98,44,54,50,19,31
193584,Graduate student,993,195,798,2,0,2,25,9,16,49,9,40,50,10,40,0,0,0,739,135,604,13,3,10,78,17,61,37,12,25
193609,Total students enrolled for credit,76,29,47,3,2,1,3,0,3,7,3,4,10,3,7,0,0,0,31,13,18,0,0,0,2,1,1,20,7,13
193609,Undergraduate students,76,29,47,3,2,1,3,0,3,7,3,4,10,3,7,0,0,0,31,13,18,0,0,0,2,1,1,20,7,13
193645,Total students enrolled for credit,4395,579,3816,9,0,9,124,19,105,1592,172,1420,635,81,554,9,0,9,411,61,350,46,5,41,1569,241,1328,0,0,0
193645,Undergraduate students,3510,423,3087,6,0,6,107,17,90,1444,144,1300,514,63,451,7,0,7,255,34,221,42,5,37,1135,160,975,0,0,0
193645,Graduate student,885,156,729,3,0,3,17,2,15,148,28,120,121,18,103,2,0,2,156,27,129,4,0,4,434,81,353,0,0,0
193654,Total students enrolled for credit,12430,3458,8972,15,7,8,875,185,690,707,215,492,1246,365,881,15,3,12,3764,1224,2540,381,112,269,1274,334,940,4153,1013,3140
193654,Undergraduate students,8911,2247,6664,8,2,6,716,139,577,448,140,308,939,267,672,11,2,9,2562,749,1813,292,77,215,1063,245,818,2872,626,2246
193654,Graduate student,3519,1211,2308,7,5,2,159,46,113,259,75,184,307,98,209,4,1,3,1202,475,727,89,35,54,211,89,122,1281,387,894
193672,Total students enrolled for credit,87,73,14,0,0,0,0,0,0,40,32,8,2,2,0,0,0,0,41,36,5,4,3,1,0,0,0,0,0,0
193672,Undergraduate students,87,73,14,0,0,0,0,0,0,40,32,8,2,2,0,0,0,0,41,36,5,4,3,1,0,0,0,0,0,0
193751,Total students enrolled for credit,1003,479,524,4,2,2,47,30,17,39,21,18,73,34,39,3,1,2,606,269,337,39,19,20,52,22,30,140,81,59
193751,Graduate student,1003,479,524,4,2,2,47,30,17,39,21,18,73,34,39,3,1,2,606,269,337,39,19,20,52,22,30,140,81,59
193821,Total students enrolled for credit,931,404,527,0,0,0,61,23,38,73,27,46,148,50,98,0,0,0,506,244,262,30,14,16,76,34,42,37,12,25
193821,Graduate student,931,404,527,0,0,0,61,23,38,73,27,46,148,50,98,0,0,0,506,244,262,30,14,16,76,34,42,37,12,25
193830,Total students enrolled for credit,1544,645,899,4,0,4,293,122,171,190,59,131,152,62,90,0,0,0,702,338,364,26,12,14,117,34,83,60,18,42
193830,Graduate student,1544,645,899,4,0,4,293,122,171,190,59,131,152,62,90,0,0,0,702,338,364,26,12,14,117,34,83,60,18,42
193858,Total students enrolled for credit,662,51,611,0,0,0,30,1,29,165,17,148,438,31,407,1,0,1,28,2,26,0,0,0,0,0,0,0,0,0
193858,Undergraduate students,662,51,611,0,0,0,30,1,29,165,17,148,438,31,407,1,0,1,28,2,26,0,0,0,0,0,0,0,0,0
193894,Total students enrolled for credit,393,187,206,3,2,1,30,15,15,240,97,143,43,26,17,0,0,0,36,21,15,0,0,0,0,0,0,41,26,15
193894,Graduate student,393,187,206,3,2,1,30,15,15,240,97,143,43,26,17,0,0,0,36,21,15,0,0,0,0,0,0,41,26,15
193900,Total students enrolled for credit,57647,25162,32485,72,30,42,8550,3901,4649,2980,985,1995,5723,2216,3507,73,28,45,19474,8253,11221,1699,612,1087,4210,1957,2253,14866,7180,7686
193900,Undergraduate students,30252,12873,17379,44,16,28,5646,2589,3057,1653,557,1096,3852,1527,2325,45,20,25,10061,4205,5856,1211,452,759,2253,1014,1239,5487,2493,2994
193900,Graduate student,27395,12289,15106,28,14,14,2904,1312,1592,1327,428,899,1871,689,1182,28,8,20,9413,4048,5365,488,160,328,1957,943,1014,9379,4687,4692
193946,Total students enrolled for credit,6969,2953,4016,85,33,52,112,42,70,757,315,442,243,109,134,2,1,1,5519,2351,3168,184,72,112,49,20,29,18,10,8
193946,Undergraduate students,6969,2953,4016,85,33,52,112,42,70,757,315,442,243,109,134,2,1,1,5519,2351,3168,184,72,112,49,20,29,18,10,8
193973,Total students enrolled for credit,4534,1679,2855,22,3,19,50,22,28,219,82,137,173,68,105,1,0,1,2992,1060,1932,99,35,64,336,150,186,642,259,383
193973,Undergraduate students,3361,1308,2053,20,3,17,39,19,20,171,71,100,141,62,79,1,0,1,2264,852,1412,80,28,52,221,122,99,424,151,273
193973,Graduate student,1173,371,802,2,0,2,11,3,8,48,11,37,32,6,26,0,0,0,728,208,520,19,7,12,115,28,87,218,108,110
193991,Total students enrolled for credit,73,3,70,0,0,0,1,0,1,11,0,11,16,1,15,0,0,0,37,2,35,6,0,6,2,0,2,0,0,0
193991,Undergraduate students,73,3,70,0,0,0,1,0,1,11,0,11,16,1,15,0,0,0,37,2,35,6,0,6,2,0,2,0,0,0
194028,Total students enrolled for credit,2292,890,1402,52,13,39,13,3,10,38,21,17,19,4,15,9,4,5,1822,648,1174,64,23,41,254,165,89,21,9,12
194028,Undergraduate students,2292,890,1402,52,13,39,13,3,10,38,21,17,19,4,15,9,4,5,1822,648,1174,64,23,41,254,165,89,21,9,12
194073,Total students enrolled for credit,396,223,173,0,0,0,128,68,60,25,7,18,12,6,6,3,3,0,206,127,79,6,4,2,1,0,1,15,8,7
194073,Graduate student,396,223,173,0,0,0,128,68,60,25,7,18,12,6,6,3,3,0,206,127,79,6,4,2,1,0,1,15,8,7
194091,Total students enrolled for credit,8554,4861,3693,14,10,4,1305,718,587,501,280,221,751,433,318,19,12,7,2255,1198,1057,133,70,63,1163,665,498,2413,1475,938
194091,Undergraduate students,4035,2602,1433,11,8,3,624,396,228,321,192,129,571,362,209,15,11,4,870,602,268,97,54,43,882,546,336,644,431,213
194091,Graduate student,4519,2259,2260,3,2,1,681,322,359,180,88,92,180,71,109,4,1,3,1385,596,789,36,16,20,281,119,162,1769,1044,725
194116,Total students enrolled for credit,711,82,629,2,0,2,28,4,24,28,2,26,72,9,63,0,0,0,319,25,294,9,1,8,107,14,93,146,27,119
194116,Undergraduate students,528,54,474,1,0,1,17,3,14,15,0,15,63,7,56,0,0,0,263,17,246,6,0,6,103,13,90,60,14,46
194116,Graduate student,183,28,155,1,0,1,11,1,10,13,2,11,9,2,7,0,0,0,56,8,48,3,1,2,4,1,3,86,13,73
194161,Total students enrolled for credit,3009,1231,1778,17,7,10,337,161,176,912,324,588,871,367,504,6,1,5,555,238,317,57,26,31,88,26,62,166,81,85
194161,Undergraduate students,1724,692,1032,15,6,9,128,59,69,531,207,324,525,217,308,6,1,5,329,116,213,33,17,16,56,21,35,101,48,53
194161,Graduate student,1285,539,746,2,1,1,209,102,107,381,117,264,346,150,196,0,0,0,226,122,104,24,9,15,32,5,27,65,33,32
194189,Total students enrolled for credit,138,138,0,0,0,0,0,0,0,0,0,0,0,0,0,0,0,0,130,130,0,0,0,0,0,0,0,8,8,0
194189,Undergraduate students,138,138,0,0,0,0,0,0,0,0,0,0,0,0,0,0,0,0,130,130,0,0,0,0,0,0,0,8,8,0
194222,Total students enrolled for credit,17748,8431,9317,235,103,132,567,242,325,2344,1078,1266,922,425,497,12,7,5,10448,5090,5358,490,216,274,2670,1225,1445,60,45,15
194222,Undergraduate students,17748,8431,9317,235,103,132,567,242,325,2344,1078,1266,922,425,497,12,7,5,10448,5090,5358,490,216,274,2670,1225,1445,60,45,15
194240,Total students enrolled for credit,8844,3652,5192,19,5,14,265,115,150,1010,381,629,2379,968,1411,18,10,8,4772,2011,2761,236,99,137,129,58,71,16,5,11
194240,Undergraduate students,8844,3652,5192,19,5,14,265,115,150,1010,381,629,2379,968,1411,18,10,8,4772,2011,2761,236,99,137,129,58,71,16,5,11
194259,Total students enrolled for credit,37,2,35,0,0,0,0,0,0,4,0,4,3,0,3,0,0,0,30,2,28,0,0,0,0,0,0,0,0,0
194259,Undergraduate students,37,2,35,0,0,0,0,0,0,4,0,4,3,0,3,0,0,0,30,2,28,0,0,0,0,0,0,0,0,0
194310,Total students enrolled for credit,15498,6204,9294,39,15,24,1205,507,698,1712,580,1132,1825,677,1148,10,6,4,6873,2711,4162,463,145,318,787,305,482,2584,1258,1326
194310,Undergraduate students,10063,4047,6016,21,8,13,763,335,428,1046,383,663,1329,475,854,7,5,2,4809,1922,2887,354,115,239,440,190,250,1294,614,680
194310,Graduate student,5435,2157,3278,18,7,11,442,172,270,666,197,469,496,202,294,3,1,2,2064,789,1275,109,30,79,347,115,232,1290,644,646
194392,Total students enrolled for credit,875,569,306,4,3,1,4,2,2,24,16,8,52,31,21,1,0,1,757,493,264,13,8,5,20,16,4,0,0,0
194392,Undergraduate students,875,569,306,4,3,1,4,2,2,24,16,8,52,31,21,1,0,1,757,493,264,13,8,5,20,16,4,0,0,0
194435,Total students enrolled for credit,203,9,194,0,0,0,2,0,2,43,3,40,11,0,11,0,0,0,141,5,136,5,1,4,1,0,1,0,0,0
194435,Undergraduate students,203,9,194,0,0,0,2,0,2,43,3,40,11,0,11,0,0,0,141,5,136,5,1,4,1,0,1,0,0,0
194499,Total students enrolled for credit,1328,266,1062,0,0,0,158,31,127,465,93,372,437,87,350,0,0,0,137,27,110,131,28,103,0,0,0,0,0,0
194499,Undergraduate students,1328,266,1062,0,0,0,158,31,127,465,93,372,437,87,350,0,0,0,137,27,110,131,28,103,0,0,0,0,0,0
194569,Total students enrolled for credit,370,207,163,1,1,0,11,8,3,45,32,13,27,15,12,0,0,0,251,126,125,14,8,6,5,4,1,16,13,3
194569,Undergraduate students,370,207,163,1,1,0,11,8,3,45,32,13,27,15,12,0,0,0,251,126,125,14,8,6,5,4,1,16,13,3
194578,Total students enrolled for credit,5492,1604,3888,5,3,2,578,150,428,254,87,167,524,159,365,6,2,4,1990,620,1370,152,34,118,353,81,272,1630,468,1162
194578,Undergraduate students,4050,1198,2852,3,1,2,494,128,366,171,68,103,405,130,275,5,2,3,1509,477,1032,124,27,97,316,68,248,1023,297,726
194578,Graduate student,1442,406,1036,2,2,0,84,22,62,83,19,64,119,29,90,1,0,1,481,143,338,28,7,21,37,13,24,607,171,436
194657,Total students enrolled for credit,296,296,0,0,0,0,0,0,0,0,0,0,0,0,0,0,0,0,293,293,0,0,0,0,0,0,0,3,3,0
194657,Undergraduate students,159,159,0,0,0,0,0,0,0,0,0,0,0,0,0,0,0,0,156,156,0,0,0,0,0,0,0,3,3,0
194657,Graduate student,137,137,0,0,0,0,0,0,0,0,0,0,0,0,0,0,0,0,137,137,0,0,0,0,0,0,0,0,0,0
194666,Total students enrolled for credit,335,335,0,0,0,0,0,0,0,0,0,0,0,0,0,0,0,0,335,335,0,0,0,0,0,0,0,0,0,0
194666,Undergraduate students,291,291,0,0,0,0,0,0,0,0,0,0,0,0,0,0,0,0,291,291,0,0,0,0,0,0,0,0,0,0
194666,Graduate student,44,44,0,0,0,0,0,0,0,0,0,0,0,0,0,0,0,0,44,44,0,0,0,0,0,0,0,0,0,0
194693,Total students enrolled for credit,65,65,0,0,0,0,0,0,0,0,0,0,0,0,0,0,0,0,64,64,0,0,0,0,0,0,0,1,1,0
194693,Undergraduate students,65,65,0,0,0,0,0,0,0,0,0,0,0,0,0,0,0,0,64,64,0,0,0,0,0,0,0,1,1,0
194736,Total students enrolled for credit,152,152,0,0,0,0,0,0,0,0,0,0,0,0,0,0,0,0,151,151,0,0,0,0,0,0,0,1,1,0
194736,Undergraduate students,152,152,0,0,0,0,0,0,0,0,0,0,0,0,0,0,0,0,151,151,0,0,0,0,0,0,0,1,1,0
194763,Total students enrolled for credit,448,448,0,0,0,0,0,0,0,0,0,0,0,0,0,0,0,0,448,448,0,0,0,0,0,0,0,0,0,0
194763,Undergraduate students,248,248,0,0,0,0,0,0,0,0,0,0,0,0,0,0,0,0,248,248,0,0,0,0,0,0,0,0,0,0
194763,Graduate student,200,200,0,0,0,0,0,0,0,0,0,0,0,0,0,0,0,0,200,200,0,0,0,0,0,0,0,0,0,0
194824,Total students enrolled for credit,7537,5150,2387,7,5,2,760,498,262,238,168,70,572,390,182,2,1,1,4026,2806,1220,457,279,178,117,75,42,1358,928,430
194824,Undergraduate students,6371,4358,2013,7,5,2,708,462,246,213,150,63,550,377,173,2,1,1,3591,2501,1090,430,259,171,98,63,35,772,540,232
194824,Graduate student,1166,792,374,0,0,0,52,36,16,25,18,7,22,13,9,0,0,0,435,305,130,27,20,7,19,12,7,586,388,198
194879,Total students enrolled for credit,76,2,74,1,0,1,1,0,1,14,1,13,8,0,8,0,0,0,48,1,47,4,0,4,0,0,0,0,0,0
194879,Undergraduate students,76,2,74,1,0,1,1,0,1,14,1,13,8,0,8,0,0,0,48,1,47,4,0,4,0,0,0,0,0,0
194958,Total students enrolled for credit,2050,564,1486,5,1,4,39,12,27,267,58,209,105,20,85,2,1,1,1446,406,1040,60,19,41,59,12,47,67,35,32
194958,Undergraduate students,1580,480,1100,2,0,2,34,12,22,178,44,134,88,17,71,2,1,1,1119,344,775,54,19,35,43,12,31,60,31,29
194958,Graduate student,470,84,386,3,1,2,5,0,5,89,14,75,17,3,14,0,0,0,327,62,265,6,0,6,16,0,16,7,4,3
195003,Total students enrolled for credit,18932,12664,6268,32,19,13,1195,762,433,719,396,323,1062,690,372,3,2,1,10021,6741,3280,484,296,188,2415,1761,654,3001,1997,1004
195003,Undergraduate students,15217,10286,4931,27,16,11,1119,710,409,652,368,284,985,651,334,3,2,1,8913,6073,2840,450,275,175,2185,1618,567,883,573,310
195003,Graduate student,3715,2378,1337,5,3,2,76,52,24,67,28,39,77,39,38,0,0,0,1108,668,440,34,21,13,230,143,87,2118,1424,694
195030,Total students enrolled for credit,12022,5749,6273,17,9,8,1030,487,543,591,248,343,681,319,362,5,4,1,5569,2569,3000,289,127,162,924,459,465,2916,1527,1389
195030,Undergraduate students,6905,3351,3554,11,5,6,731,343,388,351,159,192,453,215,238,5,4,1,3290,1565,1725,201,87,114,496,256,240,1367,717,650
195030,Graduate student,5117,2398,2719,6,4,2,299,144,155,240,89,151,228,104,124,0,0,0,2279,1004,1275,88,40,48,428,203,225,1549,810,739
195049,Total students enrolled for credit,216,128,88,0,0,0,20,13,7,5,1,4,20,12,8,1,0,1,93,49,44,0,0,0,3,3,0,74,50,24
195049,Graduate student,216,128,88,0,0,0,20,13,7,5,1,4,20,12,8,1,0,1,93,49,44,0,0,0,3,3,0,74,50,24
195058,Total students enrolled for credit,9798,4446,5352,17,5,12,528,261,267,1696,734,962,2033,874,1159,21,13,8,3795,1747,2048,177,83,94,1406,672,734,125,57,68
195058,Undergraduate students,9798,4446,5352,17,5,12,528,261,267,1696,734,962,2033,874,1159,21,13,8,3795,1747,2048,177,83,94,1406,672,734,125,57,68
195067,Total students enrolled for credit,871,53,818,3,0,3,13,3,10,459,25,434,237,16,221,0,0,0,40,3,37,48,3,45,70,3,67,1,0,1
195067,Undergraduate students,871,53,818,3,0,3,13,3,10,459,25,434,237,16,221,0,0,0,40,3,37,48,3,45,70,3,67,1,0,1
195128,Total students enrolled for credit,3104,599,2505,8,1,7,121,21,100,328,96,232,206,51,155,1,1,0,1970,337,1633,83,17,66,368,75,293,19,0,19
195128,Undergraduate students,1560,316,1244,2,0,2,52,8,44,191,68,123,124,31,93,1,1,0,1007,166,841,47,9,38,131,33,98,5,0,5
195128,Graduate student,1544,283,1261,6,1,5,69,13,56,137,28,109,82,20,62,0,0,0,963,171,792,36,8,28,237,42,195,14,0,14
195155,Total students enrolled for credit,109,62,47,0,0,0,1,1,0,1,0,1,4,3,1,0,0,0,103,58,45,0,0,0,0,0,0,0,0,0
195155,Graduate student,109,62,47,0,0,0,1,1,0,1,0,1,4,3,1,0,0,0,103,58,45,0,0,0,0,0,0,0,0,0
195164,Total students enrolled for credit,2278,1088,1190,10,3,7,76,37,39,123,63,60,143,75,68,2,0,2,1591,735,856,51,18,33,213,109,104,69,48,21
195164,Undergraduate students,1684,856,828,6,2,4,67,32,35,99,53,46,122,65,57,1,0,1,1145,577,568,39,14,25,152,75,77,53,38,15
195164,Graduate student,594,232,362,4,1,3,9,5,4,24,10,14,21,10,11,1,0,1,446,158,288,12,4,8,61,34,27,16,10,6
195173,Total students enrolled for credit,2827,1165,1662,15,4,11,121,45,76,534,208,326,582,222,360,31,12,19,1103,493,610,72,26,46,205,73,132,164,82,82
195173,Undergraduate students,2745,1133,1612,15,4,11,115,44,71,529,207,322,565,217,348,31,12,19,1073,479,594,69,26,43,195,67,128,153,77,76
195173,Graduate student,82,32,50,0,0,0,6,1,5,5,1,4,17,5,12,0,0,0,30,14,16,3,0,3,10,6,4,11,5,6
195191,Total students enrolled for credit,303,31,272,2,0,2,8,2,6,12,1,11,8,0,8,0,0,0,270,27,243,3,1,2,0,0,0,0,0,0
195191,Undergraduate students,303,31,272,2,0,2,8,2,6,12,1,11,8,0,8,0,0,0,270,27,243,3,1,2,0,0,0,0,0,0
195216,Total students enrolled for credit,2610,1176,1434,15,3,12,41,13,28,85,48,37,110,45,65,2,2,0,2026,914,1112,53,21,32,60,34,26,218,96,122
195216,Undergraduate students,2468,1124,1344,5,3,2,38,11,27,79,43,36,108,43,65,1,1,0,1928,880,1048,50,21,29,49,28,21,210,94,116
195216,Graduate student,142,52,90,10,0,10,3,2,1,6,5,1,2,2,0,1,1,0,98,34,64,3,0,3,11,6,5,8,2,6
195234,Total students enrolled for credit,4985,1511,3474,10,4,6,131,33,98,658,163,495,405,104,301,6,2,4,2855,907,1948,254,68,186,450,103,347,216,127,89
195234,Undergraduate students,2648,878,1770,6,4,2,67,21,46,339,101,238,181,56,125,5,2,3,1672,569,1103,221,61,160,102,29,73,55,35,20
195234,Graduate student,2337,633,1704,4,0,4,64,12,52,319,62,257,224,48,176,1,0,1,1183,338,845,33,7,26,348,74,274,161,92,69
195243,Total students enrolled for credit,2162,942,1220,2,1,1,72,33,39,174,87,87,404,172,232,3,0,3,1293,536,757,47,22,25,120,61,59,47,30,17
195243,Undergraduate students,1973,891,1082,2,1,1,67,31,36,168,83,85,385,166,219,3,0,3,1154,505,649,42,20,22,110,57,53,42,28,14
195243,Graduate student,189,51,138,0,0,0,5,2,3,6,4,2,19,6,13,0,0,0,139,31,108,5,2,3,10,4,6,5,2,3
195289,Total students enrolled for credit,147,21,126,0,0,0,9,1,8,12,2,10,0,0,0,0,0,0,126,18,108,0,0,0,0,0,0,0,0,0
195289,Undergraduate students,147,21,126,0,0,0,9,1,8,12,2,10,0,0,0,0,0,0,126,18,108,0,0,0,0,0,0,0,0,0
195304,Total students enrolled for credit,1798,462,1336,1,0,1,80,23,57,88,27,61,156,30,126,2,0,2,950,253,697,120,33,87,163,39,124,238,57,181
195304,Undergraduate students,1470,418,1052,1,0,1,66,22,44,62,23,39,135,29,106,0,0,0,764,225,539,106,32,74,139,35,104,197,52,145
195304,Graduate student,328,44,284,0,0,0,14,1,13,26,4,22,21,1,20,2,0,2,186,28,158,14,1,13,24,4,20,41,5,36
195322,Total students enrolled for credit,8383,3791,4592,65,33,32,612,274,338,1208,526,682,570,255,315,55,23,32,5576,2555,3021,134,48,86,160,76,84,3,1,2
195322,Undergraduate students,8383,3791,4592,65,33,32,612,274,338,1208,526,682,570,255,315,55,23,32,5576,2555,3021,134,48,86,160,76,84,3,1,2
195438,Total students enrolled for credit,110,110,0,0,0,0,0,0,0,0,0,0,0,0,0,0,0,0,106,106,0,0,0,0,0,0,0,4,4,0
195438,Undergraduate students,84,84,0,0,0,0,0,0,0,0,0,0,0,0,0,0,0,0,82,82,0,0,0,0,0,0,0,2,2,0
195438,Graduate student,26,26,0,0,0,0,0,0,0,0,0,0,0,0,0,0,0,0,24,24,0,0,0,0,0,0,0,2,2,0
195474,Total students enrolled for credit,3408,1640,1768,3,0,3,147,54,93,129,58,71,250,117,133,3,1,2,2668,1304,1364,76,34,42,62,30,32,70,42,28
195474,Undergraduate students,3288,1583,1705,2,0,2,145,53,92,126,57,69,246,116,130,3,1,2,2562,1252,1310,73,33,40,62,30,32,69,41,28
195474,Graduate student,120,57,63,1,0,1,2,1,1,3,1,2,4,1,3,0,0,0,106,52,54,3,1,2,0,0,0,1,1,0
195526,Total students enrolled for credit,2843,1140,1703,0,0,0,144,58,86,117,51,66,265,108,157,0,0,0,1782,707,1075,119,45,74,120,44,76,296,127,169
195526,Undergraduate students,2835,1136,1699,0,0,0,144,58,86,116,50,66,265,108,157,0,0,0,1776,704,1072,119,45,74,119,44,75,296,127,169
195526,Graduate student,8,4,4,0,0,0,0,0,0,1,1,0,0,0,0,0,0,0,6,3,3,0,0,0,1,0,1,0,0,0
195544,Total students enrolled for credit,1399,442,957,1,0,1,93,28,65,373,90,283,274,93,181,5,1,4,493,180,313,24,8,16,136,42,94,0,0,0
195544,Undergraduate students,1085,369,716,1,0,1,75,23,52,273,76,197,218,73,145,5,1,4,405,157,248,16,6,10,92,33,59,0,0,0
195544,Graduate student,314,73,241,0,0,0,18,5,13,100,14,86,56,20,36,0,0,0,88,23,65,8,2,6,44,9,35,0,0,0
195562,Total students enrolled for credit,4613,1488,3125,11,6,5,87,37,50,250,72,178,460,143,317,4,1,3,3130,982,2148,61,23,38,610,224,386,0,0,0
195562,Undergraduate students,3536,1224,2312,10,6,4,57,25,32,183,55,128,388,119,269,2,1,1,2337,800,1537,54,22,32,505,196,309,0,0,0
195562,Graduate student,1077,264,813,1,0,1,30,12,18,67,17,50,72,24,48,2,0,2,793,182,611,7,1,6,105,28,77,0,0,0
195580,Total students enrolled for credit,96,87,9,0,0,0,7,7,0,4,3,1,0,0,0,0,0,0,61,54,7,1,1,0,2,2,0,21,20,1
195580,Graduate student,96,87,9,0,0,0,7,7,0,4,3,1,0,0,0,0,0,0,61,54,7,1,1,0,2,2,0,21,20,1
195702,Total students enrolled for credit,204,20,184,0,0,0,6,1,5,5,0,5,3,0,3,0,0,0,182,18,164,4,0,4,0,0,0,4,1,3
195702,Undergraduate students,204,20,184,0,0,0,6,1,5,5,0,5,3,0,3,0,0,0,182,18,164,4,0,4,0,0,0,4,1,3
195720,Total students enrolled for credit,4186,1561,2625,14,2,12,156,54,102,240,77,163,174,55,119,2,0,2,3407,1291,2116,68,29,39,109,48,61,16,5,11
195720,Undergraduate students,2976,1184,1792,8,2,6,101,34,67,123,46,77,123,44,79,2,0,2,2492,997,1495,54,25,29,67,31,36,6,5,1
195720,Graduate student,1210,377,833,6,0,6,55,20,35,117,31,86,51,11,40,0,0,0,915,294,621,14,4,10,42,17,25,10,0,10
195784,Total students enrolled for credit,661,85,576,1,0,1,10,2,8,113,12,101,46,5,41,2,1,1,303,32,271,6,0,6,179,33,146,1,0,1
195784,Undergraduate students,661,85,576,1,0,1,10,2,8,113,12,101,46,5,41,2,1,1,303,32,271,6,0,6,179,33,146,1,0,1
195809,Total students enrolled for credit,23217,9800,13417,72,33,39,3176,1280,1896,3034,1123,1911,2468,984,1484,74,31,43,10352,4608,5744,859,324,535,1745,752,993,1437,665,772
195809,Undergraduate students,17861,7762,10099,65,28,37,2465,1002,1463,2426,965,1461,1848,780,1068,66,26,40,8017,3654,4363,747,283,464,1480,645,835,747,379,368
195809,Graduate student,5356,2038,3318,7,5,2,711,278,433,608,158,450,620,204,416,8,5,3,2335,954,1381,112,41,71,265,107,158,690,286,404
195933,Total students enrolled for credit,543,268,275,3,2,1,15,7,8,112,79,33,163,57,106,1,1,0,230,107,123,16,13,3,3,2,1,0,0,0
195933,Undergraduate students,543,268,275,3,2,1,15,7,8,112,79,33,163,57,106,1,1,0,230,107,123,16,13,3,3,2,1,0,0,0
195988,Total students enrolled for credit,2037,971,1066,4,1,3,36,23,13,366,188,178,447,212,235,5,2,3,1020,458,562,63,31,32,84,47,37,12,9,3
195988,Undergraduate students,2037,971,1066,4,1,3,36,23,13,366,188,178,447,212,235,5,2,3,1020,458,562,63,31,32,84,47,37,12,9,3
196006,Total students enrolled for credit,4198,2580,1618,10,6,4,64,36,28,503,335,168,349,234,115,5,2,3,3059,1824,1235,90,55,35,35,25,10,83,63,20
196006,Undergraduate students,4198,2580,1618,10,6,4,64,36,28,503,335,168,349,234,115,5,2,3,3059,1824,1235,90,55,35,35,25,10,83,63,20
196015,Total students enrolled for credit,5183,2278,2905,61,27,34,85,43,42,495,223,272,382,174,208,2,0,2,2716,1136,1580,96,37,59,528,252,276,818,386,432
196015,Undergraduate students,5183,2278,2905,61,27,34,85,43,42,495,223,272,382,174,208,2,0,2,2716,1136,1580,96,37,59,528,252,276,818,386,432
196024,Total students enrolled for credit,4093,1775,2318,10,3,7,82,32,50,578,279,299,541,254,287,8,3,5,2566,1077,1489,103,48,55,166,66,100,39,13,26
196024,Undergraduate students,4037,1771,2266,10,3,7,81,32,49,575,279,296,538,254,284,8,3,5,2526,1074,1452,103,48,55,157,65,92,39,13,26
196024,Graduate student,56,4,52,0,0,0,1,0,1,3,0,3,3,0,3,0,0,0,40,3,37,0,0,0,9,1,8,0,0,0
196033,Total students enrolled for credit,3213,1464,1749,9,4,5,50,23,27,311,160,151,296,132,164,3,3,0,2381,1073,1308,76,25,51,46,22,24,41,22,19
196033,Undergraduate students,3213,1464,1749,9,4,5,50,23,27,311,160,151,296,132,164,3,3,0,2381,1073,1308,76,25,51,46,22,24,41,22,19
196042,Total students enrolled for credit,12307,6618,5689,24,16,8,1026,549,477,1162,576,586,2145,1100,1045,40,25,15,7433,4092,3341,243,116,127,64,35,29,170,109,61
196042,Undergraduate students,12307,6618,5689,24,16,8,1026,549,477,1162,576,586,2145,1100,1045,40,25,15,7433,4092,3341,243,116,127,64,35,29,170,109,61
196051,Total students enrolled for credit,3713,1954,1759,15,7,8,38,24,14,566,328,238,261,155,106,3,1,2,2510,1234,1276,74,37,37,126,84,42,120,84,36
196051,Undergraduate students,3713,1954,1759,15,7,8,38,24,14,566,328,238,261,155,106,3,1,2,2510,1234,1276,74,37,37,126,84,42,120,84,36
196060,Total students enrolled for credit,19834,9435,10399,33,19,14,1431,718,713,2742,1142,1600,2571,1154,1417,17,10,7,9649,4780,4869,526,224,302,1177,504,673,1688,884,804
196060,Undergraduate students,14939,7553,7386,26,17,9,1214,643,571,2443,1056,1387,2260,1037,1223,16,10,6,6734,3685,3049,433,195,238,956,432,524,857,478,379
196060,Graduate student,4895,1882,3013,7,2,5,217,75,142,299,86,213,311,117,194,1,0,1,2915,1095,1820,93,29,64,221,72,149,831,406,425
196079,Total students enrolled for credit,18758,9655,9103,25,14,11,2275,1122,1153,947,421,526,1734,879,855,13,5,8,9938,5092,4846,377,167,210,426,206,220,3023,1749,1274
196079,Undergraduate students,14736,7556,7180,15,11,4,2073,1022,1051,796,355,441,1570,796,774,10,4,6,8266,4349,3917,334,152,182,286,140,146,1386,727,659
196079,Graduate student,4022,2099,1923,10,3,7,202,100,102,151,66,85,164,83,81,3,1,2,1672,743,929,43,15,28,140,66,74,1637,1022,615
196088,Total students enrolled for credit,33647,18145,15502,95,52,43,3825,2122,1703,2196,1050,1146,1839,1028,811,24,12,12,15848,8503,7345,630,329,301,2145,1147,998,7045,3902,3143
196088,Undergraduate students,23075,13059,10016,64,39,25,3156,1829,1327,1754,876,878,1519,895,624,24,12,12,10847,6420,4427,508,279,229,1364,810,554,3839,1899,1940
196088,Graduate student,10572,5086,5486,31,13,18,669,293,376,442,174,268,320,133,187,0,0,0,5001,2083,2918,122,50,72,781,337,444,3206,2003,1203
196097,Total students enrolled for credit,29798,14734,15064,42,17,25,5326,2858,2468,1817,723,1094,3027,1382,1645,31,17,14,11456,5321,6135,580,274,306,2616,1218,1398,4903,2924,1979
196097,Undergraduate students,19871,10575,9296,28,12,16,4408,2459,1949,1276,581,695,2342,1135,1207,23,14,9,6952,3673,3279,453,218,235,1611,869,742,2778,1614,1164
196097,Graduate student,9927,4159,5768,14,5,9,918,399,519,541,142,399,685,247,438,8,3,5,4504,1648,2856,127,56,71,1005,349,656,2125,1310,815
196103,Total students enrolled for credit,2295,1199,1096,8,4,4,78,35,43,37,17,20,103,44,59,2,0,2,1760,953,807,50,27,23,97,46,51,160,73,87
196103,Undergraduate students,1825,978,847,3,3,0,65,28,37,28,15,13,99,42,57,2,0,2,1458,807,651,46,25,21,86,41,45,38,17,21
196103,Graduate student,470,221,249,5,1,4,13,7,6,9,2,7,4,2,2,0,0,0,302,146,156,4,2,2,11,5,6,122,56,66
196112,Total students enrolled for credit,3060,1813,1247,7,1,6,161,92,69,167,86,81,189,127,62,5,4,1,2285,1325,960,65,42,23,6,4,2,175,132,43
196112,Undergraduate students,2206,1419,787,6,1,5,110,65,45,125,71,54,159,112,47,3,2,1,1712,1101,611,54,38,16,5,4,1,32,25,7
196112,Graduate student,854,394,460,1,0,1,51,27,24,42,15,27,30,15,15,2,2,0,573,224,349,11,4,7,1,0,1,143,107,36
196121,Total students enrolled for credit,9340,3937,5403,26,5,21,189,86,103,985,364,621,551,225,326,3,2,1,6666,2852,3814,228,98,130,590,249,341,102,56,46
196121,Undergraduate students,7881,3457,4424,19,5,14,164,74,90,890,342,548,506,211,295,2,2,0,5550,2487,3063,188,82,106,479,210,269,83,44,39
196121,Graduate student,1459,480,979,7,0,7,25,12,13,95,22,73,45,14,31,1,0,1,1116,365,751,40,16,24,111,39,72,19,12,7
196130,Total students enrolled for credit,10918,4552,6366,56,20,36,310,161,149,3004,1219,1785,1249,519,730,10,2,8,5549,2339,3210,358,147,211,186,54,132,196,91,105
196130,Undergraduate students,9611,4167,5444,47,19,28,285,149,136,2855,1166,1689,1189,502,687,10,2,8,4740,2108,2632,336,139,197,16,9,7,133,73,60
196130,Graduate student,1307,385,922,9,1,8,25,12,13,149,53,96,60,17,43,0,0,0,809,231,578,22,8,14,170,45,125,63,18,45
196149,Total students enrolled for credit,7827,3424,4403,21,11,10,110,51,59,444,217,227,868,392,476,8,4,4,5817,2480,3337,175,78,97,326,158,168,58,33,25
196149,Undergraduate students,6972,3106,3866,19,11,8,103,49,54,419,204,215,844,385,459,8,4,4,5058,2204,2854,165,72,93,314,155,159,42,22,20
196149,Graduate student,855,318,537,2,0,2,7,2,5,25,13,12,24,7,17,0,0,0,759,276,483,10,6,4,12,3,9,16,11,5
196158,Total students enrolled for credit,4935,2095,2840,27,6,21,88,43,45,308,131,177,347,156,191,2,0,2,3761,1558,2203,127,55,72,146,78,68,129,68,61
196158,Undergraduate students,4639,2020,2619,26,6,20,84,41,43,306,131,175,338,154,184,2,0,2,3522,1495,2027,123,54,69,143,77,66,95,62,33
196158,Graduate student,296,75,221,1,0,1,4,2,2,2,0,2,9,2,7,0,0,0,239,63,176,4,1,3,3,1,2,34,6,28
196167,Total students enrolled for credit,5941,2395,3546,11,5,6,368,155,213,177,65,112,438,173,265,1,0,1,4431,1789,2642,158,63,95,227,80,147,130,65,65
196167,Undergraduate students,5792,2361,3431,10,5,5,364,153,211,174,64,110,436,172,264,1,0,1,4327,1770,2557,157,63,94,193,69,124,130,65,65
196167,Graduate student,149,34,115,1,0,1,4,2,2,3,1,2,2,1,1,0,0,0,104,19,85,1,0,1,34,11,23,0,0,0
196176,Total students enrolled for credit,8940,3363,5577,8,2,6,447,169,278,478,170,308,1444,531,913,10,6,4,5513,2048,3465,185,76,109,396,114,282,459,247,212
196176,Undergraduate students,7709,2964,4745,7,2,5,415,157,258,439,157,282,1325,492,833,9,5,4,4711,1827,2884,170,72,98,334,100,234,299,152,147
196176,Graduate student,1231,399,832,1,0,1,32,12,20,39,13,26,119,39,80,1,1,0,802,221,581,15,4,11,62,14,48,160,95,65
196185,Total students enrolled for credit,6593,2634,3959,18,8,10,144,42,102,245,106,139,795,326,469,4,2,2,5046,2010,3036,135,50,85,137,55,82,69,35,34
196185,Undergraduate students,6150,2540,3610,17,8,9,142,42,100,239,105,134,765,320,445,4,2,2,4683,1932,2751,132,50,82,100,46,54,68,35,33
196185,Graduate student,443,94,349,1,0,1,2,0,2,6,1,5,30,6,24,0,0,0,363,78,285,3,0,3,37,9,28,1,0,1
196194,Total students enrolled for credit,9566,4631,4935,23,5,18,280,135,145,718,302,416,974,426,548,11,7,4,7008,3490,3518,230,100,130,90,37,53,232,129,103
196194,Undergraduate students,8251,4109,4142,18,4,14,240,115,125,671,284,387,920,405,515,9,5,4,5930,3067,2863,223,96,127,43,19,24,197,114,83
196194,Graduate student,1315,522,793,5,1,4,40,20,20,47,18,29,54,21,33,2,2,0,1078,423,655,7,4,3,47,18,29,35,15,20
196200,Total students enrolled for credit,4119,1696,2423,74,17,57,81,31,50,420,183,237,533,203,330,5,1,4,2649,1113,1536,99,36,63,213,101,112,45,11,34
196200,Undergraduate students,3694,1589,2105,65,14,51,78,31,47,405,179,226,516,198,318,4,1,3,2317,1031,1286,94,35,59,190,92,98,25,8,17
196200,Graduate student,425,107,318,9,3,6,3,0,3,15,4,11,17,5,12,1,0,1,332,82,250,5,1,4,23,9,14,20,3,17
196219,Total students enrolled for credit,4815,2105,2710,3,1,2,205,78,127,510,239,271,988,407,581,8,4,4,2612,1161,1451,228,97,131,155,78,77,106,40,66
196219,Undergraduate students,4705,2054,2651,3,1,2,201,76,125,505,237,268,983,407,576,8,4,4,2548,1131,1417,224,94,130,147,74,73,86,30,56
196219,Graduate student,110,51,59,0,0,0,4,2,2,5,2,3,5,0,5,0,0,0,64,30,34,4,3,1,8,4,4,20,10,10
196228,Total students enrolled for credit,402,104,298,0,0,0,151,37,114,7,2,5,16,4,12,1,0,1,178,47,131,17,5,12,0,0,0,32,9,23
196228,Graduate student,402,104,298,0,0,0,151,37,114,7,2,5,16,4,12,1,0,1,178,47,131,17,5,12,0,0,0,32,9,23
196237,Total students enrolled for credit,5636,2376,3260,15,6,9,600,294,306,1445,516,929,1285,486,799,19,5,14,1941,942,999,132,43,89,129,50,79,70,34,36
196237,Undergraduate students,5335,2225,3110,15,6,9,575,280,295,1428,512,916,1242,472,770,19,5,14,1736,826,910,132,43,89,120,47,73,68,34,34
196237,Graduate student,301,151,150,0,0,0,25,14,11,17,4,13,43,14,29,0,0,0,205,116,89,0,0,0,9,3,6,2,0,2
196246,Total students enrolled for credit,6271,2642,3629,27,6,21,148,52,96,453,194,259,662,273,389,3,1,2,4273,1777,2496,116,54,62,218,95,123,371,190,181
196246,Undergraduate students,5846,2541,3305,26,6,20,143,51,92,445,190,255,642,268,374,3,1,2,3899,1689,2210,116,54,62,208,93,115,364,189,175
196246,Graduate student,425,101,324,1,0,1,5,1,4,8,4,4,20,5,15,0,0,0,374,88,286,0,0,0,10,2,8,7,1,6
196255,Total students enrolled for credit,2071,737,1334,2,0,2,493,228,265,402,83,319,177,60,117,2,1,1,807,285,522,30,11,19,135,58,77,23,11,12
196255,Undergraduate students,446,91,355,1,0,1,68,17,51,85,16,69,48,9,39,0,0,0,211,40,171,12,3,9,20,5,15,1,1,0
196255,Graduate student,1625,646,979,1,0,1,425,211,214,317,67,250,129,51,78,2,1,1,596,245,351,18,8,10,115,53,62,22,10,12
196264,Total students enrolled for credit,18543,6991,11552,88,24,64,441,214,227,2616,812,1804,2046,790,1256,42,14,28,10186,4024,6162,391,124,267,2485,878,1607,248,111,137
196264,Undergraduate students,16376,6386,9990,85,24,61,394,200,194,2444,766,1678,1944,750,1194,37,11,26,9280,3697,5583,366,116,250,1594,719,875,232,103,129
196264,Graduate student,2167,605,1562,3,0,3,47,14,33,172,46,126,102,40,62,5,3,2,906,327,579,25,8,17,891,159,732,16,8,8
196291,Total students enrolled for credit,2007,1743,264,2,1,1,89,77,12,101,86,15,232,183,49,0,0,0,1363,1222,141,43,37,6,101,84,17,76,53,23
196291,Undergraduate students,1778,1575,203,1,1,0,82,72,10,78,71,7,217,175,42,0,0,0,1224,1108,116,39,34,5,82,71,11,55,43,12
196291,Graduate student,229,168,61,1,0,1,7,5,2,23,15,8,15,8,7,0,0,0,139,114,25,4,3,1,19,13,6,21,10,11
196307,Total students enrolled for credit,1581,640,941,4,0,4,161,91,70,106,36,70,67,25,42,1,0,1,1099,428,671,33,16,17,46,14,32,64,30,34
196307,Undergraduate students,246,71,175,2,0,2,8,4,4,12,6,6,8,1,7,0,0,0,201,54,147,2,1,1,12,4,8,1,1,0
196307,Graduate student,1335,569,766,2,0,2,153,87,66,94,30,64,59,24,35,1,0,1,898,374,524,31,15,16,34,10,24,63,29,34
196389,Total students enrolled for credit,981,244,737,1,1,0,58,17,41,349,82,267,252,76,176,0,0,0,128,40,88,28,10,18,160,17,143,5,1,4
196389,Undergraduate students,981,244,737,1,1,0,58,17,41,349,82,267,252,76,176,0,0,0,128,40,88,28,10,18,160,17,143,5,1,4
196413,Total students enrolled for credit,36659,16575,20084,173,74,99,2401,1121,1280,2715,1072,1643,3433,1441,1992,27,12,15,21000,9465,11535,1036,419,617,1412,608,804,4462,2363,2099
196413,Undergraduate students,28199,12325,15874,141,66,75,2071,944,1127,2057,800,1257,2965,1227,1738,17,7,10,17007,7525,9482,853,337,516,1113,468,645,1975,951,1024
196413,Graduate student,8460,4250,4210,32,8,24,330,177,153,658,272,386,468,214,254,10,5,5,3993,1940,2053,183,82,101,299,140,159,2487,1412,1075
196431,Total students enrolled for credit,276,276,0,0,0,0,0,0,0,0,0,0,0,0,0,0,0,0,276,276,0,0,0,0,0,0,0,0,0,0
196431,Undergraduate students,276,276,0,0,0,0,0,0,0,0,0,0,0,0,0,0,0,0,276,276,0,0,0,0,0,0,0,0,0,0
196440,Total students enrolled for credit,19,19,0,0,0,0,0,0,0,0,0,0,0,0,0,0,0,0,13,13,0,0,0,0,0,0,0,6,6,0
196440,Undergraduate students,9,9,0,0,0,0,0,0,0,0,0,0,0,0,0,0,0,0,7,7,0,0,0,0,0,0,0,2,2,0
196440,Graduate student,10,10,0,0,0,0,0,0,0,0,0,0,0,0,0,0,0,0,6,6,0,0,0,0,0,0,0,4,4,0
196468,Total students enrolled for credit,6498,1552,4946,11,5,6,721,154,567,692,203,489,698,150,548,2,1,1,2890,753,2137,174,40,134,156,39,117,1154,207,947
196468,Graduate student,6498,1552,4946,11,5,6,721,154,567,692,203,489,698,150,548,2,1,1,2890,753,2137,174,40,134,156,39,117,1154,207,947
196565,Total students enrolled for credit,8941,4091,4850,29,14,15,171,72,99,572,286,286,715,320,395,7,3,4,5706,2552,3154,284,133,151,1144,574,570,313,137,176
196565,Undergraduate students,8941,4091,4850,29,14,15,171,72,99,572,286,286,715,320,395,7,3,4,5706,2552,3154,284,133,151,1144,574,570,313,137,176
196583,Total students enrolled for credit,84,84,0,0,0,0,0,0,0,0,0,0,0,0,0,0,0,0,82,82,0,0,0,0,0,0,0,2,2,0
196583,Undergraduate students,84,84,0,0,0,0,0,0,0,0,0,0,0,0,0,0,0,0,82,82,0,0,0,0,0,0,0,2,2,0
196592,Total students enrolled for credit,16709,4739,11970,24,3,21,1181,428,753,2117,401,1716,1755,376,1379,22,5,17,9239,2765,6474,211,63,148,1613,417,1196,547,281,266
196592,Undergraduate students,8622,2521,6101,8,1,7,283,95,188,1161,211,950,886,182,704,13,3,10,5114,1672,3442,93,31,62,867,234,633,197,92,105
196592,Graduate student,8087,2218,5869,16,2,14,898,333,565,956,190,766,869,194,675,9,2,7,4125,1093,3032,118,32,86,746,183,563,350,189,161
196653,Total students enrolled for credit,1786,237,1549,23,4,19,37,6,31,264,18,246,89,11,78,2,0,2,1212,170,1042,33,4,29,124,23,101,2,1,1
196653,Undergraduate students,1786,237,1549,23,4,19,37,6,31,264,18,246,89,11,78,2,0,2,1212,170,1042,33,4,29,124,23,101,2,1,1
196680,Total students enrolled for credit,47832,23229,24603,286,160,126,1434,746,688,9943,3891,6052,4990,2893,2097,260,143,117,28148,13723,14425,1542,840,702,832,617,215,397,216,181
196680,Undergraduate students,43752,21007,22745,261,146,115,1282,672,610,8993,3411,5582,4549,2620,1929,232,128,104,25851,12467,13384,1403,763,640,804,598,206,377,202,175
196680,Graduate student,4080,2222,1858,25,14,11,152,74,78,950,480,470,441,273,168,28,15,13,2297,1256,1041,139,77,62,28,19,9,20,14,6
196699,Total students enrolled for credit,4505,2125,2380,15,6,9,122,64,58,257,108,149,526,259,267,6,1,5,3083,1431,1652,162,70,92,321,181,140,13,5,8
196699,Undergraduate students,4505,2125,2380,15,6,9,122,64,58,257,108,149,526,259,267,6,1,5,3083,1431,1652,162,70,92,321,181,140,13,5,8
196866,Total students enrolled for credit,2214,1205,1009,0,0,0,132,58,74,93,48,45,158,85,73,0,0,0,1571,867,704,60,35,25,16,11,5,184,101,83
196866,Undergraduate students,2214,1205,1009,0,0,0,132,58,74,93,48,45,158,85,73,0,0,0,1571,867,704,60,35,25,16,11,5,184,101,83
196884,Total students enrolled for credit,264,109,155,0,0,0,19,10,9,53,24,29,21,11,10,1,1,0,123,41,82,9,3,6,22,11,11,16,8,8
196884,Graduate student,264,109,155,0,0,0,19,10,9,53,24,29,21,11,10,1,1,0,123,41,82,9,3,6,22,11,11,16,8,8
197018,Total students enrolled for credit,2629,2629,0,0,0,0,0,0,0,0,0,0,19,19,0,0,0,0,2533,2533,0,0,0,0,0,0,0,77,77,0
197018,Undergraduate students,2109,2109,0,0,0,0,0,0,0,0,0,0,19,19,0,0,0,0,2013,2013,0,0,0,0,0,0,0,77,77,0
197018,Graduate student,520,520,0,0,0,0,0,0,0,0,0,0,0,0,0,0,0,0,520,520,0,0,0,0,0,0,0,0,0,0
197027,Total students enrolled for credit,936,761,175,16,11,5,74,54,20,23,16,7,95,77,18,2,2,0,694,573,121,0,0,0,26,24,2,6,4,2
197027,Undergraduate students,912,741,171,16,11,5,73,53,20,23,16,7,95,77,18,2,2,0,678,560,118,0,0,0,19,18,1,6,4,2
197027,Graduate student,24,20,4,0,0,0,1,1,0,0,0,0,0,0,0,0,0,0,16,13,3,0,0,0,7,6,1,0,0,0
197036,Total students enrolled for credit,4568,3643,925,47,39,8,377,281,96,493,373,120,485,386,99,21,18,3,2916,2359,557,124,95,29,45,38,7,60,54,6
197036,Undergraduate students,4568,3643,925,47,39,8,377,281,96,493,373,120,485,386,99,21,18,3,2916,2359,557,124,95,29,45,38,7,60,54,6
197045,Total students enrolled for credit,6354,2526,3828,31,14,17,585,211,374,712,308,404,485,191,294,6,5,1,3962,1561,2401,119,46,73,377,145,232,77,45,32
197045,Undergraduate students,4214,1624,2590,24,10,14,153,56,97,513,225,288,391,152,239,5,4,1,2801,1041,1760,95,38,57,164,59,105,68,39,29
197045,Graduate student,2140,902,1238,7,4,3,432,155,277,199,83,116,94,39,55,1,1,0,1161,520,641,24,8,16,213,86,127,9,6,3
197133,Total students enrolled for credit,2572,1083,1489,1,0,1,312,141,171,120,24,96,273,110,163,0,0,0,1494,666,828,162,60,102,6,4,2,204,78,126
197133,Undergraduate students,2572,1083,1489,1,0,1,312,141,171,120,24,96,273,110,163,0,0,0,1494,666,828,162,60,102,6,4,2,204,78,126
197142,Total students enrolled for credit,639,248,391,3,0,3,8,7,1,222,103,119,41,16,25,0,0,0,323,103,220,42,19,23,0,0,0,0,0,0
197142,Undergraduate students,639,248,391,3,0,3,8,7,1,222,103,119,41,16,25,0,0,0,323,103,220,42,19,23,0,0,0,0,0,0
197151,Total students enrolled for credit,4841,1587,3254,6,3,3,587,160,427,191,91,100,515,228,287,5,2,3,1214,437,777,58,19,39,271,75,196,1994,572,1422
197151,Undergraduate students,4058,1323,2735,6,3,3,528,141,387,162,73,89,458,213,245,4,2,2,1011,368,643,55,18,37,215,60,155,1619,445,1174
197151,Graduate student,783,264,519,0,0,0,59,19,40,29,18,11,57,15,42,1,0,1,203,69,134,3,1,2,56,15,41,375,127,248
197197,Total students enrolled for credit,2369,847,1522,2,1,1,95,35,60,192,110,82,232,73,159,1,0,1,1562,522,1040,61,19,42,121,36,85,103,51,52
197197,Undergraduate students,1858,705,1153,2,1,1,59,24,35,149,97,52,200,65,135,1,0,1,1210,426,784,48,17,31,104,32,72,85,43,42
197197,Graduate student,511,142,369,0,0,0,36,11,25,43,13,30,32,8,24,0,0,0,352,96,256,13,2,11,17,4,13,18,8,10
197221,Total students enrolled for credit,92,76,16,0,0,0,11,10,1,0,0,0,1,1,0,0,0,0,71,59,12,7,5,2,2,1,1,0,0,0
197221,Undergraduate students,92,76,16,0,0,0,11,10,1,0,0,0,1,1,0,0,0,0,71,59,12,7,5,2,2,1,1,0,0,0
197230,Total students enrolled for credit,516,177,339,2,1,1,8,3,5,65,34,31,21,7,14,0,0,0,310,95,215,18,4,14,92,33,59,0,0,0
197230,Undergraduate students,516,177,339,2,1,1,8,3,5,65,34,31,21,7,14,0,0,0,310,95,215,18,4,14,92,33,59,0,0,0
197285,Total students enrolled for credit,1420,501,919,2,1,1,34,15,19,531,198,333,631,210,421,1,1,0,154,57,97,19,4,15,48,15,33,0,0,0
197285,Undergraduate students,1420,501,919,2,1,1,34,15,19,531,198,333,631,210,421,1,1,0,154,57,97,19,4,15,48,15,33,0,0,0
197294,Total students enrolled for credit,21148,9796,11352,141,68,73,903,457,446,4014,1583,2431,6181,2853,3328,57,22,35,8060,4026,4034,535,254,281,1041,468,573,216,65,151
197294,Undergraduate students,21148,9796,11352,141,68,73,903,457,446,4014,1583,2431,6181,2853,3328,57,22,35,8060,4026,4034,535,254,281,1041,468,573,216,65,151
197337,Total students enrolled for credit,120,4,116,0,0,0,2,0,2,44,1,43,36,1,35,1,0,1,34,2,32,0,0,0,0,0,0,3,0,3
197337,Undergraduate students,120,4,116,0,0,0,2,0,2,44,1,43,36,1,35,1,0,1,34,2,32,0,0,0,0,0,0,3,0,3
197522,Total students enrolled for credit,351,107,244,2,1,1,14,4,10,107,44,63,208,51,157,2,1,1,12,4,8,5,2,3,1,0,1,0,0,0
197522,Undergraduate students,351,107,244,2,1,1,14,4,10,107,44,63,208,51,157,2,1,1,12,4,8,5,2,3,1,0,1,0,0,0
197531,Total students enrolled for credit,910,392,518,0,0,0,9,4,5,25,13,12,56,23,33,0,0,0,676,279,397,14,4,10,60,32,28,70,37,33
197531,Undergraduate students,910,392,518,0,0,0,9,4,5,25,13,12,56,23,33,0,0,0,676,279,397,14,4,10,60,32,28,70,37,33
197601,Total students enrolled for credit,143,143,0,0,0,0,0,0,0,0,0,0,0,0,0,0,0,0,143,143,0,0,0,0,0,0,0,0,0,0
197601,Undergraduate students,143,143,0,0,0,0,0,0,0,0,0,0,0,0,0,0,0,0,143,143,0,0,0,0,0,0,0,0,0,0
197610,Total students enrolled for credit,40,40,0,0,0,0,0,0,0,0,0,0,0,0,0,0,0,0,40,40,0,0,0,0,0,0,0,0,0,0
197610,Undergraduate students,27,27,0,0,0,0,0,0,0,0,0,0,0,0,0,0,0,0,27,27,0,0,0,0,0,0,0,0,0,0
197610,Graduate student,13,13,0,0,0,0,0,0,0,0,0,0,0,0,0,0,0,0,13,13,0,0,0,0,0,0,0,0,0,0
197647,Total students enrolled for credit,136,136,0,0,0,0,0,0,0,0,0,0,0,0,0,0,0,0,127,127,0,0,0,0,0,0,0,9,9,0
197647,Undergraduate students,81,81,0,0,0,0,0,0,0,0,0,0,0,0,0,0,0,0,73,73,0,0,0,0,0,0,0,8,8,0
197647,Graduate student,55,55,0,0,0,0,0,0,0,0,0,0,0,0,0,0,0,0,54,54,0,0,0,0,0,0,0,1,1,0
197674,Total students enrolled for credit,242,242,0,0,0,0,0,0,0,0,0,0,0,0,0,0,0,0,242,242,0,0,0,0,0,0,0,0,0,0
197674,Undergraduate students,221,221,0,0,0,0,0,0,0,0,0,0,0,0,0,0,0,0,221,221,0,0,0,0,0,0,0,0,0,0
197674,Graduate student,21,21,0,0,0,0,0,0,0,0,0,0,0,0,0,0,0,0,21,21,0,0,0,0,0,0,0,0,0,0
197692,Total students enrolled for credit,111,111,0,0,0,0,0,0,0,0,0,0,0,0,0,0,0,0,111,111,0,0,0,0,0,0,0,0,0,0
197692,Undergraduate students,76,76,0,0,0,0,0,0,0,0,0,0,0,0,0,0,0,0,76,76,0,0,0,0,0,0,0,0,0,0
197692,Graduate student,35,35,0,0,0,0,0,0,0,0,0,0,0,0,0,0,0,0,35,35,0,0,0,0,0,0,0,0,0,0
197708,Total students enrolled for credit,6688,3224,3464,3,1,2,322,163,159,150,53,97,227,87,140,9,5,4,4266,2242,2024,35,20,15,1197,457,740,479,196,283
197708,Undergraduate students,2884,1574,1310,1,1,0,0,0,0,0,0,0,5,3,2,0,0,0,2723,1476,1247,3,3,0,18,14,4,134,77,57
197708,Graduate student,3804,1650,2154,2,0,2,322,163,159,150,53,97,222,84,138,9,5,4,1543,766,777,32,17,15,1179,443,736,345,119,226
197735,Total students enrolled for credit,817,817,0,0,0,0,0,0,0,0,0,0,0,0,0,0,0,0,794,794,0,0,0,0,0,0,0,23,23,0
197735,Undergraduate students,647,647,0,0,0,0,0,0,0,0,0,0,0,0,0,0,0,0,624,624,0,0,0,0,0,0,0,23,23,0
197735,Graduate student,170,170,0,0,0,0,0,0,0,0,0,0,0,0,0,0,0,0,170,170,0,0,0,0,0,0,0,0,0,0
197744,Total students enrolled for credit,243,243,0,0,0,0,0,0,0,0,0,0,0,0,0,0,0,0,218,218,0,0,0,0,0,0,0,25,25,0
197744,Undergraduate students,207,207,0,0,0,0,0,0,0,0,0,0,0,0,0,0,0,0,185,185,0,0,0,0,0,0,0,22,22,0
197744,Graduate student,36,36,0,0,0,0,0,0,0,0,0,0,0,0,0,0,0,0,33,33,0,0,0,0,0,0,0,3,3,0
197814,Total students enrolled for credit,3217,1089,2128,19,8,11,25,9,16,465,150,315,140,48,92,8,3,5,2193,754,1439,101,30,71,135,49,86,131,38,93
197814,Undergraduate students,3217,1089,2128,19,8,11,25,9,16,465,150,315,140,48,92,8,3,5,2193,754,1439,101,30,71,135,49,86,131,38,93
197832,Total students enrolled for credit,820,371,449,9,3,6,7,4,3,480,218,262,74,32,42,7,5,2,228,100,128,0,0,0,9,6,3,6,3,3
197832,Undergraduate students,820,371,449,9,3,6,7,4,3,480,218,262,74,32,42,7,5,2,228,100,128,0,0,0,9,6,3,6,3,3
197850,Total students enrolled for credit,3879,1287,2592,12,6,6,65,22,43,701,179,522,442,146,296,5,4,1,2286,807,1479,102,30,72,247,86,161,19,7,12
197850,Undergraduate students,3879,1287,2592,12,6,6,65,22,43,701,179,522,442,146,296,5,4,1,2286,807,1479,102,30,72,247,86,161,19,7,12
197869,Total students enrolled for credit,19974,8791,11183,64,31,33,355,150,205,815,392,423,949,415,534,21,10,11,16669,7321,9348,615,272,343,289,115,174,197,85,112
197869,Undergraduate students,17811,8096,9715,56,28,28,328,142,186,699,362,337,873,387,486,17,9,8,14833,6730,8103,580,261,319,258,107,151,167,70,97
197869,Graduate student,2163,695,1468,8,3,5,27,8,19,116,30,86,76,28,48,4,1,3,1836,591,1245,35,11,24,31,8,23,30,15,15
197887,Total students enrolled for credit,10572,4520,6052,68,33,35,132,52,80,624,231,393,711,300,411,19,13,6,8331,3583,4748,270,106,164,377,181,196,40,21,19
197887,Undergraduate students,10572,4520,6052,68,33,35,132,52,80,624,231,393,711,300,411,19,13,6,8331,3583,4748,270,106,164,377,181,196,40,21,19
197911,Total students enrolled for credit,1148,328,820,8,1,7,14,2,12,271,71,200,80,29,51,2,2,0,620,165,455,36,5,31,75,23,52,42,30,12
197911,Undergraduate students,1051,313,738,8,1,7,14,2,12,236,66,170,76,28,48,2,2,0,567,156,411,36,5,31,71,23,48,41,30,11
197911,Graduate student,97,15,82,0,0,0,0,0,0,35,5,30,4,1,3,0,0,0,53,9,44,0,0,0,4,0,4,1,0,1
197966,Total students enrolled for credit,1995,684,1311,5,1,4,10,4,6,498,130,368,166,62,104,4,4,0,1175,434,741,46,16,30,75,28,47,16,5,11
197966,Undergraduate students,1995,684,1311,5,1,4,10,4,6,498,130,368,166,62,104,4,4,0,1175,434,741,46,16,30,75,28,47,16,5,11
197984,Total students enrolled for credit,1633,764,869,4,1,3,30,9,21,314,123,191,23,3,20,1,1,0,897,448,449,4,1,3,344,166,178,16,12,4
197984,Undergraduate students,1633,764,869,4,1,3,30,9,21,314,123,191,23,3,20,1,1,0,897,448,449,4,1,3,344,166,178,16,12,4
197993,Total students enrolled for credit,531,10,521,1,0,1,2,0,2,432,2,430,17,0,17,0,0,0,1,0,1,14,0,14,61,7,54,3,1,2
197993,Undergraduate students,531,10,521,1,0,1,2,0,2,432,2,430,17,0,17,0,0,0,1,0,1,14,0,14,61,7,54,3,1,2
198011,Total students enrolled for credit,1607,464,1143,231,35,196,1,0,1,429,113,316,100,38,62,4,0,4,739,253,486,34,8,26,64,17,47,5,0,5
198011,Undergraduate students,1607,464,1143,231,35,196,1,0,1,429,113,316,100,38,62,4,0,4,739,253,486,34,8,26,64,17,47,5,0,5
198039,Total students enrolled for credit,2857,1312,1545,15,7,8,40,23,17,123,43,80,265,123,142,0,0,0,2241,1033,1208,0,0,0,137,65,72,36,18,18
198039,Undergraduate students,2857,1312,1545,15,7,8,40,23,17,123,43,80,265,123,142,0,0,0,2241,1033,1208,0,0,0,137,65,72,36,18,18
198066,Total students enrolled for credit,741,417,324,6,5,1,8,2,6,95,77,18,34,21,13,1,0,1,511,258,253,19,7,12,39,23,16,28,24,4
198066,Undergraduate students,741,417,324,6,5,1,8,2,6,95,77,18,34,21,13,1,0,1,511,258,253,19,7,12,39,23,16,28,24,4
198084,Total students enrolled for credit,1919,718,1201,23,6,17,14,7,7,272,82,190,117,48,69,0,0,0,1374,524,850,71,26,45,48,25,23,0,0,0
198084,Undergraduate students,1919,718,1201,23,6,17,14,7,7,272,82,190,117,48,69,0,0,0,1374,524,850,71,26,45,48,25,23,0,0,0
198109,Total students enrolled for credit,533,52,481,1,0,1,13,0,13,52,4,48,24,5,19,5,0,5,426,42,384,12,1,11,0,0,0,0,0,0
198109,Undergraduate students,498,47,451,1,0,1,12,0,12,48,4,44,24,5,19,5,0,5,396,37,359,12,1,11,0,0,0,0,0,0
198109,Graduate student,35,5,30,0,0,0,1,0,1,4,0,4,0,0,0,0,0,0,30,5,25,0,0,0,0,0,0,0,0,0
198118,Total students enrolled for credit,4808,2078,2730,91,51,40,78,32,46,221,90,131,287,106,181,5,4,1,3988,1735,2253,51,25,26,68,27,41,19,8,11
198118,Undergraduate students,4808,2078,2730,91,51,40,78,32,46,221,90,131,287,106,181,5,4,1,3988,1735,2253,51,25,26,68,27,41,19,8,11
198136,Total students enrolled for credit,7902,3811,4091,51,23,28,285,126,159,1204,561,643,612,315,297,20,8,12,4686,2274,2412,224,103,121,675,328,347,145,73,72
198136,Undergraduate students,5519,2753,2766,40,19,21,126,62,64,1011,495,516,536,283,253,17,6,11,2961,1474,1487,197,92,105,540,267,273,91,55,36
198136,Graduate student,2383,1058,1325,11,4,7,159,64,95,193,66,127,76,32,44,3,2,1,1725,800,925,27,11,16,135,61,74,54,18,36
198154,Total students enrolled for credit,12125,5485,6640,94,37,57,103,52,51,1481,641,840,792,343,449,25,13,12,8871,4060,4811,362,162,200,195,90,105,202,87,115
198154,Undergraduate students,12125,5485,6640,94,37,57,103,52,51,1481,641,840,792,343,449,25,13,12,8871,4060,4811,362,162,200,195,90,105,202,87,115
198190,Total students enrolled for credit,75,51,24,0,0,0,1,0,1,38,22,16,5,4,1,0,0,0,30,25,5,0,0,0,1,0,1,0,0,0
198190,Undergraduate students,75,51,24,0,0,0,1,0,1,38,22,16,5,4,1,0,0,0,30,25,5,0,0,0,1,0,1,0,0,0
198206,Total students enrolled for credit,2054,681,1373,13,5,8,16,5,11,169,47,122,131,43,88,7,4,3,1637,544,1093,63,24,39,18,9,9,0,0,0
198206,Undergraduate students,2054,681,1373,13,5,8,16,5,11,169,47,122,131,43,88,7,4,3,1637,544,1093,63,24,39,18,9,9,0,0,0
198215,Total students enrolled for credit,1510,690,820,5,1,4,15,4,11,304,154,150,103,51,52,1,0,1,989,425,564,51,31,20,2,1,1,40,23,17
198215,Undergraduate students,1463,677,786,5,1,4,15,4,11,292,153,139,103,51,52,1,0,1,956,413,543,49,31,18,2,1,1,40,23,17
198215,Graduate student,47,13,34,0,0,0,0,0,0,12,1,11,0,0,0,0,0,0,33,12,21,2,0,2,0,0,0,0,0,0
198233,Total students enrolled for credit,6615,2807,3808,36,20,16,470,209,261,513,194,319,651,281,370,5,3,2,4721,2005,2716,127,57,70,89,37,52,3,1,2
198233,Undergraduate students,6615,2807,3808,36,20,16,470,209,261,513,194,319,651,281,370,5,3,2,4721,2005,2716,127,57,70,89,37,52,3,1,2
198251,Total students enrolled for credit,6807,2433,4374,52,18,34,70,20,50,1342,418,924,1050,399,651,11,3,8,3890,1429,2461,171,55,116,142,65,77,79,26,53
198251,Undergraduate students,6807,2433,4374,52,18,34,70,20,50,1342,418,924,1050,399,651,11,3,8,3890,1429,2461,171,55,116,142,65,77,79,26,53
198260,Total students enrolled for credit,29932,13315,16617,139,70,69,1193,585,608,8759,3384,5375,3436,1480,1956,42,21,21,12985,6255,6730,921,391,530,884,380,504,1573,749,824
198260,Undergraduate students,29932,13315,16617,139,70,69,1193,585,608,8759,3384,5375,3436,1480,1956,42,21,21,12985,6255,6730,921,391,530,884,380,504,1573,749,824
198303,Total students enrolled for credit,1608,745,863,9,6,3,4,1,3,1116,512,604,58,27,31,4,0,4,266,139,127,41,13,28,64,19,45,46,28,18
198303,Undergraduate students,1599,742,857,9,6,3,4,1,3,1111,512,599,57,26,31,4,0,4,263,137,126,41,13,28,64,19,45,46,28,18
198303,Graduate student,9,3,6,0,0,0,0,0,0,5,0,5,1,1,0,0,0,0,3,2,1,0,0,0,0,0,0,0,0,0
198321,Total students enrolled for credit,4569,1641,2928,17,5,12,39,10,29,848,264,584,169,68,101,3,1,2,3310,1232,2078,84,24,60,66,25,41,33,12,21
198321,Undergraduate students,4569,1641,2928,17,5,12,39,10,29,848,264,584,169,68,101,3,1,2,3310,1232,2078,84,24,60,66,25,41,33,12,21
198330,Total students enrolled for credit,6315,2632,3683,95,35,60,191,83,108,1081,455,626,912,356,556,51,20,31,3886,1646,2240,41,13,28,25,15,10,33,9,24
198330,Undergraduate students,6315,2632,3683,95,35,60,191,83,108,1081,455,626,912,356,556,51,20,31,3886,1646,2240,41,13,28,25,15,10,33,9,24
198367,Total students enrolled for credit,4394,1821,2573,34,13,21,101,43,58,676,216,460,346,142,204,12,4,8,2769,1212,1557,180,66,114,205,100,105,71,25,46
198367,Undergraduate students,4394,1821,2573,34,13,21,101,43,58,676,216,460,346,142,204,12,4,8,2769,1212,1557,180,66,114,205,100,105,71,25,46
198376,Total students enrolled for credit,5298,1886,3412,34,10,24,105,40,65,897,276,621,401,148,253,1,0,1,3635,1336,2299,124,44,80,90,26,64,11,6,5
198376,Undergraduate students,5298,1886,3412,34,10,24,105,40,65,897,276,621,401,148,253,1,0,1,3635,1336,2299,124,44,80,90,26,64,11,6,5
198385,Total students enrolled for credit,1959,967,992,13,8,5,105,49,56,128,47,81,147,72,75,0,0,0,1320,671,649,81,32,49,29,10,19,136,78,58
198385,Undergraduate students,1959,967,992,13,8,5,105,49,56,128,47,81,147,72,75,0,0,0,1320,671,649,81,32,49,29,10,19,136,78,58
198419,Total students enrolled for credit,16599,8247,8352,90,32,58,2359,1206,1153,1166,488,678,940,433,507,12,8,4,7931,3886,4045,409,170,239,544,264,280,3148,1760,1388
198419,Undergraduate students,7184,3566,3618,43,12,31,1485,777,708,684,288,396,582,258,324,6,3,3,3346,1707,1639,123,53,70,185,86,99,730,382,348
198419,Graduate student,9415,4681,4734,47,20,27,874,429,445,482,200,282,358,175,183,6,5,1,4585,2179,2406,286,117,169,359,178,181,2418,1378,1040
198455,Total students enrolled for credit,7885,3041,4844,42,14,28,423,164,259,3078,1029,2049,1120,423,697,12,9,3,2697,1211,1486,219,89,130,277,97,180,17,5,12
198455,Undergraduate students,7885,3041,4844,42,14,28,423,164,259,3078,1029,2049,1120,423,697,12,9,3,2697,1211,1486,219,89,130,277,97,180,17,5,12
198464,Total students enrolled for credit,32388,13198,19190,223,85,138,911,410,501,5155,1894,3261,1870,801,1069,31,16,15,21912,8971,12941,944,412,532,1044,453,591,298,156,142
198464,Undergraduate students,25207,10708,14499,171,73,98,689,312,377,4153,1628,2525,1612,707,905,29,16,13,16815,7201,9614,832,372,460,722,309,413,184,90,94
198464,Graduate student,7181,2490,4691,52,12,40,222,98,124,1002,266,736,258,94,164,2,0,2,5097,1770,3327,112,40,72,322,144,178,114,66,48
198491,Total students enrolled for credit,3079,752,2327,21,5,16,10,4,6,1751,352,1399,113,40,73,2,0,2,1087,330,757,44,7,37,34,10,24,17,4,13
198491,Undergraduate students,3079,752,2327,21,5,16,10,4,6,1751,352,1399,113,40,73,2,0,2,1087,330,757,44,7,37,34,10,24,17,4,13
198507,Total students enrolled for credit,1495,651,844,7,5,2,5,3,2,1043,453,590,40,12,28,2,0,2,271,127,144,19,7,12,106,42,64,2,2,0
198507,Undergraduate students,1438,637,801,7,5,2,5,3,2,1008,443,565,39,12,27,2,0,2,260,124,136,19,7,12,96,41,55,2,2,0
198507,Graduate student,57,14,43,0,0,0,0,0,0,35,10,25,1,0,1,0,0,0,11,3,8,0,0,0,10,1,9,0,0,0
198516,Total students enrolled for credit,7084,2894,4190,17,6,11,178,58,120,438,193,245,408,145,263,2,2,0,5655,2337,3318,182,60,122,72,32,40,132,61,71
198516,Undergraduate students,6214,2564,3650,9,3,6,152,47,105,344,169,175,377,134,243,2,2,0,5000,2076,2924,170,58,112,30,14,16,130,61,69
198516,Graduate student,870,330,540,8,3,5,26,11,15,94,24,70,31,11,20,0,0,0,655,261,394,12,2,10,42,18,24,2,0,2
198534,Total students enrolled for credit,18989,8567,10422,429,142,287,386,189,197,6926,2755,4171,2170,986,1184,98,48,50,7099,3498,3601,764,288,476,1029,637,392,88,24,64
198534,Undergraduate students,18989,8567,10422,429,142,287,386,189,197,6926,2755,4171,2170,986,1184,98,48,50,7099,3498,3601,764,288,476,1029,637,392,88,24,64
198543,Total students enrolled for credit,7618,2492,5126,216,60,156,183,67,116,4468,1421,3047,497,171,326,23,6,17,1685,570,1115,62,17,45,452,169,283,32,11,21
198543,Undergraduate students,6626,2138,4488,198,58,140,136,47,89,4001,1278,2723,443,153,290,19,6,13,1344,422,922,49,15,34,416,155,261,20,4,16
198543,Graduate student,992,354,638,18,2,16,47,20,27,467,143,324,54,18,36,4,0,4,341,148,193,13,2,11,36,14,22,12,7,5
198552,Total students enrolled for credit,11477,4568,6909,56,26,30,200,86,114,2813,995,1818,1165,456,709,12,4,8,6615,2758,3857,304,120,184,273,110,163,39,13,26
198552,Undergraduate students,11477,4568,6909,56,26,30,200,86,114,2813,995,1818,1165,456,709,12,4,8,6615,2758,3857,304,120,184,273,110,163,39,13,26
198561,Total students enrolled for credit,4525,1482,3043,30,9,21,62,25,37,980,312,668,126,50,76,0,0,0,2901,916,1985,24,8,16,369,144,225,33,18,15
198561,Undergraduate students,2613,926,1687,17,7,10,36,13,23,416,176,240,84,33,51,0,0,0,1705,559,1146,11,3,8,327,124,203,17,11,6
198561,Graduate student,1912,556,1356,13,2,11,26,12,14,564,136,428,42,17,25,0,0,0,1196,357,839,13,5,8,42,20,22,16,7,9
198570,Total students enrolled for credit,7426,2644,4782,35,14,21,83,33,50,1132,319,813,476,174,302,10,1,9,4855,1809,3046,216,63,153,508,193,315,111,38,73
198570,Undergraduate students,7426,2644,4782,35,14,21,83,33,50,1132,319,813,476,174,302,10,1,9,4855,1809,3046,216,63,153,508,193,315,111,38,73
198598,Total students enrolled for credit,1182,610,572,5,1,4,9,5,4,329,177,152,47,36,11,1,0,1,536,273,263,42,22,20,213,96,117,0,0,0
198598,Undergraduate students,1013,513,500,5,1,4,7,4,3,324,176,148,25,16,9,1,0,1,524,266,258,36,20,16,91,30,61,0,0,0
198598,Graduate student,169,97,72,0,0,0,2,1,1,5,1,4,22,20,2,0,0,0,12,7,5,6,2,4,122,66,56,0,0,0
198613,Total students enrolled for credit,2050,962,1088,11,4,7,90,40,50,531,242,289,137,64,73,2,1,1,1125,544,581,75,32,43,41,18,23,38,17,21
198613,Undergraduate students,2050,962,1088,11,4,7,90,40,50,531,242,289,137,64,73,2,1,1,1125,544,581,75,32,43,41,18,23,38,17,21
198622,Total students enrolled for credit,15688,6768,8920,107,42,65,678,315,363,6164,2324,3840,1200,540,660,12,4,8,6510,3065,3445,369,151,218,405,193,212,243,134,109
198622,Undergraduate students,15688,6768,8920,107,42,65,678,315,363,6164,2324,3840,1200,540,660,12,4,8,6510,3065,3445,369,151,218,405,193,212,243,134,109
198640,Total students enrolled for credit,1768,755,1013,34,14,20,11,4,7,923,414,509,48,28,20,1,1,0,687,260,427,18,7,11,41,25,16,5,2,3
198640,Undergraduate students,1768,755,1013,34,14,20,11,4,7,923,414,509,48,28,20,1,1,0,687,260,427,18,7,11,41,25,16,5,2,3
198668,Total students enrolled for credit,2421,874,1547,42,16,26,11,3,8,198,17,181,67,18,49,2,0,2,2052,802,1250,15,6,9,32,12,20,2,0,2
198668,Undergraduate students,2421,874,1547,42,16,26,11,3,8,198,17,181,67,18,49,2,0,2,2052,802,1250,15,6,9,32,12,20,2,0,2
198677,Total students enrolled for credit,63,35,28,0,0,0,2,1,1,20,6,14,2,1,1,1,0,1,38,27,11,0,0,0,0,0,0,0,0,0
198677,Undergraduate students,63,35,28,0,0,0,2,1,1,20,6,14,2,1,1,1,0,1,38,27,11,0,0,0,0,0,0,0,0,0
198695,Total students enrolled for credit,5088,2030,3058,12,3,9,95,34,61,337,115,222,238,98,140,2,2,0,3842,1558,2284,291,89,202,115,47,68,156,84,72
198695,Undergraduate students,4608,1878,2730,9,2,7,78,27,51,250,96,154,219,92,127,2,2,0,3546,1464,2082,278,83,195,79,33,46,147,79,68
198695,Graduate student,480,152,328,3,1,2,17,7,10,87,19,68,19,6,13,0,0,0,296,94,202,13,6,7,36,14,22,9,5,4
198710,Total students enrolled for credit,2667,1062,1605,8,4,4,22,12,10,268,96,172,149,62,87,2,1,1,1945,768,1177,77,31,46,183,81,102,13,7,6
198710,Undergraduate students,2667,1062,1605,8,4,4,22,12,10,268,96,172,149,62,87,2,1,1,1945,768,1177,77,31,46,183,81,102,13,7,6
198729,Total students enrolled for credit,1569,536,1033,7,0,7,3,1,2,457,138,319,317,122,195,1,0,1,739,271,468,30,3,27,9,1,8,6,0,6
198729,Undergraduate students,1569,536,1033,7,0,7,3,1,2,457,138,319,317,122,195,1,0,1,739,271,468,30,3,27,9,1,8,6,0,6
198747,Total students enrolled for credit,157,72,85,2,0,2,2,2,0,54,16,38,26,19,7,0,0,0,63,28,35,3,0,3,3,3,0,4,4,0
198747,Undergraduate students,128,62,66,1,0,1,1,1,0,35,12,23,24,18,6,0,0,0,59,26,33,3,0,3,1,1,0,4,4,0
198747,Graduate student,29,10,19,1,0,1,1,1,0,19,4,15,2,1,1,0,0,0,4,2,2,0,0,0,2,2,0,0,0,0
198756,Total students enrolled for credit,1644,600,1044,4,1,3,5,1,4,1418,522,896,64,17,47,1,0,1,13,5,8,36,12,24,61,27,34,42,15,27
198756,Undergraduate students,1523,587,936,4,1,3,4,0,4,1307,511,796,62,17,45,1,0,1,10,4,6,35,12,23,59,27,32,41,15,26
198756,Graduate student,121,13,108,0,0,0,1,1,0,111,11,100,2,0,2,0,0,0,3,1,2,1,0,1,2,0,2,1,0,1
198774,Total students enrolled for credit,5599,2048,3551,31,8,23,41,17,24,856,322,534,670,219,451,5,5,0,3386,1247,2139,449,174,275,97,36,61,64,20,44
198774,Undergraduate students,5599,2048,3551,31,8,23,41,17,24,856,322,534,670,219,451,5,5,0,3386,1247,2139,449,174,275,97,36,61,64,20,44
198808,Total students enrolled for credit,1079,361,718,7,3,4,11,9,2,67,38,29,43,18,25,2,1,1,778,227,551,13,6,7,135,45,90,23,14,9
198808,Undergraduate students,1079,361,718,7,3,4,11,9,2,67,38,29,43,18,25,2,1,1,778,227,551,13,6,7,135,45,90,23,14,9
198817,Total students enrolled for credit,4019,1531,2488,31,17,14,35,15,20,1227,416,811,343,146,197,3,1,2,2318,915,1403,48,19,29,0,0,0,14,2,12
198817,Undergraduate students,4019,1531,2488,31,17,14,35,15,20,1227,416,811,343,146,197,3,1,2,2318,915,1403,48,19,29,0,0,0,14,2,12
198835,Total students enrolled for credit,2833,1025,1808,12,5,7,43,14,29,331,160,171,146,47,99,1,0,1,1801,608,1193,92,32,60,349,124,225,58,35,23
198835,Undergraduate students,1847,752,1095,9,5,4,32,13,19,231,129,102,110,39,71,1,0,1,1177,434,743,70,29,41,169,75,94,48,28,20
198835,Graduate student,986,273,713,3,0,3,11,1,10,100,31,69,36,8,28,0,0,0,624,174,450,22,3,19,180,49,131,10,7,3
198844,Total students enrolled for credit,258,8,250,2,0,2,5,1,4,53,1,52,19,1,18,1,0,1,175,5,170,3,0,3,0,0,0,0,0,0
198844,Undergraduate students,258,8,250,2,0,2,5,1,4,53,1,52,19,1,18,1,0,1,175,5,170,3,0,3,0,0,0,0,0,0
198862,Total students enrolled for credit,1293,666,627,3,2,1,0,0,0,1031,541,490,26,15,11,1,0,1,9,7,2,32,17,15,176,73,103,15,11,4
198862,Undergraduate students,1293,666,627,3,2,1,0,0,0,1031,541,490,26,15,11,1,0,1,9,7,2,32,17,15,176,73,103,15,11,4
198871,Total students enrolled for credit,860,569,291,5,4,1,6,3,3,490,329,161,2,0,2,2,0,2,187,123,64,54,39,15,114,71,43,0,0,0
198871,Undergraduate students,860,569,291,5,4,1,6,3,3,490,329,161,2,0,2,2,0,2,187,123,64,54,39,15,114,71,43,0,0,0
198899,Total students enrolled for credit,1451,677,774,18,11,7,22,7,15,279,160,119,75,35,40,2,0,2,924,389,535,28,12,16,49,20,29,54,43,11
198899,Undergraduate students,1446,676,770,18,11,7,22,7,15,277,160,117,74,34,40,2,0,2,922,389,533,28,12,16,49,20,29,54,43,11
198899,Graduate student,5,1,4,0,0,0,0,0,0,2,0,2,1,1,0,0,0,0,2,0,2,0,0,0,0,0,0,0,0,0
198905,Total students enrolled for credit,1072,383,689,3,1,2,6,3,3,233,76,157,29,10,19,0,0,0,416,173,243,0,0,0,384,119,265,1,1,0
198905,Undergraduate students,1072,383,689,3,1,2,6,3,3,233,76,157,29,10,19,0,0,0,416,173,243,0,0,0,384,119,265,1,1,0
198914,Total students enrolled for credit,1659,687,972,19,11,8,4,1,3,11,6,5,73,30,43,1,1,0,1397,576,821,2,1,1,142,54,88,10,7,3
198914,Undergraduate students,1659,687,972,19,11,8,4,1,3,11,6,5,73,30,43,1,1,0,1397,576,821,2,1,1,142,54,88,10,7,3
198923,Total students enrolled for credit,1657,612,1045,12,4,8,29,8,21,51,12,39,108,37,71,2,1,1,1426,539,887,5,0,5,21,9,12,3,2,1
198923,Undergraduate students,1657,612,1045,12,4,8,29,8,21,51,12,39,108,37,71,2,1,1,1426,539,887,5,0,5,21,9,12,3,2,1
198950,Total students enrolled for credit,2143,57,2086,15,2,13,69,4,65,203,4,199,89,0,89,3,1,2,1490,39,1451,72,2,70,164,4,160,38,1,37
198950,Undergraduate students,1789,6,1783,13,0,13,57,0,57,154,0,154,85,0,85,1,0,1,1272,6,1266,66,0,66,107,0,107,34,0,34
198950,Graduate student,354,51,303,2,2,0,12,4,8,49,4,45,4,0,4,2,1,1,218,33,185,6,2,4,57,4,53,4,1,3
198969,Total students enrolled for credit,2761,1437,1324,31,10,21,40,17,23,455,247,208,197,80,117,6,2,4,1211,643,568,94,44,50,492,259,233,235,135,100
198969,Undergraduate students,2461,1312,1149,20,6,14,29,14,15,431,239,192,183,76,107,6,2,4,1040,574,466,86,41,45,443,229,214,223,131,92
198969,Graduate student,300,125,175,11,4,7,11,3,8,24,8,16,14,4,10,0,0,0,171,69,102,8,3,5,49,30,19,12,4,8
198978,Total students enrolled for credit,5625,876,4749,117,12,105,24,6,18,3578,561,3017,136,24,112,12,1,11,1527,246,1281,65,6,59,164,20,144,2,0,2
198978,Undergraduate students,5625,876,4749,117,12,105,24,6,18,3578,561,3017,136,24,112,12,1,11,1527,246,1281,65,6,59,164,20,144,2,0,2
198987,Total students enrolled for credit,4177,1551,2626,35,13,22,101,43,58,514,172,342,385,145,240,4,1,3,2962,1106,1856,85,35,50,63,25,38,28,11,17
198987,Undergraduate students,4177,1551,2626,35,13,22,101,43,58,514,172,342,385,145,240,4,1,3,2962,1106,1856,85,35,50,63,25,38,28,11,17
199005,Total students enrolled for credit,10,0,10,0,0,0,0,0,0,5,0,5,1,0,1,0,0,0,4,0,4,0,0,0,0,0,0,0,0,0
199005,Undergraduate students,10,0,10,0,0,0,0,0,0,5,0,5,1,0,1,0,0,0,4,0,4,0,0,0,0,0,0,0,0,0
199023,Total students enrolled for credit,1083,404,679,11,5,6,10,1,9,192,43,149,155,56,99,1,0,1,683,292,391,14,6,8,13,0,13,4,1,3
199023,Undergraduate students,1083,404,679,11,5,6,10,1,9,192,43,149,155,56,99,1,0,1,683,292,391,14,6,8,13,0,13,4,1,3
199032,Total students enrolled for credit,1094,467,627,13,5,8,8,4,4,201,66,135,31,18,13,4,2,2,713,298,415,19,10,9,71,35,36,34,29,5
199032,Undergraduate students,865,408,457,12,5,7,8,4,4,128,55,73,30,18,12,3,2,1,575,255,320,18,10,8,63,34,29,28,25,3
199032,Graduate student,229,59,170,1,0,1,0,0,0,73,11,62,1,0,1,1,0,1,138,43,95,1,0,1,8,1,7,6,4,2
199069,Total students enrolled for credit,4307,1416,2891,29,12,17,26,7,19,1175,275,900,137,49,88,5,2,3,2132,731,1401,279,99,180,394,165,229,130,76,54
199069,Undergraduate students,4027,1327,2700,29,12,17,24,7,17,1096,259,837,133,47,86,5,2,3,1973,670,1303,261,95,166,377,160,217,129,75,54
199069,Graduate student,280,89,191,0,0,0,2,0,2,79,16,63,4,2,2,0,0,0,159,61,98,18,4,14,17,5,12,1,1,0
199078,Total students enrolled for credit,283,32,251,0,0,0,2,1,1,101,15,86,10,1,9,0,0,0,167,15,152,3,0,3,0,0,0,0,0,0
199078,Undergraduate students,283,32,251,0,0,0,2,1,1,101,15,86,10,1,9,0,0,0,167,15,152,3,0,3,0,0,0,0,0,0
199087,Total students enrolled for credit,4435,2000,2435,81,39,42,51,23,28,1466,470,996,213,89,124,10,6,4,2430,1286,1144,97,51,46,46,22,24,41,14,27
199087,Undergraduate students,4435,2000,2435,81,39,42,51,23,28,1466,470,996,213,89,124,10,6,4,2430,1286,1144,97,51,46,46,22,24,41,14,27
199102,Total students enrolled for credit,12566,5576,6990,34,17,17,149,86,63,9549,4006,5543,450,184,266,1,0,1,930,569,361,427,166,261,577,244,333,449,304,145
199102,Undergraduate students,10808,4812,5996,29,13,16,113,68,45,8555,3637,4918,361,155,206,1,0,1,688,435,253,403,158,245,492,219,273,166,127,39
199102,Graduate student,1758,764,994,5,4,1,36,18,18,994,369,625,89,29,60,0,0,0,242,134,108,24,8,16,85,25,60,283,177,106
199111,Total students enrolled for credit,4461,1899,2562,28,9,19,81,26,55,199,84,115,255,114,141,1,0,1,3494,1510,1984,187,68,119,155,63,92,61,25,36
199111,Undergraduate students,4429,1882,2547,28,9,19,80,26,54,196,82,114,255,114,141,1,0,1,3468,1495,1973,186,68,118,154,63,91,61,25,36
199111,Graduate student,32,17,15,0,0,0,1,0,1,3,2,1,0,0,0,0,0,0,26,15,11,1,0,1,1,0,1,0,0,0
199120,Total students enrolled for credit,31720,13647,18073,138,63,75,2841,1289,1552,2545,904,1641,2136,837,1299,44,22,22,19391,8453,10938,1664,662,1002,1175,497,678,1786,920,866
199120,Undergraduate students,19429,8119,11310,103,48,55,1970,905,1065,1626,566,1060,1484,578,906,16,7,9,12139,5127,7012,862,358,504,737,297,440,492,233,259
199120,Graduate student,12291,5528,6763,35,15,20,871,384,487,919,338,581,652,259,393,28,15,13,7252,3326,3926,802,304,498,438,200,238,1294,687,607
199139,Total students enrolled for credit,33351,16925,16426,94,47,47,1834,982,852,5228,2119,3109,2744,1285,1459,36,23,13,18847,9811,9036,1212,556,656,814,419,395,2542,1683,859
199139,Undergraduate students,26758,14047,12711,84,44,40,1637,877,760,4412,1914,2498,2459,1181,1278,34,22,12,15484,8519,6965,1102,512,590,693,373,320,853,605,248
199139,Graduate student,6593,2878,3715,10,3,7,197,105,92,816,205,611,285,104,181,2,1,1,3363,1292,2071,110,44,66,121,46,75,1689,1078,611
199148,Total students enrolled for credit,22138,7412,14726,83,31,52,1059,436,623,5605,1541,4064,1598,539,1059,17,7,10,11562,3996,7566,882,287,595,555,189,366,777,386,391
199148,Undergraduate students,18091,6192,11899,72,28,44,969,406,563,4929,1395,3534,1421,490,931,15,6,9,9078,3235,5843,805,268,537,335,119,216,467,245,222
199148,Graduate student,4047,1220,2827,11,3,8,90,30,60,676,146,530,177,49,128,2,1,1,2484,761,1723,77,19,58,220,70,150,310,141,169
199157,Total students enrolled for credit,9263,3091,6172,30,8,22,130,50,80,6890,2233,4657,469,171,298,3,0,3,1083,416,667,391,127,264,225,65,160,42,21,21
199157,Undergraduate students,7218,2470,4748,25,7,18,91,37,54,5576,1872,3704,396,148,248,2,0,2,585,234,351,326,104,222,200,60,140,17,8,9
199157,Graduate student,2045,621,1424,5,1,4,39,13,26,1314,361,953,73,23,50,1,0,1,498,182,316,65,23,42,25,5,20,25,13,12
199184,Total students enrolled for credit,1070,529,541,7,6,1,22,9,13,98,51,47,75,34,41,1,1,0,770,378,392,45,22,23,20,13,7,32,15,17
199184,Undergraduate students,934,464,470,7,6,1,20,8,12,87,45,42,64,29,35,1,1,0,680,336,344,41,20,21,17,12,5,17,7,10
199184,Graduate student,136,65,71,0,0,0,2,1,1,11,6,5,11,5,6,0,0,0,90,42,48,4,2,2,3,1,2,15,8,7
199193,Total students enrolled for credit,38431,20736,17695,133,78,55,2085,1057,1028,2410,1001,1409,1628,789,839,26,12,14,24499,13324,11175,1167,562,605,1968,915,1053,4515,2998,1517
199193,Undergraduate students,26961,14523,12438,103,63,40,1647,845,802,1637,733,904,1234,602,632,20,10,10,18517,10285,8232,1006,492,514,1536,714,822,1261,779,482
199193,Graduate student,11470,6213,5257,30,15,15,438,212,226,773,268,505,394,187,207,6,2,4,5982,3039,2943,161,70,91,432,201,231,3254,2219,1035
199209,Total students enrolled for credit,2542,1015,1527,33,12,21,17,8,9,1120,360,760,71,24,47,2,0,2,838,369,469,50,24,26,306,145,161,105,73,32
199209,Undergraduate students,2542,1015,1527,33,12,21,17,8,9,1120,360,760,71,24,47,2,0,2,838,369,469,50,24,26,306,145,161,105,73,32
199218,Total students enrolled for credit,18287,6785,11502,107,33,74,367,144,223,1027,379,648,1197,449,748,18,5,13,14120,5253,8867,593,210,383,597,201,396,261,111,150
199218,Undergraduate students,16060,6105,9955,86,26,60,333,134,199,798,319,479,1103,429,674,16,5,11,12428,4727,7701,552,201,351,545,186,359,199,78,121
199218,Graduate student,2227,680,1547,21,7,14,34,10,24,229,60,169,94,20,74,2,0,2,1692,526,1166,41,9,32,52,15,37,62,33,29
199263,Total students enrolled for credit,704,325,379,11,9,2,7,3,4,206,101,105,38,26,12,1,0,1,408,167,241,0,0,0,33,19,14,0,0,0
199263,Undergraduate students,704,325,379,11,9,2,7,3,4,206,101,105,38,26,12,1,0,1,408,167,241,0,0,0,33,19,14,0,0,0
199272,Total students enrolled for credit,1138,467,671,15,8,7,19,8,11,362,121,241,78,42,36,2,1,1,519,230,289,20,7,13,121,50,71,2,0,2
199272,Undergraduate students,1138,467,671,15,8,7,19,8,11,362,121,241,78,42,36,2,1,1,519,230,289,20,7,13,121,50,71,2,0,2
199281,Total students enrolled for credit,7389,2726,4663,1086,317,769,134,63,71,2515,979,1536,360,136,224,6,3,3,2871,1083,1788,189,69,120,155,43,112,73,33,40
199281,Undergraduate students,6379,2446,3933,963,296,667,122,58,64,2188,890,1298,331,125,206,5,3,2,2386,937,1449,165,63,102,150,43,107,69,31,38
199281,Graduate student,1010,280,730,123,21,102,12,5,7,327,89,238,29,11,18,1,0,1,485,146,339,24,6,18,5,0,5,4,2,2
199306,Total students enrolled for credit,1722,644,1078,10,5,5,29,8,21,437,156,281,83,44,39,3,3,0,884,324,560,34,12,22,191,61,130,51,31,20
199306,Undergraduate students,947,422,525,5,2,3,11,4,7,213,111,102,56,34,22,2,2,0,530,212,318,24,9,15,73,25,48,33,23,10
199306,Graduate student,775,222,553,5,3,2,18,4,14,224,45,179,27,10,17,1,1,0,354,112,242,10,3,7,118,36,82,18,8,10
199324,Total students enrolled for credit,1700,668,1032,15,5,10,8,3,5,482,165,317,73,33,40,1,0,1,1053,434,619,28,12,16,33,13,20,7,3,4
199324,Undergraduate students,1700,668,1032,15,5,10,8,3,5,482,165,317,73,33,40,1,0,1,1053,434,619,28,12,16,33,13,20,7,3,4
199333,Total students enrolled for credit,12146,4757,7389,108,47,61,140,63,77,4362,1481,2881,692,306,386,17,8,9,5642,2394,3248,113,42,71,919,323,596,153,93,60
199333,Undergraduate students,12146,4757,7389,108,47,61,140,63,77,4362,1481,2881,692,306,386,17,8,9,5642,2394,3248,113,42,71,919,323,596,153,93,60
199412,Total students enrolled for credit,2869,826,2043,14,4,10,48,14,34,537,130,407,179,48,131,4,0,4,1492,412,1080,192,49,143,221,65,156,182,104,78
199412,Undergraduate students,1906,566,1340,12,2,10,35,11,24,310,83,227,143,36,107,3,0,3,1010,282,728,108,31,77,143,42,101,142,79,63
199412,Graduate student,963,260,703,2,2,0,13,3,10,227,47,180,36,12,24,1,0,1,482,130,352,84,18,66,78,23,55,40,25,15
199421,Total students enrolled for credit,3598,1297,2301,18,9,9,27,9,18,200,47,153,458,165,293,3,0,3,2233,792,1441,28,9,19,533,222,311,98,44,54
199421,Undergraduate students,3598,1297,2301,18,9,9,27,9,18,200,47,153,458,165,293,3,0,3,2233,792,1441,28,9,19,533,222,311,98,44,54
199449,Total students enrolled for credit,3496,1238,2258,273,91,182,30,13,17,889,270,619,119,43,76,2,2,0,1339,455,884,74,24,50,761,336,425,9,4,5
199449,Undergraduate students,3496,1238,2258,273,91,182,30,13,17,889,270,619,119,43,76,2,2,0,1339,455,884,74,24,50,761,336,425,9,4,5
199458,Total students enrolled for credit,195,90,105,1,0,1,3,2,1,47,27,20,8,3,5,0,0,0,131,56,75,5,2,3,0,0,0,0,0,0
199458,Undergraduate students,195,90,105,1,0,1,3,2,1,47,27,20,8,3,5,0,0,0,131,56,75,5,2,3,0,0,0,0,0,0
199467,Total students enrolled for credit,1151,367,784,11,4,7,6,3,3,619,171,448,18,5,13,0,0,0,401,143,258,5,3,2,90,38,52,1,0,1
199467,Undergraduate students,1151,367,784,11,4,7,6,3,3,619,171,448,18,5,13,0,0,0,401,143,258,5,3,2,90,38,52,1,0,1
199476,Total students enrolled for credit,2743,855,1888,1239,373,866,14,7,7,582,154,428,209,86,123,5,0,5,554,187,367,103,37,66,30,8,22,7,3,4
199476,Undergraduate students,2743,855,1888,1239,373,866,14,7,7,582,154,428,209,86,123,5,0,5,554,187,367,103,37,66,30,8,22,7,3,4
199485,Total students enrolled for credit,2299,893,1406,8,4,4,14,6,8,374,130,244,150,55,95,5,2,3,1633,651,982,104,42,62,11,3,8,0,0,0
199485,Undergraduate students,2299,893,1406,8,4,4,14,6,8,374,130,244,150,55,95,5,2,3,1633,651,982,104,42,62,11,3,8,0,0,0
199494,Total students enrolled for credit,7579,2805,4774,37,17,20,131,51,80,1467,428,1039,745,269,476,9,1,8,4763,1859,2904,212,88,124,109,46,63,106,46,60
199494,Undergraduate students,7579,2805,4774,37,17,20,131,51,80,1467,428,1039,745,269,476,9,1,8,4763,1859,2904,212,88,124,109,46,63,106,46,60
199582,Total students enrolled for credit,1032,575,457,6,3,3,1,0,1,922,514,408,11,7,4,0,0,0,15,10,5,0,0,0,63,33,30,14,8,6
199582,Undergraduate students,1032,575,457,6,3,3,1,0,1,922,514,408,11,7,4,0,0,0,15,10,5,0,0,0,63,33,30,14,8,6
199607,Total students enrolled for credit,1144,43,1101,5,0,5,22,0,22,258,5,253,108,4,104,0,0,0,662,31,631,31,0,31,48,3,45,10,0,10
199607,Undergraduate students,968,26,942,5,0,5,22,0,22,207,1,206,104,3,101,0,0,0,559,21,538,31,0,31,32,1,31,8,0,8
199607,Graduate student,176,17,159,0,0,0,0,0,0,51,4,47,4,1,3,0,0,0,103,10,93,0,0,0,16,2,14,2,0,2
199625,Total students enrolled for credit,2083,675,1408,43,15,28,14,3,11,432,99,333,468,157,311,1,1,0,1049,373,676,41,16,25,10,5,5,25,6,19
199625,Undergraduate students,2083,675,1408,43,15,28,14,3,11,432,99,333,468,157,311,1,1,0,1049,373,676,41,16,25,10,5,5,25,6,19
199634,Total students enrolled for credit,5142,1900,3242,172,45,127,65,21,44,941,309,632,534,187,347,6,2,4,3077,1207,1870,192,64,128,136,59,77,19,6,13
199634,Undergraduate students,5142,1900,3242,172,45,127,65,21,44,941,309,632,534,187,347,6,2,4,3077,1207,1870,192,64,128,136,59,77,19,6,13
199643,Total students enrolled for credit,2020,874,1146,5,3,2,3,2,1,1437,594,843,7,2,5,6,2,4,20,6,14,39,8,31,460,228,232,43,29,14
199643,Undergraduate students,1871,814,1057,5,3,2,3,2,1,1315,549,766,6,2,4,6,2,4,20,6,14,39,8,31,436,215,221,41,27,14
199643,Graduate student,149,60,89,0,0,0,0,0,0,122,45,77,1,0,1,0,0,0,0,0,0,0,0,0,24,13,11,2,2,0
199670,Total students enrolled for credit,185,96,89,1,0,1,2,1,1,147,82,65,31,9,22,0,0,0,3,3,0,1,1,0,0,0,0,0,0,0
199670,Undergraduate students,185,96,89,1,0,1,2,1,1,147,82,65,31,9,22,0,0,0,3,3,0,1,1,0,0,0,0,0,0,0
199689,Total students enrolled for credit,260,16,244,10,4,6,2,0,2,72,4,68,29,3,26,0,0,0,120,4,116,27,1,26,0,0,0,0,0,0
199689,Undergraduate students,260,16,244,10,4,6,2,0,2,72,4,68,29,3,26,0,0,0,120,4,116,27,1,26,0,0,0,0,0,0
199698,Total students enrolled for credit,836,418,418,9,4,5,5,2,3,150,109,41,18,12,6,0,0,0,391,155,236,17,10,7,129,46,83,117,80,37
199698,Undergraduate students,784,389,395,8,4,4,5,2,3,143,103,40,18,12,6,0,0,0,353,137,216,17,10,7,129,46,83,111,75,36
199698,Graduate student,52,29,23,1,0,1,0,0,0,7,6,1,0,0,0,0,0,0,38,18,20,0,0,0,0,0,0,6,5,1
199722,Total students enrolled for credit,2043,624,1419,131,33,98,6,1,5,456,100,356,95,37,58,3,1,2,1258,419,839,43,17,26,41,11,30,10,5,5
199722,Undergraduate students,2043,624,1419,131,33,98,6,1,5,456,100,356,95,37,58,3,1,2,1258,419,839,43,17,26,41,11,30,10,5,5
199731,Total students enrolled for credit,3084,1212,1872,236,77,159,35,14,21,53,27,26,222,102,120,3,2,1,2412,938,1474,74,27,47,23,13,10,26,12,14
199731,Undergraduate students,3084,1212,1872,236,77,159,35,14,21,53,27,26,222,102,120,3,2,1,2412,938,1474,74,27,47,23,13,10,26,12,14
199740,Total students enrolled for credit,3961,1221,2740,31,17,14,104,49,55,663,141,522,122,29,93,8,3,5,2656,843,1813,68,21,47,261,104,157,48,14,34
199740,Undergraduate students,3961,1221,2740,31,17,14,104,49,55,663,141,522,122,29,93,8,3,5,2656,843,1813,68,21,47,261,104,157,48,14,34
199759,Total students enrolled for credit,3182,2582,600,15,13,2,93,75,18,167,133,34,146,124,22,0,0,0,2636,2129,507,0,0,0,66,55,11,59,53,6
199759,Undergraduate students,475,326,149,2,1,1,15,10,5,31,27,4,14,10,4,0,0,0,398,269,129,0,0,0,13,7,6,2,2,0
199759,Graduate student,2707,2256,451,13,12,1,78,65,13,136,106,30,132,114,18,0,0,0,2238,1860,378,0,0,0,53,48,5,57,51,6
199768,Total students enrolled for credit,4142,1635,2507,13,8,5,30,8,22,124,41,83,609,218,391,2,1,1,3239,1301,1938,56,30,26,57,22,35,12,6,6
199768,Undergraduate students,4142,1635,2507,13,8,5,30,8,22,124,41,83,609,218,391,2,1,1,3239,1301,1938,56,30,26,57,22,35,12,6,6
199786,Total students enrolled for credit,6373,2319,4054,38,16,22,112,47,65,1240,359,881,796,283,513,6,1,5,3696,1445,2251,204,64,140,124,44,80,157,60,97
199786,Undergraduate students,6373,2319,4054,38,16,22,112,47,65,1240,359,881,796,283,513,6,1,5,3696,1445,2251,204,64,140,124,44,80,157,60,97
199795,Total students enrolled for credit,1617,664,953,33,12,21,12,8,4,19,9,10,41,17,24,1,0,1,1493,607,886,11,8,3,6,2,4,1,1,0
199795,Undergraduate students,1617,664,953,33,12,21,12,8,4,19,9,10,41,17,24,1,0,1,1493,607,886,11,8,3,6,2,4,1,1,0
199838,Total students enrolled for credit,4049,1376,2673,50,19,31,41,18,23,1333,361,972,282,109,173,7,3,4,2052,759,1293,84,31,53,166,61,105,34,15,19
199838,Undergraduate students,4049,1376,2673,50,19,31,41,18,23,1333,361,972,282,109,173,7,3,4,2052,759,1293,84,31,53,166,61,105,34,15,19
199847,Total students enrolled for credit,8478,3947,4531,25,12,13,370,182,188,755,345,410,475,208,267,7,4,3,5799,2729,3070,182,88,94,109,50,59,756,329,427
199847,Undergraduate students,5068,2412,2656,8,2,6,206,103,103,354,184,170,334,146,188,3,3,0,3530,1691,1839,145,69,76,24,8,16,464,206,258
199847,Graduate student,3410,1535,1875,17,10,7,164,79,85,401,161,240,141,62,79,4,1,3,2269,1038,1231,37,19,18,85,42,43,292,123,169
199856,Total students enrolled for credit,29723,13257,16466,140,61,79,1212,569,643,7313,2618,4695,3277,1337,1940,45,21,24,14966,7407,7559,988,446,542,883,400,483,899,398,501
199856,Undergraduate students,29723,13257,16466,140,61,79,1212,569,643,7313,2618,4695,3277,1337,1940,45,21,24,14966,7407,7559,988,446,542,883,400,483,899,398,501
199865,Total students enrolled for credit,785,297,488,11,5,6,18,2,16,46,17,29,64,18,46,0,0,0,577,221,356,17,8,9,33,15,18,19,11,8
199865,Undergraduate students,695,270,425,11,5,6,7,1,6,42,17,25,59,16,43,0,0,0,510,197,313,15,8,7,33,15,18,18,11,7
199865,Graduate student,90,27,63,0,0,0,11,1,10,4,0,4,5,2,3,0,0,0,67,24,43,2,0,2,0,0,0,1,0,1
199883,Total students enrolled for credit,196,16,180,1,0,1,6,2,4,32,1,31,6,0,6,0,0,0,142,13,129,6,0,6,3,0,3,0,0,0
199883,Undergraduate students,196,16,180,1,0,1,6,2,4,32,1,31,6,0,6,0,0,0,142,13,129,6,0,6,3,0,3,0,0,0
199892,Total students enrolled for credit,4264,1719,2545,26,13,13,95,39,56,966,337,629,548,227,321,4,1,3,2515,1060,1455,72,26,46,38,16,22,0,0,0
199892,Undergraduate students,4264,1719,2545,26,13,13,95,39,56,966,337,629,548,227,321,4,1,3,2515,1060,1455,72,26,46,38,16,22,0,0,0
199908,Total students enrolled for credit,2722,1124,1598,15,8,7,190,91,99,175,74,101,158,62,96,5,3,2,2171,881,1290,0,0,0,6,3,3,2,2,0
199908,Undergraduate students,2722,1124,1598,15,8,7,190,91,99,175,74,101,158,62,96,5,3,2,2171,881,1290,0,0,0,6,3,3,2,2,0
199926,Total students enrolled for credit,3346,1486,1860,7,4,3,12,6,6,85,38,47,280,122,158,1,1,0,2859,1271,1588,58,24,34,33,17,16,11,3,8
199926,Undergraduate students,3346,1486,1860,7,4,3,12,6,6,85,38,47,280,122,158,1,1,0,2859,1271,1588,58,24,34,33,17,16,11,3,8
199953,Total students enrolled for credit,2795,900,1895,23,10,13,22,13,9,1064,274,790,235,85,150,3,1,2,1215,434,781,1,0,1,179,63,116,53,20,33
199953,Undergraduate students,2795,900,1895,23,10,13,22,13,9,1064,274,790,235,85,150,3,1,2,1215,434,781,1,0,1,179,63,116,53,20,33
199962,Total students enrolled for credit,3409,1348,2061,21,6,15,75,17,58,477,220,257,101,36,65,2,2,0,1960,707,1253,155,62,93,453,201,252,165,97,68
199962,Undergraduate students,2173,861,1312,13,4,9,28,10,18,325,151,174,87,26,61,1,1,0,1331,483,848,141,59,82,107,46,61,140,81,59
199962,Graduate student,1236,487,749,8,2,6,47,7,40,152,69,83,14,10,4,1,1,0,629,224,405,14,3,11,346,155,191,25,16,9
199971,Total students enrolled for credit,74,47,27,0,0,0,0,0,0,74,47,27,0,0,0,0,0,0,0,0,0,0,0,0,0,0,0,0,0,0
199971,Undergraduate students,44,25,19,0,0,0,0,0,0,44,25,19,0,0,0,0,0,0,0,0,0,0,0,0,0,0,0,0,0,0
199971,Graduate student,30,22,8,0,0,0,0,0,0,30,22,8,0,0,0,0,0,0,0,0,0,0,0,0,0,0,0,0,0,0
199980,Total students enrolled for credit,117,99,18,0,0,0,0,0,0,77,66,11,5,4,1,0,0,0,34,28,6,1,1,0,0,0,0,0,0,0
199980,Undergraduate students,117,99,18,0,0,0,0,0,0,77,66,11,5,4,1,0,0,0,34,28,6,1,1,0,0,0,0,0,0,0
199999,Total students enrolled for credit,5884,1640,4244,26,7,19,52,20,32,3982,1178,2804,190,47,143,4,3,1,1179,276,903,217,49,168,146,35,111,88,25,63
199999,Undergraduate students,5425,1517,3908,25,7,18,45,16,29,3806,1138,2668,175,43,132,4,3,1,977,221,756,213,49,164,104,21,83,76,19,57
199999,Graduate student,459,123,336,1,0,1,7,4,3,176,40,136,15,4,11,0,0,0,202,55,147,4,0,4,42,14,28,12,6,6
200004,Total students enrolled for credit,12280,5250,7030,95,44,51,145,63,82,834,386,448,711,316,395,14,11,3,9531,4030,5501,457,199,258,138,60,78,355,141,214
200004,Undergraduate students,10260,4588,5672,77,36,41,127,58,69,670,329,341,619,280,339,11,10,1,7942,3512,4430,414,183,231,137,59,78,263,121,142
200004,Graduate student,2020,662,1358,18,8,10,18,5,13,164,57,107,92,36,56,3,1,2,1589,518,1071,43,16,27,1,1,0,92,20,72
200013,Total students enrolled for credit,900,228,672,32,5,27,13,4,9,47,17,30,5,3,2,0,0,0,683,156,527,6,4,2,114,39,75,0,0,0
200013,Undergraduate students,900,228,672,32,5,27,13,4,9,47,17,30,5,3,2,0,0,0,683,156,527,6,4,2,114,39,75,0,0,0
200022,Total students enrolled for credit,5067,2845,2222,82,45,37,31,14,17,165,115,50,169,107,62,9,6,3,4371,2428,1943,131,73,58,92,45,47,17,12,5
200022,Undergraduate students,5067,2845,2222,82,45,37,31,14,17,165,115,50,169,107,62,9,6,3,4371,2428,1943,131,73,58,92,45,47,17,12,5
200059,Total students enrolled for credit,1710,692,1018,14,3,11,12,3,9,69,48,21,93,34,59,7,6,1,1335,515,820,50,24,26,34,12,22,96,47,49
200059,Undergraduate students,1705,691,1014,14,3,11,12,3,9,69,48,21,93,34,59,7,6,1,1331,514,817,50,24,26,34,12,22,95,47,48
200059,Graduate student,5,1,4,0,0,0,0,0,0,0,0,0,0,0,0,0,0,0,4,1,3,0,0,0,0,0,0,1,0,1
200086,Total students enrolled for credit,381,143,238,314,115,199,2,2,0,7,5,2,4,1,3,2,1,1,28,7,21,18,8,10,6,4,2,0,0,0
200086,Undergraduate students,381,143,238,314,115,199,2,2,0,7,5,2,4,1,3,2,1,1,28,7,21,18,8,10,6,4,2,0,0,0
200110,Total students enrolled for credit,81,2,79,3,0,3,5,0,5,4,0,4,6,0,6,0,0,0,61,2,59,0,0,0,2,0,2,0,0,0
200110,Undergraduate students,81,2,79,3,0,3,5,0,5,4,0,4,6,0,6,0,0,0,61,2,59,0,0,0,2,0,2,0,0,0
200129,Total students enrolled for credit,70,6,64,2,0,2,1,0,1,10,4,6,6,0,6,0,0,0,51,2,49,0,0,0,0,0,0,0,0,0
200129,Undergraduate students,70,6,64,2,0,2,1,0,1,10,4,6,6,0,6,0,0,0,51,2,49,0,0,0,0,0,0,0,0,0
200156,Total students enrolled for credit,1300,621,679,14,5,9,17,7,10,66,50,16,73,36,37,10,5,5,1027,454,573,1,0,1,1,1,0,91,63,28
200156,Undergraduate students,1074,535,539,12,5,7,13,5,8,62,47,15,71,34,37,10,5,5,815,377,438,1,0,1,1,1,0,89,61,28
200156,Graduate student,226,86,140,2,0,2,4,2,2,4,3,1,2,2,0,0,0,0,212,77,135,0,0,0,0,0,0,2,2,0
200165,Total students enrolled for credit,60,1,59,1,0,1,0,0,0,2,0,2,0,0,0,0,0,0,55,1,54,0,0,0,2,0,2,0,0,0
200165,Undergraduate students,60,1,59,1,0,1,0,0,0,2,0,2,0,0,0,0,0,0,55,1,54,0,0,0,2,0,2,0,0,0
200192,Total students enrolled for credit,2866,1333,1533,77,24,53,23,10,13,109,64,45,100,43,57,5,0,5,2279,1029,1250,107,51,56,56,35,21,110,77,33
200192,Undergraduate students,2866,1333,1533,77,24,53,23,10,13,109,64,45,100,43,57,5,0,5,2279,1029,1250,107,51,56,56,35,21,110,77,33
200208,Total students enrolled for credit,286,119,167,259,111,148,0,0,0,0,0,0,2,1,1,0,0,0,23,6,17,1,0,1,1,1,0,0,0,0
200208,Undergraduate students,286,119,167,259,111,148,0,0,0,0,0,0,2,1,1,0,0,0,23,6,17,1,0,1,1,1,0,0,0,0
200217,Total students enrolled for credit,4107,1514,2593,96,30,66,59,29,30,93,55,38,156,57,99,10,5,5,3179,1114,2065,118,41,77,356,157,199,40,26,14
200217,Undergraduate students,2694,990,1704,36,16,20,40,17,23,52,30,22,114,40,74,6,4,2,2166,762,1404,82,33,49,179,78,101,19,10,9
200217,Graduate student,1413,524,889,60,14,46,19,12,7,41,25,16,42,17,25,4,1,3,1013,352,661,36,8,28,177,79,98,21,16,5
200226,Total students enrolled for credit,1540,617,923,30,6,24,11,4,7,112,94,18,88,40,48,7,5,2,1168,404,764,44,22,22,28,15,13,52,27,25
200226,Undergraduate students,1514,611,903,29,6,23,11,4,7,111,93,18,88,40,48,7,5,2,1145,399,746,44,22,22,28,15,13,51,27,24
200226,Graduate student,26,6,20,1,0,1,0,0,0,1,1,0,0,0,0,0,0,0,23,5,18,0,0,0,0,0,0,1,0,1
200253,Total students enrolled for credit,4089,1691,2398,69,24,45,88,46,42,277,183,94,302,154,148,15,5,10,2738,1010,1728,171,71,100,73,30,43,356,168,188
200253,Undergraduate students,3752,1572,2180,64,24,40,79,40,39,262,172,90,293,148,145,15,5,10,2522,945,1577,162,67,95,67,27,40,288,144,144
200253,Graduate student,337,119,218,5,0,5,9,6,3,15,11,4,9,6,3,0,0,0,216,65,151,9,4,5,6,3,3,68,24,44
200262,Total students enrolled for credit,8,4,4,2,0,2,0,0,0,2,1,1,0,0,0,0,0,0,4,3,1,0,0,0,0,0,0,0,0,0
200262,Undergraduate students,8,4,4,2,0,2,0,0,0,2,1,1,0,0,0,0,0,0,4,3,1,0,0,0,0,0,0,0,0,0
200280,Total students enrolled for credit,18104,9504,8600,275,105,170,369,206,163,478,312,166,636,348,288,23,16,7,13859,6966,6893,527,291,236,457,239,218,1480,1021,459
200280,Undergraduate students,13957,7960,5997,194,80,114,307,181,126,376,266,110,515,301,214,19,15,4,10732,5888,4844,436,254,182,318,176,142,1060,799,261
200280,Graduate student,4147,1544,2603,81,25,56,62,25,37,102,46,56,121,47,74,4,1,3,3127,1078,2049,91,37,54,139,63,76,420,222,198
200305,Total students enrolled for credit,3683,2006,1677,21,5,16,42,12,30,269,179,90,69,29,40,1,0,1,3065,1674,1391,111,56,55,54,27,27,51,24,27
200305,Undergraduate students,3683,2006,1677,21,5,16,42,12,30,269,179,90,69,29,40,1,0,1,3065,1674,1391,111,56,55,54,27,27,51,24,27
200314,Total students enrolled for credit,1070,504,566,50,19,31,5,0,5,87,68,19,55,30,25,4,3,1,709,279,430,56,27,29,62,47,15,42,31,11
200314,Undergraduate students,1070,504,566,50,19,31,5,0,5,87,68,19,55,30,25,4,3,1,709,279,430,56,27,29,62,47,15,42,31,11
200332,Total students enrolled for credit,15816,8355,7461,129,45,84,257,131,126,493,303,190,322,141,181,12,9,3,12806,6742,6064,391,191,200,440,194,246,966,599,367
200332,Undergraduate students,12915,6952,5963,94,34,60,184,95,89,437,264,173,286,128,158,9,7,2,11025,5962,5063,362,179,183,225,122,103,293,161,132
200332,Graduate student,2901,1403,1498,35,11,24,73,36,37,56,39,17,36,13,23,3,2,1,1781,780,1001,29,12,17,215,72,143,673,438,235
200341,Total students enrolled for credit,1498,558,940,33,14,19,13,4,9,51,13,38,111,40,71,2,1,1,1119,410,709,77,29,48,48,21,27,44,26,18
200341,Undergraduate students,1498,558,940,33,14,19,13,4,9,51,13,38,111,40,71,2,1,1,1119,410,709,77,29,48,48,21,27,44,26,18
200387,Total students enrolled for credit,53,2,51,1,0,1,0,0,0,0,0,0,1,0,1,1,0,1,45,2,43,0,0,0,5,0,5,0,0,0
200387,Undergraduate students,53,2,51,1,0,1,0,0,0,0,0,0,1,0,1,1,0,1,45,2,43,0,0,0,5,0,5,0,0,0
200466,Total students enrolled for credit,448,173,275,409,158,251,0,0,0,1,1,0,4,4,0,0,0,0,34,10,24,0,0,0,0,0,0,0,0,0
200466,Undergraduate students,444,170,274,406,156,250,0,0,0,1,1,0,4,4,0,0,0,0,33,9,24,0,0,0,0,0,0,0,0,0
200466,Graduate student,4,3,1,3,2,1,0,0,0,0,0,0,0,0,0,0,0,0,1,1,0,0,0,0,0,0,0,0,0,0
200484,Total students enrolled for credit,267,160,107,8,4,4,0,0,0,19,19,0,15,12,3,2,1,1,189,100,89,14,10,4,6,4,2,14,10,4
200484,Undergraduate students,223,128,95,7,3,4,0,0,0,18,18,0,13,10,3,2,1,1,162,82,80,13,9,4,6,4,2,2,1,1
200484,Graduate student,44,32,12,1,1,0,0,0,0,1,1,0,2,2,0,0,0,0,27,18,9,1,1,0,0,0,0,12,9,3
200527,Total students enrolled for credit,776,302,474,738,290,448,0,0,0,4,1,3,8,1,7,0,0,0,25,9,16,1,1,0,0,0,0,0,0,0
200527,Undergraduate students,776,302,474,738,290,448,0,0,0,4,1,3,8,1,7,0,0,0,25,9,16,1,1,0,0,0,0,0,0,0
200554,Total students enrolled for credit,557,206,351,497,191,306,0,0,0,5,4,1,3,0,3,4,0,4,32,7,25,1,1,0,3,1,2,12,2,10
200554,Undergraduate students,557,206,351,497,191,306,0,0,0,5,4,1,3,0,3,4,0,4,32,7,25,1,1,0,3,1,2,12,2,10
200572,Total students enrolled for credit,1801,701,1100,19,13,6,11,4,7,50,39,11,76,46,30,1,1,0,1547,551,996,56,25,31,15,9,6,26,13,13
200572,Undergraduate students,1567,633,934,18,12,6,10,4,6,50,39,11,70,42,28,1,1,0,1328,491,837,50,23,27,14,8,6,26,13,13
200572,Graduate student,234,68,166,1,1,0,1,0,1,0,0,0,6,4,2,0,0,0,219,60,159,6,2,4,1,1,0,0,0,0
200590,Total students enrolled for credit,271,91,180,0,0,0,2,1,1,73,13,60,5,0,5,0,0,0,190,76,114,0,0,0,1,1,0,0,0,0
200590,Undergraduate students,271,91,180,0,0,0,2,1,1,73,13,60,5,0,5,0,0,0,190,76,114,0,0,0,1,1,0,0,0,0
200624,Total students enrolled for credit,33,14,19,0,0,0,2,1,1,4,1,3,1,0,1,0,0,0,26,12,14,0,0,0,0,0,0,0,0,0
200624,Undergraduate students,33,14,19,0,0,0,2,1,1,4,1,3,1,0,1,0,0,0,26,12,14,0,0,0,0,0,0,0,0,0
200633,Total students enrolled for credit,225,40,185,4,0,4,0,0,0,164,33,131,9,0,9,1,0,1,40,7,33,1,0,1,6,0,6,0,0,0
200633,Undergraduate students,225,40,185,4,0,4,0,0,0,164,33,131,9,0,9,1,0,1,40,7,33,1,0,1,6,0,6,0,0,0
200697,Total students enrolled for credit,1183,1027,156,2,2,0,53,48,5,35,30,5,54,40,14,8,8,0,810,710,100,38,29,9,165,142,23,18,18,0
200697,Graduate student,1183,1027,156,2,2,0,53,48,5,35,30,5,54,40,14,8,8,0,810,710,100,38,29,9,165,142,23,18,18,0
200785,Total students enrolled for credit,903,161,742,1,0,1,6,4,2,300,56,244,18,5,13,0,0,0,377,64,313,5,2,3,196,30,166,0,0,0
200785,Undergraduate students,903,161,742,1,0,1,6,4,2,300,56,244,18,5,13,0,0,0,377,64,313,5,2,3,196,30,166,0,0,0
200800,Total students enrolled for credit,24339,12531,11808,39,23,16,635,308,327,2659,1169,1490,603,305,298,7,2,5,17483,9025,8458,855,405,450,505,247,258,1553,1047,506
200800,Undergraduate students,19588,10464,9124,34,20,14,522,260,262,2375,1072,1303,495,259,236,7,2,5,14496,7929,6567,778,374,404,403,207,196,478,341,137
200800,Graduate student,4751,2067,2684,5,3,2,113,48,65,284,97,187,108,46,62,0,0,0,2987,1096,1891,77,31,46,102,40,62,1075,706,369
200828,Total students enrolled for credit,118,11,107,0,0,0,0,0,0,78,8,70,0,0,0,0,0,0,38,2,36,0,0,0,2,1,1,0,0,0
200828,Undergraduate students,118,11,107,0,0,0,0,0,0,78,8,70,0,0,0,0,0,0,38,2,36,0,0,0,2,1,1,0,0,0
200846,Total students enrolled for credit,2771,1175,1596,4,3,1,39,12,27,119,48,71,63,28,35,4,2,2,2394,1012,1382,95,40,55,43,22,21,10,8,2
200846,Undergraduate students,2771,1175,1596,4,3,1,39,12,27,119,48,71,63,28,35,4,2,2,2394,1012,1382,95,40,55,43,22,21,10,8,2
200873,Total students enrolled for credit,80,36,44,0,0,0,0,0,0,0,0,0,0,0,0,1,1,0,79,35,44,0,0,0,0,0,0,0,0,0
200873,Undergraduate students,80,36,44,0,0,0,0,0,0,0,0,0,0,0,0,1,1,0,79,35,44,0,0,0,0,0,0,0,0,0
201016,Total students enrolled for credit,207,32,175,0,0,0,0,0,0,156,22,134,2,0,2,0,0,0,43,8,35,0,0,0,6,2,4,0,0,0
201016,Undergraduate students,207,32,175,0,0,0,0,0,0,156,22,134,2,0,2,0,0,0,43,8,35,0,0,0,6,2,4,0,0,0
201034,Total students enrolled for credit,1091,450,641,3,0,3,5,2,3,136,23,113,22,10,12,3,1,2,872,398,474,15,2,13,35,14,21,0,0,0
201034,Undergraduate students,1091,450,641,3,0,3,5,2,3,136,23,113,22,10,12,3,1,2,872,398,474,15,2,13,35,14,21,0,0,0
201061,Total students enrolled for credit,212,68,144,2,1,1,3,1,2,30,14,16,8,1,7,1,0,1,159,48,111,7,3,4,2,0,2,0,0,0
201061,Undergraduate students,205,67,138,2,1,1,3,1,2,30,14,16,8,1,7,1,0,1,152,47,105,7,3,4,2,0,2,0,0,0
201061,Graduate student,7,1,6,0,0,0,0,0,0,0,0,0,0,0,0,0,0,0,7,1,6,0,0,0,0,0,0,0,0,0
201098,Total students enrolled for credit,69,22,47,1,0,1,0,0,0,5,0,5,0,0,0,0,0,0,60,19,41,3,3,0,0,0,0,0,0,0
201098,Undergraduate students,69,22,47,1,0,1,0,0,0,5,0,5,0,0,0,0,0,0,60,19,41,3,3,0,0,0,0,0,0,0
201104,Total students enrolled for credit,10354,5418,4936,67,45,22,97,43,54,1650,1182,468,222,104,118,11,6,5,6998,3253,3745,75,37,38,835,509,326,399,239,160
201104,Undergraduate students,6781,3988,2793,47,38,9,52,21,31,1196,1020,176,154,83,71,8,3,5,4568,2316,2252,75,37,38,576,402,174,105,68,37
201104,Graduate student,3573,1430,2143,20,7,13,45,22,23,454,162,292,68,21,47,3,3,0,2430,937,1493,0,0,0,259,107,152,294,171,123
201131,Total students enrolled for credit,160,38,122,0,0,0,0,0,0,2,0,2,7,2,5,0,0,0,151,36,115,0,0,0,0,0,0,0,0,0
201131,Undergraduate students,160,38,122,0,0,0,0,0,0,2,0,2,7,2,5,0,0,0,151,36,115,0,0,0,0,0,0,0,0,0
201140,Total students enrolled for credit,251,177,74,0,0,0,6,3,3,2,1,1,8,6,2,0,0,0,212,148,64,1,0,1,14,11,3,8,8,0
201140,Undergraduate students,104,66,38,0,0,0,1,0,1,2,1,1,2,2,0,0,0,0,88,53,35,0,0,0,11,10,1,0,0,0
201140,Graduate student,147,111,36,0,0,0,5,3,2,0,0,0,6,4,2,0,0,0,124,95,29,1,0,1,3,1,2,8,8,0
201159,Total students enrolled for credit,303,241,62,0,0,0,1,0,1,30,17,13,9,7,2,0,0,0,261,215,46,2,2,0,0,0,0,0,0,0
201159,Undergraduate students,303,241,62,0,0,0,1,0,1,30,17,13,9,7,2,0,0,0,261,215,46,2,2,0,0,0,0,0,0,0
201177,Total students enrolled for credit,528,57,471,7,0,7,3,0,3,25,1,24,3,0,3,0,0,0,448,53,395,11,1,10,31,2,29,0,0,0
201177,Undergraduate students,528,57,471,7,0,7,3,0,3,25,1,24,3,0,3,0,0,0,448,53,395,11,1,10,31,2,29,0,0,0
201195,Total students enrolled for credit,4612,1983,2629,3,1,2,76,21,55,404,167,237,232,114,118,2,1,1,3555,1535,2020,177,87,90,82,29,53,81,28,53
201195,Undergraduate students,3577,1606,1971,3,1,2,59,16,43,342,152,190,198,99,99,2,1,1,2736,1232,1504,159,82,77,10,2,8,68,21,47
201195,Graduate student,1035,377,658,0,0,0,17,5,12,62,15,47,34,15,19,0,0,0,819,303,516,18,5,13,72,27,45,13,7,6
201283,Total students enrolled for credit,1537,552,985,6,3,3,3,1,2,28,12,16,14,7,7,1,0,1,1446,519,927,35,8,27,4,2,2,0,0,0
201283,Undergraduate students,1537,552,985,6,3,3,3,1,2,28,12,16,14,7,7,1,0,1,1446,519,927,35,8,27,4,2,2,0,0,0
201371,Total students enrolled for credit,1072,506,566,0,0,0,8,2,6,62,43,19,37,23,14,0,0,0,892,401,491,32,18,14,30,14,16,11,5,6
201371,Undergraduate students,938,476,462,0,0,0,4,2,2,59,41,18,33,22,11,0,0,0,783,378,405,32,18,14,18,11,7,9,4,5
201371,Graduate student,134,30,104,0,0,0,4,0,4,3,2,1,4,1,3,0,0,0,109,23,86,0,0,0,12,3,9,2,1,1
201399,Total students enrolled for credit,272,123,149,0,0,0,2,0,2,39,13,26,2,1,1,0,0,0,221,106,115,4,1,3,4,2,2,0,0,0
201399,Undergraduate students,272,123,149,0,0,0,2,0,2,39,13,26,2,1,1,0,0,0,221,106,115,4,1,3,4,2,2,0,0,0
201432,Total students enrolled for credit,2591,927,1664,10,2,8,17,5,12,134,37,97,141,43,98,0,0,0,2075,750,1325,94,37,57,118,51,67,2,2,0
201432,Undergraduate students,2591,927,1664,10,2,8,17,5,12,134,37,97,141,43,98,0,0,0,2075,750,1325,94,37,57,118,51,67,2,2,0
201441,Total students enrolled for credit,20395,8826,11569,31,15,16,196,99,97,1677,700,977,854,379,475,14,9,5,15296,6430,8866,600,239,361,595,275,320,1132,680,452
201441,Undergraduate students,16592,7330,9262,25,13,12,144,72,72,1493,632,861,732,328,404,12,8,4,12654,5503,7151,558,224,334,433,208,225,541,342,199
201441,Graduate student,3803,1496,2307,6,2,4,52,27,25,184,68,116,122,51,71,2,1,1,2642,927,1715,42,15,27,162,67,95,591,338,253
201469,Total students enrolled for credit,538,74,464,0,0,0,10,3,7,134,14,120,45,8,37,1,0,1,316,44,272,27,3,24,5,2,3,0,0,0
201469,Undergraduate students,538,74,464,0,0,0,10,3,7,134,14,120,45,8,37,1,0,1,316,44,272,27,3,24,5,2,3,0,0,0
201478,Total students enrolled for credit,210,59,151,0,0,0,1,0,1,4,1,3,0,0,0,0,0,0,204,58,146,1,0,1,0,0,0,0,0,0
201478,Undergraduate students,210,59,151,0,0,0,1,0,1,4,1,3,0,0,0,0,0,0,204,58,146,1,0,1,0,0,0,0,0,0
201496,Total students enrolled for credit,414,279,135,2,0,2,4,1,3,32,20,12,6,2,4,0,0,0,358,252,106,12,4,8,0,0,0,0,0,0
201496,Undergraduate students,414,279,135,2,0,2,4,1,3,32,20,12,6,2,4,0,0,0,358,252,106,12,4,8,0,0,0,0,0,0
201539,Total students enrolled for credit,101,9,92,1,0,1,1,0,1,36,1,35,1,0,1,0,0,0,56,8,48,6,0,6,0,0,0,0,0,0
201539,Undergraduate students,101,9,92,1,0,1,1,0,1,36,1,35,1,0,1,0,0,0,56,8,48,6,0,6,0,0,0,0,0,0
201548,Total students enrolled for credit,3974,1619,2355,9,3,6,75,30,45,414,147,267,145,66,79,2,1,1,2932,1202,1730,161,68,93,153,67,86,83,35,48
201548,Undergraduate students,3120,1211,1909,7,3,4,53,18,35,320,112,208,125,51,74,2,1,1,2313,898,1415,135,56,79,106,45,61,59,27,32
201548,Graduate student,854,408,446,2,0,2,22,12,10,94,35,59,20,15,5,0,0,0,619,304,315,26,12,14,47,22,25,24,8,16
201645,Total students enrolled for credit,12531,6157,6374,6,3,3,1818,824,994,780,255,525,575,286,289,9,7,2,5972,2963,3009,357,166,191,487,227,260,2527,1426,1101
201645,Undergraduate students,5292,2914,2378,3,1,2,1043,486,557,234,104,130,318,184,134,4,3,1,2643,1530,1113,240,128,112,142,77,65,665,401,264
201645,Graduate student,7239,3243,3996,3,2,1,775,338,437,546,151,395,257,102,155,5,4,1,3329,1433,1896,117,38,79,345,150,195,1862,1025,837
201654,Total students enrolled for credit,4083,1894,2189,18,8,10,88,39,49,99,44,55,117,56,61,1,1,0,3417,1585,1832,104,54,50,179,77,102,60,30,30
201654,Undergraduate students,3666,1732,1934,14,6,8,70,34,36,49,22,27,113,55,58,0,0,0,3109,1467,1642,97,50,47,160,71,89,54,27,27
201654,Graduate student,417,162,255,4,2,2,18,5,13,50,22,28,4,1,3,1,1,0,308,118,190,7,4,3,19,6,13,6,3,3
201672,Total students enrolled for credit,5414,1847,3567,23,8,15,88,26,62,574,171,403,119,35,84,8,2,6,3767,1286,2481,195,57,138,640,262,378,0,0,0
201672,Undergraduate students,5414,1847,3567,23,8,15,88,26,62,574,171,403,119,35,84,8,2,6,3767,1286,2481,195,57,138,640,262,378,0,0,0
201681,Total students enrolled for credit,160,12,148,0,0,0,3,1,2,109,6,103,7,1,6,0,0,0,41,4,37,0,0,0,0,0,0,0,0,0
201681,Undergraduate students,160,12,148,0,0,0,3,1,2,109,6,103,7,1,6,0,0,0,41,4,37,0,0,0,0,0,0,0,0,0
201690,Total students enrolled for credit,1912,858,1054,1,0,1,4,2,2,1769,787,982,16,7,9,0,0,0,54,28,26,18,12,6,26,10,16,24,12,12
201690,Undergraduate students,1897,850,1047,1,0,1,4,2,2,1755,779,976,15,7,8,0,0,0,54,28,26,18,12,6,26,10,16,24,12,12
201690,Graduate student,15,8,7,0,0,0,0,0,0,14,8,6,1,0,1,0,0,0,0,0,0,0,0,0,0,0,0,0,0,0
201751,Total students enrolled for credit,476,123,353,0,0,0,1,0,1,198,42,156,4,3,1,0,0,0,245,68,177,0,0,0,27,10,17,1,0,1
201751,Undergraduate students,476,123,353,0,0,0,1,0,1,198,42,156,4,3,1,0,0,0,245,68,177,0,0,0,27,10,17,1,0,1
201803,Total students enrolled for credit,110,13,97,0,0,0,0,0,0,36,6,30,5,1,4,0,0,0,69,6,63,0,0,0,0,0,0,0,0,0
201803,Undergraduate students,110,13,97,0,0,0,0,0,0,36,6,30,5,1,4,0,0,0,69,6,63,0,0,0,0,0,0,0,0,0
201821,Total students enrolled for credit,938,78,860,2,1,1,11,3,8,118,5,113,12,2,10,1,0,1,740,62,678,18,2,16,36,3,33,0,0,0
201821,Undergraduate students,938,78,860,2,1,1,11,3,8,118,5,113,12,2,10,1,0,1,740,62,678,18,2,16,36,3,33,0,0,0
201858,Total students enrolled for credit,1011,581,430,42,0,42,8,3,5,194,136,58,38,21,17,1,1,0,663,381,282,34,19,15,8,3,5,23,17,6
201858,Undergraduate students,774,474,300,1,0,1,7,3,4,166,126,40,34,20,14,1,1,0,519,295,224,29,17,12,5,2,3,12,10,2
201858,Graduate student,237,107,130,41,0,41,1,0,1,28,10,18,4,1,3,0,0,0,144,86,58,5,2,3,3,1,2,11,7,4
201867,Total students enrolled for credit,111,36,75,1,0,1,0,0,0,11,2,9,1,0,1,0,0,0,92,32,60,4,1,3,2,1,1,0,0,0
201867,Undergraduate students,111,36,75,1,0,1,0,0,0,11,2,9,1,0,1,0,0,0,92,32,60,4,1,3,2,1,1,0,0,0
201885,Total students enrolled for credit,42252,19454,22798,70,23,47,1705,784,921,3189,1159,2030,1416,568,848,30,15,15,28895,13387,15508,1161,482,679,2053,848,1205,3733,2188,1545
201885,Undergraduate students,28857,14377,14480,44,15,29,1111,553,558,2200,879,1321,886,389,497,20,10,10,21060,10738,10322,908,402,506,1248,561,687,1380,830,550
201885,Graduate student,13395,5077,8318,26,8,18,594,231,363,989,280,709,530,179,351,10,5,5,7835,2649,5186,253,80,173,805,287,518,2353,1358,995
201928,Total students enrolled for credit,14118,6901,7217,46,22,24,294,150,144,3418,1269,2149,311,139,172,10,5,5,8174,4333,3841,419,174,245,1133,648,485,313,161,152
201928,Undergraduate students,14118,6901,7217,46,22,24,294,150,144,3418,1269,2149,311,139,172,10,5,5,8174,4333,3841,419,174,245,1133,648,485,313,161,152
201946,Total students enrolled for credit,4236,1855,2381,11,5,6,60,28,32,102,35,67,98,40,58,3,1,2,3491,1530,1961,101,43,58,357,167,190,13,6,7
201946,Undergraduate students,4236,1855,2381,11,5,6,60,28,32,102,35,67,98,40,58,3,1,2,3491,1530,1961,101,43,58,357,167,190,13,6,7
201955,Total students enrolled for credit,6136,2581,3555,16,9,7,232,115,117,1311,485,826,269,128,141,8,5,3,3609,1543,2066,249,101,148,356,147,209,86,48,38
201955,Undergraduate students,6136,2581,3555,16,9,7,232,115,117,1311,485,826,269,128,141,8,5,3,3609,1543,2066,249,101,148,356,147,209,86,48,38
201964,Total students enrolled for credit,6203,2300,3903,21,5,16,29,16,13,1719,586,1133,152,69,83,1,0,1,2921,1125,1796,173,57,116,1173,432,741,14,10,4
201964,Undergraduate students,5571,1991,3580,20,4,16,29,16,13,1463,479,984,137,63,74,1,0,1,2686,993,1693,162,53,109,1059,373,686,14,10,4
201964,Graduate student,632,309,323,1,1,0,0,0,0,256,107,149,15,6,9,0,0,0,235,132,103,11,4,7,114,59,55,0,0,0
201973,Total students enrolled for credit,8702,3259,5443,123,60,63,111,36,75,1415,409,1006,136,50,86,22,8,14,6505,2512,3993,11,2,9,309,126,183,70,56,14
201973,Undergraduate students,8702,3259,5443,123,60,63,111,36,75,1415,409,1006,136,50,86,22,8,14,6505,2512,3993,11,2,9,309,126,183,70,56,14
201982,Total students enrolled for credit,71,1,70,0,0,0,1,0,1,8,1,7,1,0,1,0,0,0,61,0,61,0,0,0,0,0,0,0,0,0
201982,Undergraduate students,71,1,70,0,0,0,1,0,1,8,1,7,1,0,1,0,0,0,61,0,61,0,0,0,0,0,0,0,0,0
202046,Total students enrolled for credit,631,264,367,2,0,2,25,12,13,56,35,21,32,16,16,0,0,0,437,165,272,21,7,14,0,0,0,58,29,29
202046,Undergraduate students,631,264,367,2,0,2,25,12,13,56,35,21,32,16,16,0,0,0,437,165,272,21,7,14,0,0,0,58,29,29
202055,Total students enrolled for credit,272,21,251,0,0,0,0,0,0,244,19,225,7,0,7,0,0,0,20,2,18,1,0,1,0,0,0,0,0,0
202055,Undergraduate students,272,21,251,0,0,0,0,0,0,244,19,225,7,0,7,0,0,0,20,2,18,1,0,1,0,0,0,0,0,0
202073,Total students enrolled for credit,439,210,229,2,2,0,18,7,11,5,3,2,1,1,0,0,0,0,102,53,49,5,2,3,165,85,80,141,57,84
202073,Undergraduate students,235,118,117,1,1,0,10,4,6,2,2,0,1,1,0,0,0,0,50,25,25,2,0,2,110,58,52,59,27,32
202073,Graduate student,204,92,112,1,1,0,8,3,5,3,1,2,0,0,0,0,0,0,52,28,24,3,2,1,55,27,28,82,30,52
202134,Total students enrolled for credit,20218,9172,11046,36,15,21,694,367,327,3367,1061,2306,956,408,548,17,7,10,12434,5699,6735,548,209,339,488,243,245,1678,1163,515
202134,Undergraduate students,14594,6817,7777,30,13,17,556,303,253,2566,860,1706,758,326,432,15,6,9,9131,4400,4731,465,180,285,361,181,180,712,548,164
202134,Graduate student,5624,2355,3269,6,2,4,138,64,74,801,201,600,198,82,116,2,1,1,3303,1299,2004,83,29,54,127,62,65,966,615,351
202152,Total students enrolled for credit,186,65,121,0,0,0,0,0,0,8,1,7,0,0,0,0,0,0,177,63,114,1,1,0,0,0,0,0,0,0
202152,Undergraduate students,186,65,121,0,0,0,0,0,0,8,1,7,0,0,0,0,0,0,177,63,114,1,1,0,0,0,0,0,0,0
202161,Total students enrolled for credit,629,182,447,2,1,1,11,5,6,94,30,64,18,7,11,0,0,0,420,107,313,35,10,25,49,22,27,0,0,0
202161,Undergraduate students,629,182,447,2,1,1,11,5,6,94,30,64,18,7,11,0,0,0,420,107,313,35,10,25,49,22,27,0,0,0
202170,Total students enrolled for credit,1131,356,775,2,0,2,46,10,36,114,47,67,70,27,43,1,1,0,716,222,494,53,15,38,38,11,27,91,23,68
202170,Undergraduate students,1096,343,753,2,0,2,41,9,32,113,47,66,70,27,43,1,1,0,699,214,485,53,15,38,36,10,26,81,20,61
202170,Graduate student,35,13,22,0,0,0,5,1,4,1,0,1,0,0,0,0,0,0,17,8,9,0,0,0,2,1,1,10,3,7
202222,Total students enrolled for credit,46559,21373,25186,166,76,90,1736,844,892,8646,3753,4893,2154,932,1222,42,18,24,28276,13185,15091,1545,597,948,3113,1531,1582,881,437,444
202222,Undergraduate students,46559,21373,25186,166,76,90,1736,844,892,8646,3753,4893,2154,932,1222,42,18,24,28276,13185,15091,1545,597,948,3113,1531,1582,881,437,444
202356,Total students enrolled for credit,36659,14733,21926,127,56,71,949,400,549,9900,3522,6378,2146,815,1331,0,0,0,20129,8511,11618,1081,389,692,1603,668,935,724,372,352
202356,Undergraduate students,36659,14733,21926,127,56,71,949,400,549,9900,3522,6378,2146,815,1331,0,0,0,20129,8511,11618,1081,389,692,1603,668,935,724,372,352
202435,Total students enrolled for credit,173,36,137,0,0,0,0,0,0,80,11,69,5,0,5,0,0,0,82,20,62,1,0,1,0,0,0,5,5,0
202435,Undergraduate students,173,36,137,0,0,0,0,0,0,80,11,69,5,0,5,0,0,0,82,20,62,1,0,1,0,0,0,5,5,0
202453,Total students enrolled for credit,50,41,9,0,0,0,0,0,0,34,31,3,2,1,1,0,0,0,13,8,5,0,0,0,1,1,0,0,0,0
202453,Undergraduate students,50,41,9,0,0,0,0,0,0,34,31,3,2,1,1,0,0,0,13,8,5,0,0,0,1,1,0,0,0,0
202480,Total students enrolled for credit,12310,6194,6116,9,4,5,167,77,90,403,187,216,365,184,181,5,3,2,8872,4226,4646,216,103,113,650,263,387,1623,1147,476
202480,Undergraduate students,8660,4626,4034,8,4,4,118,51,67,259,130,129,314,162,152,5,3,2,6683,3378,3305,172,85,87,184,124,60,917,689,228
202480,Graduate student,3650,1568,2082,1,0,1,49,26,23,144,57,87,51,22,29,0,0,0,2189,848,1341,44,18,26,466,139,327,706,458,248
202514,Total students enrolled for credit,725,360,365,0,0,0,3,0,3,62,50,12,47,24,23,0,0,0,573,270,303,22,11,11,9,3,6,9,2,7
202514,Undergraduate students,684,344,340,0,0,0,3,0,3,62,50,12,46,24,22,0,0,0,535,255,280,20,10,10,9,3,6,9,2,7
202514,Graduate student,41,16,25,0,0,0,0,0,0,0,0,0,1,0,1,0,0,0,38,15,23,2,1,1,0,0,0,0,0,0
202523,Total students enrolled for credit,2290,1029,1261,1,1,0,91,34,57,151,60,91,213,91,122,2,1,1,1503,677,826,88,38,50,38,19,19,203,108,95
202523,Undergraduate students,2290,1029,1261,1,1,0,91,34,57,151,60,91,213,91,122,2,1,1,1503,677,826,88,38,50,38,19,19,203,108,95
202648,Total students enrolled for credit,4130,1634,2496,5,1,4,53,22,31,116,58,58,67,25,42,5,2,3,3678,1431,2247,80,34,46,111,53,58,15,8,7
202648,Undergraduate students,4130,1634,2496,5,1,4,53,22,31,116,58,58,67,25,42,5,2,3,3678,1431,2247,80,34,46,111,53,58,15,8,7
202657,Total students enrolled for credit,605,210,395,3,1,2,4,0,4,37,8,29,21,2,19,0,0,0,501,190,311,20,5,15,19,4,15,0,0,0
202657,Undergraduate students,605,210,395,3,1,2,4,0,4,37,8,29,21,2,19,0,0,0,501,190,311,20,5,15,19,4,15,0,0,0
202684,Total students enrolled for credit,544,124,420,1,0,1,0,0,0,463,102,361,16,5,11,1,0,1,51,14,37,10,2,8,2,1,1,0,0,0
202684,Undergraduate students,544,124,420,1,0,1,0,0,0,463,102,361,16,5,11,1,0,1,51,14,37,10,2,8,2,1,1,0,0,0
202763,Total students enrolled for credit,5907,2265,3642,8,3,5,75,22,53,211,127,84,141,51,90,0,0,0,4689,1614,3075,114,48,66,56,26,30,613,374,239
202763,Undergraduate students,3968,1441,2527,5,2,3,38,11,27,116,86,30,89,31,58,0,0,0,3319,1077,2242,87,37,50,36,16,20,278,181,97
202763,Graduate student,1939,824,1115,3,1,2,37,11,26,95,41,54,52,20,32,0,0,0,1370,537,833,27,11,16,20,10,10,335,193,142
202806,Total students enrolled for credit,6998,3054,3944,38,19,19,138,66,72,1282,479,803,177,82,95,11,3,8,4209,1888,2321,286,119,167,224,97,127,633,301,332
202806,Undergraduate students,5372,2360,3012,32,14,18,95,42,53,978,369,609,142,70,72,9,2,7,3479,1604,1875,237,106,131,175,76,99,225,77,148
202806,Graduate student,1626,694,932,6,5,1,43,24,19,304,110,194,35,12,23,2,1,1,730,284,446,49,13,36,49,21,28,408,224,184
202888,Total students enrolled for credit,97,10,87,0,0,0,26,7,19,38,2,36,1,0,1,0,0,0,32,1,31,0,0,0,0,0,0,0,0,0
202888,Undergraduate students,97,10,87,0,0,0,26,7,19,38,2,36,1,0,1,0,0,0,32,1,31,0,0,0,0,0,0,0,0,0
202903,Total students enrolled for credit,314,173,141,0,0,0,3,3,0,11,7,4,10,6,4,1,1,0,259,142,117,1,1,0,0,0,0,29,13,16
202903,Undergraduate students,303,167,136,0,0,0,3,3,0,11,7,4,10,6,4,1,1,0,249,136,113,1,1,0,0,0,0,28,13,15
202903,Graduate student,11,6,5,0,0,0,0,0,0,0,0,0,0,0,0,0,0,0,10,6,4,0,0,0,0,0,0,1,0,1
202912,Total students enrolled for credit,485,49,436,0,0,0,5,0,5,57,4,53,10,3,7,0,0,0,406,42,364,7,0,7,0,0,0,0,0,0
202912,Undergraduate students,485,49,436,0,0,0,5,0,5,57,4,53,10,3,7,0,0,0,406,42,364,7,0,7,0,0,0,0,0,0
202949,Total students enrolled for credit,345,265,80,1,1,0,3,3,0,58,40,18,1,1,0,0,0,0,265,205,60,16,14,2,1,1,0,0,0,0
202949,Undergraduate students,345,265,80,1,1,0,3,3,0,58,40,18,1,1,0,0,0,0,265,205,60,16,14,2,1,1,0,0,0,0
202985,Total students enrolled for credit,77,5,72,0,0,0,0,0,0,11,1,10,5,0,5,0,0,0,58,4,54,3,0,3,0,0,0,0,0,0
202985,Undergraduate students,77,5,72,0,0,0,0,0,0,11,1,10,5,0,5,0,0,0,58,4,54,3,0,3,0,0,0,0,0,0
203030,Total students enrolled for credit,199,39,160,0,0,0,5,1,4,154,31,123,1,0,1,0,0,0,33,7,26,6,0,6,0,0,0,0,0,0
203030,Undergraduate students,199,39,160,0,0,0,5,1,4,154,31,123,1,0,1,0,0,0,33,7,26,6,0,6,0,0,0,0,0,0
203067,Total students enrolled for credit,367,164,203,0,0,0,1,1,0,4,3,1,11,6,5,0,0,0,276,121,155,5,2,3,56,24,32,14,7,7
203067,Graduate student,367,164,203,0,0,0,1,1,0,4,3,1,11,6,5,0,0,0,276,121,155,5,2,3,56,24,32,14,7,7
203085,Total students enrolled for credit,1490,682,808,4,2,2,25,9,16,121,89,32,28,17,11,2,2,0,1175,497,678,42,22,20,91,43,48,2,1,1
203085,Undergraduate students,1145,600,545,4,2,2,14,8,6,99,77,22,24,14,10,1,1,0,888,434,454,39,20,19,75,43,32,1,1,0
203085,Graduate student,345,82,263,0,0,0,11,1,10,22,12,10,4,3,1,1,1,0,287,63,224,3,2,1,16,0,16,1,0,1
203128,Total students enrolled for credit,1233,581,652,1,0,1,14,3,11,184,106,78,44,25,19,5,4,1,759,328,431,35,19,16,163,84,79,28,12,16
203128,Undergraduate students,1200,567,633,1,0,1,14,3,11,181,105,76,44,25,19,5,4,1,731,317,414,35,19,16,161,82,79,28,12,16
203128,Graduate student,33,14,19,0,0,0,0,0,0,3,1,2,0,0,0,0,0,0,28,11,17,0,0,0,2,2,0,0,0,0
203146,Total students enrolled for credit,707,689,18,4,4,0,0,0,0,9,9,0,32,32,0,0,0,0,648,631,17,13,12,1,0,0,0,1,1,0
203146,Undergraduate students,707,689,18,4,4,0,0,0,0,9,9,0,32,32,0,0,0,0,648,631,17,13,12,1,0,0,0,1,1,0
203155,Total students enrolled for credit,4181,2229,1952,14,8,6,20,6,14,477,382,95,79,48,31,5,2,3,3184,1530,1654,148,89,59,152,95,57,102,69,33
203155,Undergraduate students,4181,2229,1952,14,8,6,20,6,14,477,382,95,79,48,31,5,2,3,3184,1530,1654,148,89,59,152,95,57,102,69,33
203234,Total students enrolled for credit,189,3,186,0,0,0,1,0,1,68,3,65,5,0,5,0,0,0,100,0,100,2,0,2,13,0,13,0,0,0
203234,Undergraduate students,189,3,186,0,0,0,1,0,1,68,3,65,5,0,5,0,0,0,100,0,100,2,0,2,13,0,13,0,0,0
203289,Total students enrolled for credit,65,53,12,0,0,0,0,0,0,27,19,8,0,0,0,0,0,0,34,32,2,4,2,2,0,0,0,0,0,0
203289,Undergraduate students,65,53,12,0,0,0,0,0,0,27,19,8,0,0,0,0,0,0,34,32,2,4,2,2,0,0,0,0,0,0
203331,Total students enrolled for credit,8489,2950,5539,31,9,22,104,44,60,1589,457,1132,678,219,459,32,13,19,5633,2059,3574,346,128,218,76,21,55,0,0,0
203331,Undergraduate students,8489,2950,5539,31,9,22,104,44,60,1589,457,1132,678,219,459,32,13,19,5633,2059,3574,346,128,218,76,21,55,0,0,0
203368,Total students enrolled for credit,4023,1932,2091,4,3,1,87,40,47,233,107,126,129,57,72,0,0,0,3275,1576,1699,79,43,36,87,38,49,129,68,61
203368,Undergraduate students,3273,1654,1619,4,3,1,79,37,42,188,95,93,114,54,60,0,0,0,2669,1358,1311,64,35,29,66,30,36,89,42,47
203368,Graduate student,750,278,472,0,0,0,8,3,5,45,12,33,15,3,12,0,0,0,606,218,388,15,8,7,21,8,13,40,26,14
203386,Total students enrolled for credit,2928,245,2683,3,0,3,46,6,40,1193,96,1097,54,5,49,0,0,0,1503,126,1377,0,0,0,129,12,117,0,0,0
203386,Undergraduate students,2928,245,2683,3,0,3,46,6,40,1193,96,1097,54,5,49,0,0,0,1503,126,1377,0,0,0,129,12,117,0,0,0
203438,Total students enrolled for credit,229,9,220,0,0,0,0,0,0,22,2,20,7,0,7,0,0,0,186,6,180,13,1,12,1,0,1,0,0,0
203438,Undergraduate students,229,9,220,0,0,0,0,0,0,22,2,20,7,0,7,0,0,0,186,6,180,13,1,12,1,0,1,0,0,0
203447,Total students enrolled for credit,3424,1226,2198,7,3,4,49,15,34,199,65,134,123,44,79,5,1,4,2823,1009,1814,91,36,55,89,34,55,38,19,19
203447,Undergraduate students,3421,1226,2195,7,3,4,49,15,34,199,65,134,123,44,79,5,1,4,2820,1009,1811,91,36,55,89,34,55,38,19,19
203447,Graduate student,3,0,3,0,0,0,0,0,0,0,0,0,0,0,0,0,0,0,3,0,3,0,0,0,0,0,0,0,0,0
203456,Total students enrolled for credit,2401,771,1630,5,4,1,20,7,13,145,39,106,58,16,42,3,1,2,2020,652,1368,63,19,44,70,25,45,17,8,9
203456,Undergraduate students,2400,771,1629,5,4,1,20,7,13,145,39,106,58,16,42,3,1,2,2019,652,1367,63,19,44,70,25,45,17,8,9
203456,Graduate student,1,0,1,0,0,0,0,0,0,0,0,0,0,0,0,0,0,0,1,0,1,0,0,0,0,0,0,0,0,0
203465,Total students enrolled for credit,7615,2981,4634,22,12,10,85,26,59,476,157,319,193,74,119,7,3,4,6203,2436,3767,260,103,157,269,120,149,100,50,50
203465,Undergraduate students,7553,2960,4593,22,12,10,85,26,59,473,156,317,191,73,118,7,3,4,6153,2418,3735,258,103,155,265,119,146,99,50,49
203465,Graduate student,62,21,41,0,0,0,0,0,0,3,1,2,2,1,1,0,0,0,50,18,32,2,0,2,4,1,3,1,0,1
203474,Total students enrolled for credit,4214,1661,2553,8,3,5,40,14,26,304,95,209,104,31,73,6,4,2,3490,1400,2090,106,49,57,132,52,80,24,13,11
203474,Undergraduate students,4207,1657,2550,8,3,5,40,14,26,304,95,209,104,31,73,6,4,2,3484,1397,2087,106,49,57,131,51,80,24,13,11
203474,Graduate student,7,4,3,0,0,0,0,0,0,0,0,0,0,0,0,0,0,0,6,3,3,0,0,0,1,1,0,0,0,0
203483,Total students enrolled for credit,2806,1224,1582,4,2,2,31,13,18,98,40,58,58,24,34,2,2,0,2435,1044,1391,77,40,37,86,46,40,15,13,2
203483,Undergraduate students,2774,1214,1560,4,2,2,31,13,18,98,40,58,57,24,33,2,2,0,2409,1035,1374,77,40,37,81,45,36,15,13,2
203483,Graduate student,32,10,22,0,0,0,0,0,0,0,0,0,1,0,1,0,0,0,26,9,17,0,0,0,5,1,4,0,0,0
203492,Total students enrolled for credit,2529,758,1771,2,2,0,20,4,16,114,31,83,60,18,42,2,0,2,2190,659,1531,52,11,41,74,28,46,15,5,10
203492,Undergraduate students,2527,758,1769,2,2,0,20,4,16,114,31,83,60,18,42,2,0,2,2188,659,1529,52,11,41,74,28,46,15,5,10
203492,Graduate student,2,0,2,0,0,0,0,0,0,0,0,0,0,0,0,0,0,0,2,0,2,0,0,0,0,0,0,0,0,0
203517,Total students enrolled for credit,35611,13860,21751,58,25,33,640,257,383,2826,904,1922,1083,393,690,21,9,12,25519,9521,15998,1050,396,654,1163,464,699,3251,1891,1360
203517,Undergraduate students,27376,10767,16609,42,20,22,445,170,275,2403,784,1619,882,328,554,17,8,9,20393,7878,12515,940,356,584,724,305,419,1530,918,612
203517,Graduate student,8235,3093,5142,16,5,11,195,87,108,423,120,303,201,65,136,4,1,3,5126,1643,3483,110,40,70,439,159,280,1721,973,748
203526,Total students enrolled for credit,4080,1506,2574,9,1,8,68,28,40,361,116,245,108,42,66,1,0,1,3234,1204,2030,127,45,82,139,56,83,33,14,19
203526,Undergraduate students,4077,1504,2573,9,1,8,68,28,40,361,116,245,108,42,66,1,0,1,3232,1202,2030,127,45,82,138,56,82,33,14,19
203526,Graduate student,3,2,1,0,0,0,0,0,0,0,0,0,0,0,0,0,0,0,2,2,0,0,0,0,1,0,1,0,0,0
203535,Total students enrolled for credit,1795,794,1001,0,0,0,69,17,52,63,28,35,78,35,43,0,0,0,1314,595,719,135,58,77,52,23,29,84,38,46
203535,Undergraduate students,1795,794,1001,0,0,0,69,17,52,63,28,35,78,35,43,0,0,0,1314,595,719,135,58,77,52,23,29,84,38,46
203544,Total students enrolled for credit,1153,208,945,2,0,2,44,12,32,59,16,43,32,7,25,2,0,2,951,160,791,27,7,20,30,3,27,6,3,3
203544,Undergraduate students,905,157,748,2,0,2,31,10,21,53,12,41,23,6,17,2,0,2,739,116,623,24,7,17,25,3,22,6,3,3
203544,Graduate student,248,51,197,0,0,0,13,2,11,6,4,2,9,1,8,0,0,0,212,44,168,3,0,3,5,0,5,0,0,0
203580,Total students enrolled for credit,1358,623,735,6,4,2,17,13,4,193,113,80,46,23,23,0,0,0,976,399,577,45,27,18,37,16,21,38,28,10
203580,Undergraduate students,1001,479,522,6,4,2,7,4,3,169,101,68,41,21,20,0,0,0,689,290,399,40,24,16,23,13,10,26,22,4
203580,Graduate student,357,144,213,0,0,0,10,9,1,24,12,12,5,2,3,0,0,0,287,109,178,5,3,2,14,3,11,12,6,6
203599,Total students enrolled for credit,10630,4345,6285,33,13,20,145,69,76,1576,477,1099,350,158,192,16,7,9,7971,3399,4572,233,94,139,289,120,169,17,8,9
203599,Undergraduate students,10630,4345,6285,33,13,20,145,69,76,1576,477,1099,350,158,192,16,7,9,7971,3399,4572,233,94,139,289,120,169,17,8,9
203614,Total students enrolled for credit,481,140,341,0,0,0,0,0,0,2,0,2,0,0,0,0,0,0,479,140,339,0,0,0,0,0,0,0,0,0
203614,Undergraduate students,481,140,341,0,0,0,0,0,0,2,0,2,0,0,0,0,0,0,479,140,339,0,0,0,0,0,0,0,0,0
203678,Total students enrolled for credit,6049,2297,3752,27,13,14,40,17,23,288,88,200,38,14,24,5,4,1,5225,1963,3262,107,46,61,319,152,167,0,0,0
203678,Undergraduate students,6049,2297,3752,27,13,14,40,17,23,288,88,200,38,14,24,5,4,1,5225,1963,3262,107,46,61,319,152,167,0,0,0
203720,Total students enrolled for credit,520,73,447,0,0,0,0,0,0,188,32,156,90,11,79,0,0,0,228,28,200,9,1,8,5,1,4,0,0,0
203720,Undergraduate students,520,73,447,0,0,0,0,0,0,188,32,156,90,11,79,0,0,0,228,28,200,9,1,8,5,1,4,0,0,0
203739,Total students enrolled for credit,427,105,322,0,0,0,0,0,0,104,28,76,20,5,15,1,0,1,275,69,206,9,1,8,17,2,15,1,0,1
203739,Undergraduate students,427,105,322,0,0,0,0,0,0,104,28,76,20,5,15,1,0,1,275,69,206,9,1,8,17,2,15,1,0,1
203748,Total students enrolled for credit,15078,5937,9141,60,18,42,150,70,80,1584,570,1014,1479,571,908,20,9,11,10948,4349,6599,541,211,330,180,78,102,116,61,55
203748,Undergraduate students,15078,5937,9141,60,18,42,150,70,80,1584,570,1014,1479,571,908,20,9,11,10948,4349,6599,541,211,330,180,78,102,116,61,55
203757,Total students enrolled for credit,2714,694,2020,8,2,6,22,6,16,175,75,100,312,84,228,2,1,1,2030,470,1560,53,19,34,95,24,71,17,13,4
203757,Undergraduate students,1193,422,771,5,2,3,7,4,3,137,62,75,102,47,55,2,1,1,835,261,574,48,18,30,43,16,27,14,11,3
203757,Graduate student,1521,272,1249,3,0,3,15,2,13,38,13,25,210,37,173,0,0,0,1195,209,986,5,1,4,52,8,44,3,2,1
203775,Total students enrolled for credit,2214,779,1435,3,2,1,16,1,15,237,120,117,53,19,34,0,0,0,1823,592,1231,49,27,22,21,8,13,12,10,2
203775,Undergraduate students,1497,603,894,3,2,1,12,1,11,178,100,78,46,18,28,0,0,0,1199,445,754,42,25,17,10,7,3,7,5,2
203775,Graduate student,717,176,541,0,0,0,4,0,4,59,20,39,7,1,6,0,0,0,624,147,477,7,2,5,11,1,10,5,5,0
203845,Total students enrolled for credit,1341,765,576,20,9,11,41,24,17,74,52,22,32,20,12,0,0,0,917,488,429,43,19,24,15,10,5,199,143,56
203845,Undergraduate students,1220,738,482,19,9,10,32,22,10,72,51,21,28,19,9,0,0,0,815,465,350,41,19,22,15,10,5,198,143,55
203845,Graduate student,121,27,94,1,0,1,9,2,7,2,1,1,4,1,3,0,0,0,102,23,79,2,0,2,0,0,0,1,0,1
203881,Total students enrolled for credit,3591,1604,1987,14,8,6,13,6,7,268,201,67,81,44,37,0,0,0,3042,1247,1795,0,0,0,173,98,75,0,0,0
203881,Undergraduate students,3591,1604,1987,14,8,6,13,6,7,268,201,67,81,44,37,0,0,0,3042,1247,1795,0,0,0,173,98,75,0,0,0
203942,Total students enrolled for credit,109,54,55,0,0,0,0,0,0,8,3,5,1,0,1,0,0,0,98,50,48,2,1,1,0,0,0,0,0,0
203942,Undergraduate students,109,54,55,0,0,0,0,0,0,8,3,5,1,0,1,0,0,0,98,50,48,2,1,1,0,0,0,0,0,0
203960,Total students enrolled for credit,1599,226,1373,3,0,3,19,8,11,166,16,150,67,10,57,0,0,0,1246,174,1072,78,15,63,20,3,17,0,0,0
203960,Undergraduate students,1599,226,1373,3,0,3,19,8,11,166,16,150,67,10,57,0,0,0,1246,174,1072,78,15,63,20,3,17,0,0,0
203997,Total students enrolled for credit,169,78,91,0,0,0,4,2,2,20,9,11,3,3,0,0,0,0,136,62,74,2,1,1,3,0,3,1,1,0
203997,Graduate student,169,78,91,0,0,0,4,2,2,20,9,11,3,3,0,0,0,0,136,62,74,2,1,1,3,0,3,1,1,0
204006,Total students enrolled for credit,3588,1660,1928,10,3,7,75,41,34,355,168,187,141,52,89,4,2,2,2778,1277,1501,113,53,60,87,53,34,25,11,14
204006,Undergraduate students,3578,1651,1927,10,3,7,75,41,34,354,168,186,141,52,89,4,2,2,2770,1269,1501,113,53,60,86,52,34,25,11,14
204006,Graduate student,10,9,1,0,0,0,0,0,0,1,0,1,0,0,0,0,0,0,8,8,0,0,0,0,1,1,0,0,0,0
204015,Total students enrolled for credit,2431,1095,1336,3,1,2,48,24,24,111,48,63,48,19,29,0,0,0,1798,756,1042,51,20,31,57,32,25,315,195,120
204015,Undergraduate students,2431,1095,1336,3,1,2,48,24,24,111,48,63,48,19,29,0,0,0,1798,756,1042,51,20,31,57,32,25,315,195,120
204024,Total students enrolled for credit,21717,10117,11600,43,23,20,776,375,401,749,344,405,843,356,487,7,4,3,15719,7166,8553,657,284,373,341,133,208,2582,1432,1150
204024,Undergraduate students,18239,9043,9196,37,20,17,651,318,333,585,286,299,723,324,399,5,3,2,13155,6427,6728,583,269,314,174,87,87,2326,1309,1017
204024,Graduate student,3478,1074,2404,6,3,3,125,57,68,164,58,106,120,32,88,2,1,1,2564,739,1825,74,15,59,167,46,121,256,123,133
204060,Total students enrolled for credit,106,19,87,0,0,0,0,0,0,64,15,49,1,1,0,0,0,0,37,3,34,1,0,1,2,0,2,1,0,1
204060,Undergraduate students,106,19,87,0,0,0,0,0,0,64,15,49,1,1,0,0,0,0,37,3,34,1,0,1,2,0,2,1,0,1
204121,Total students enrolled for credit,94,1,93,0,0,0,0,0,0,90,1,89,0,0,0,0,0,0,4,0,4,0,0,0,0,0,0,0,0,0
204121,Undergraduate students,94,1,93,0,0,0,0,0,0,90,1,89,0,0,0,0,0,0,4,0,4,0,0,0,0,0,0,0,0,0
204158,Total students enrolled for credit,546,192,354,2,1,1,3,0,3,125,31,94,6,4,2,0,0,0,387,148,239,17,5,12,6,3,3,0,0,0
204158,Undergraduate students,546,192,354,2,1,1,3,0,3,125,31,94,6,4,2,0,0,0,387,148,239,17,5,12,6,3,3,0,0,0
204176,Total students enrolled for credit,1390,144,1246,1,1,0,21,2,19,117,17,100,19,2,17,1,0,1,1185,113,1072,31,7,24,15,2,13,0,0,0
204176,Undergraduate students,1147,114,1033,1,1,0,16,1,15,92,14,78,17,2,15,1,0,1,983,88,895,25,6,19,12,2,10,0,0,0
204176,Graduate student,243,30,213,0,0,0,5,1,4,25,3,22,2,0,2,0,0,0,202,25,177,6,1,5,3,0,3,0,0,0
204185,Total students enrolled for credit,2386,1211,1175,16,9,7,21,7,14,157,121,36,63,38,25,2,1,1,1879,897,982,74,46,28,125,64,61,49,28,21
204185,Undergraduate students,2195,1149,1046,16,9,7,17,6,11,154,118,36,59,36,23,2,1,1,1718,846,872,69,44,25,111,61,50,49,28,21
204185,Graduate student,191,62,129,0,0,0,4,1,3,3,3,0,4,2,2,0,0,0,161,51,110,5,2,3,14,3,11,0,0,0
204194,Total students enrolled for credit,2717,992,1725,0,0,0,18,10,8,157,57,100,59,26,33,4,2,2,2255,802,1453,51,17,34,148,62,86,25,16,9
204194,Undergraduate students,2122,784,1338,0,0,0,12,7,5,98,40,58,50,23,27,2,2,0,1791,638,1153,44,16,28,109,47,62,16,11,5
204194,Graduate student,595,208,387,0,0,0,6,3,3,59,17,42,9,3,6,2,0,2,464,164,300,7,1,6,39,15,24,9,5,4
204200,Total students enrolled for credit,2362,762,1600,4,3,1,14,5,9,231,85,146,15,4,11,2,1,1,1749,577,1172,58,24,34,282,63,219,7,0,7
204200,Undergraduate students,1462,594,868,4,3,1,7,4,3,150,77,73,11,3,8,2,1,1,1042,440,602,48,20,28,194,46,148,4,0,4
204200,Graduate student,900,168,732,0,0,0,7,1,6,81,8,73,4,1,3,0,0,0,707,137,570,10,4,6,88,17,71,3,0,3
204255,Total students enrolled for credit,3740,1856,1884,9,4,5,13,6,7,68,33,35,32,16,16,0,0,0,3244,1528,1716,99,38,61,275,231,44,0,0,0
204255,Undergraduate students,3740,1856,1884,9,4,5,13,6,7,68,33,35,32,16,16,0,0,0,3244,1528,1716,99,38,61,275,231,44,0,0,0
204264,Total students enrolled for credit,2253,867,1386,7,2,5,17,8,9,84,60,24,47,23,24,0,0,0,1688,652,1036,70,34,36,282,59,223,58,29,29
204264,Undergraduate students,1630,730,900,4,0,4,14,8,6,74,56,18,38,23,15,0,0,0,1283,559,724,58,33,25,101,22,79,58,29,29
204264,Graduate student,623,137,486,3,2,1,3,0,3,10,4,6,9,0,9,0,0,0,405,93,312,12,1,11,181,37,144,0,0,0
204334,Total students enrolled for credit,184,7,177,0,0,0,1,0,1,54,2,52,4,1,3,0,0,0,125,4,121,0,0,0,0,0,0,0,0,0
204334,Undergraduate students,184,7,177,0,0,0,1,0,1,54,2,52,4,1,3,0,0,0,125,4,121,0,0,0,0,0,0,0,0,0
204422,Total students enrolled for credit,3936,1625,2311,10,4,6,44,17,27,131,53,78,77,33,44,9,2,7,3371,1394,1977,111,42,69,171,74,97,12,6,6
204422,Undergraduate students,3936,1625,2311,10,4,6,44,17,27,131,53,78,77,33,44,9,2,7,3371,1394,1977,111,42,69,171,74,97,12,6,6
204431,Total students enrolled for credit,28,10,18,0,0,0,0,0,0,15,5,10,6,4,2,0,0,0,7,1,6,0,0,0,0,0,0,0,0,0
204431,Undergraduate students,28,10,18,0,0,0,0,0,0,15,5,10,6,4,2,0,0,0,7,1,6,0,0,0,0,0,0,0,0,0
204440,Total students enrolled for credit,6066,4159,1907,17,12,5,24,14,10,154,119,35,311,176,135,1,1,0,4275,2703,1572,36,9,27,1241,1120,121,7,5,2
204440,Undergraduate students,6066,4159,1907,17,12,5,24,14,10,154,119,35,311,176,135,1,1,0,4275,2703,1572,36,9,27,1241,1120,121,7,5,2
204459,Total students enrolled for credit,187,52,135,0,0,0,4,2,2,129,38,91,8,3,5,0,0,0,40,6,34,6,3,3,0,0,0,0,0,0
204459,Undergraduate students,187,52,135,0,0,0,4,2,2,129,38,91,8,3,5,0,0,0,40,6,34,6,3,3,0,0,0,0,0,0
204468,Total students enrolled for credit,2296,997,1299,8,3,5,26,14,12,560,285,275,43,26,17,6,3,3,1460,559,901,70,35,35,81,38,43,42,34,8
204468,Undergraduate students,2059,937,1122,8,3,5,25,14,11,510,276,234,41,26,15,6,3,3,1291,510,781,63,34,29,73,37,36,42,34,8
204468,Graduate student,237,60,177,0,0,0,1,0,1,50,9,41,2,0,2,0,0,0,169,49,120,7,1,6,8,1,7,0,0,0
204477,Total students enrolled for credit,961,479,482,1,0,1,233,110,123,38,17,21,23,13,10,1,1,0,596,300,296,25,13,12,44,25,19,0,0,0
204477,Graduate student,961,479,482,1,0,1,233,110,123,38,17,21,23,13,10,1,1,0,596,300,296,25,13,12,44,25,19,0,0,0
204486,Total students enrolled for credit,4818,3823,995,26,19,7,21,14,7,172,102,70,126,99,27,6,6,0,3101,2460,641,0,0,0,1183,999,184,183,124,59
204486,Undergraduate students,4676,3746,930,24,17,7,19,14,5,160,97,63,119,95,24,6,6,0,3024,2421,603,0,0,0,1153,981,172,171,115,56
204486,Graduate student,142,77,65,2,2,0,2,0,2,12,5,7,7,4,3,0,0,0,77,39,38,0,0,0,30,18,12,12,9,3
204501,Total students enrolled for credit,3051,1315,1736,0,0,0,120,47,73,164,80,84,227,102,125,3,2,1,2018,876,1142,219,85,134,18,8,10,282,115,167
204501,Undergraduate students,3030,1303,1727,0,0,0,118,45,73,164,80,84,227,102,125,3,2,1,2006,871,1135,219,85,134,18,8,10,275,110,165
204501,Graduate student,21,12,9,0,0,0,2,2,0,0,0,0,0,0,0,0,0,0,12,5,7,0,0,0,0,0,0,7,5,2
204608,Total students enrolled for credit,1426,1353,73,13,12,1,11,11,0,262,249,13,115,110,5,3,2,1,975,924,51,30,28,2,10,10,0,7,7,0
204608,Undergraduate students,1426,1353,73,13,12,1,11,11,0,262,249,13,115,110,5,3,2,1,975,924,51,30,28,2,10,10,0,7,7,0
204617,Total students enrolled for credit,2952,1155,1797,7,1,6,48,19,29,431,170,261,91,35,56,2,1,1,1915,719,1196,88,41,47,336,149,187,34,20,14
204617,Undergraduate students,2013,873,1140,4,1,3,28,8,20,352,138,214,73,26,47,0,0,0,1195,524,671,74,35,39,264,126,138,23,15,8
204617,Graduate student,939,282,657,3,0,3,20,11,9,79,32,47,18,9,9,2,1,1,720,195,525,14,6,8,72,23,49,11,5,6
204626,Total students enrolled for credit,482,78,404,0,0,0,1,0,1,183,25,158,18,7,11,0,0,0,227,35,192,7,2,5,46,9,37,0,0,0
204626,Undergraduate students,482,78,404,0,0,0,1,0,1,183,25,158,18,7,11,0,0,0,227,35,192,7,2,5,46,9,37,0,0,0
204635,Total students enrolled for credit,3173,1599,1574,7,2,5,58,28,30,118,73,45,40,20,20,1,0,1,2496,1246,1250,87,37,50,205,108,97,161,85,76
204635,Undergraduate students,2310,1280,1030,4,1,3,31,18,13,91,64,27,21,13,8,0,0,0,1823,1003,820,61,29,32,194,103,91,85,49,36
204635,Graduate student,863,319,544,3,1,2,27,10,17,27,9,18,19,7,12,1,0,1,673,243,430,26,8,18,11,5,6,76,36,40
204662,Total students enrolled for credit,786,383,403,1,0,1,4,3,1,10,3,7,16,8,8,0,0,0,719,349,370,12,7,5,23,12,11,1,1,0
204662,Undergraduate students,786,383,403,1,0,1,4,3,1,10,3,7,16,8,8,0,0,0,719,349,370,12,7,5,23,12,11,1,1,0
204671,Total students enrolled for credit,1267,549,718,2,1,1,26,11,15,53,22,31,29,12,17,1,1,0,1060,456,604,46,20,26,48,25,23,2,1,1
204671,Undergraduate students,1238,548,690,2,1,1,26,11,15,52,22,30,29,12,17,1,1,0,1035,456,579,45,20,25,46,24,22,2,1,1
204671,Graduate student,29,1,28,0,0,0,0,0,0,1,0,1,0,0,0,0,0,0,25,0,25,1,0,1,2,1,1,0,0,0
204680,Total students enrolled for credit,1471,682,789,2,2,0,51,32,19,119,50,69,46,19,27,0,0,0,1160,535,625,51,20,31,38,22,16,4,2,2
204680,Undergraduate students,1447,678,769,2,2,0,51,32,19,119,50,69,46,19,27,0,0,0,1137,531,606,51,20,31,37,22,15,4,2,2
204680,Graduate student,24,4,20,0,0,0,0,0,0,0,0,0,0,0,0,0,0,0,23,4,19,0,0,0,1,0,1,0,0,0
204699,Total students enrolled for credit,1347,640,707,9,5,4,52,27,25,48,25,23,51,26,25,3,1,2,1091,513,578,50,24,26,38,16,22,5,3,2
204699,Undergraduate students,1337,639,698,9,5,4,52,27,25,48,25,23,51,26,25,3,1,2,1081,512,569,50,24,26,38,16,22,5,3,2
204699,Graduate student,10,1,9,0,0,0,0,0,0,0,0,0,0,0,0,0,0,0,10,1,9,0,0,0,0,0,0,0,0,0
204705,Total students enrolled for credit,2902,1351,1551,9,7,2,102,53,49,449,218,231,95,46,49,4,3,1,2034,937,1097,122,50,72,84,37,47,3,0,3
204705,Undergraduate students,2869,1350,1519,9,7,2,101,53,48,448,218,230,94,46,48,4,3,1,2005,936,1069,121,50,71,84,37,47,3,0,3
204705,Graduate student,33,1,32,0,0,0,1,0,1,1,0,1,1,0,1,0,0,0,29,1,28,1,0,1,0,0,0,0,0,0
204714,Total students enrolled for credit,182,6,176,1,0,1,0,0,0,22,4,18,8,0,8,0,0,0,139,1,138,12,1,11,0,0,0,0,0,0
204714,Undergraduate students,182,6,176,1,0,1,0,0,0,22,4,18,8,0,8,0,0,0,139,1,138,12,1,11,0,0,0,0,0,0
204723,Total students enrolled for credit,239,191,48,0,0,0,9,9,0,147,117,30,11,10,1,0,0,0,64,47,17,0,0,0,8,8,0,0,0,0
204723,Undergraduate students,239,191,48,0,0,0,9,9,0,147,117,30,11,10,1,0,0,0,64,47,17,0,0,0,8,8,0,0,0,0
204769,Total students enrolled for credit,235,0,235,1,0,1,11,0,11,76,0,76,9,0,9,2,0,2,132,0,132,0,0,0,4,0,4,0,0,0
204769,Undergraduate students,235,0,235,1,0,1,11,0,11,76,0,76,9,0,9,2,0,2,132,0,132,0,0,0,4,0,4,0,0,0
204778,Total students enrolled for credit,167,42,125,0,0,0,1,0,1,55,13,42,8,5,3,1,0,1,99,22,77,0,0,0,3,2,1,0,0,0
204778,Undergraduate students,167,42,125,0,0,0,1,0,1,55,13,42,8,5,3,1,0,1,99,22,77,0,0,0,3,2,1,0,0,0
204796,Total students enrolled for credit,64723,32471,32252,75,35,40,3994,2047,1947,3714,1619,2095,2573,1230,1343,33,22,11,43409,21703,21706,1949,863,1086,2143,1142,1001,6833,3810,3023
204796,Undergraduate students,49185,25564,23621,56,23,33,3167,1673,1494,2913,1338,1575,1941,957,984,28,18,10,33925,17826,16099,1587,725,862,1642,910,732,3926,2094,1832
204796,Graduate student,15538,6907,8631,19,12,7,827,374,453,801,281,520,632,273,359,5,4,1,9484,3877,5607,362,138,224,501,232,269,2907,1716,1191
204802,Total students enrolled for credit,781,321,460,2,0,2,5,2,3,21,12,9,11,7,4,0,0,0,703,282,421,20,9,11,15,7,8,4,2,2
204802,Undergraduate students,781,321,460,2,0,2,5,2,3,21,12,9,11,7,4,0,0,0,703,282,421,20,9,11,15,7,8,4,2,2
204820,Total students enrolled for credit,2194,812,1382,7,2,5,14,7,7,64,32,32,24,7,17,2,1,1,1933,711,1222,108,35,73,37,15,22,5,2,3
204820,Undergraduate students,2194,812,1382,7,2,5,14,7,7,64,32,32,24,7,17,2,1,1,1933,711,1222,108,35,73,37,15,22,5,2,3
204839,Total students enrolled for credit,1716,573,1143,3,0,3,10,3,7,37,15,22,20,7,13,1,0,1,1537,515,1022,62,22,40,43,10,33,3,1,2
204839,Undergraduate students,1716,573,1143,3,0,3,10,3,7,37,15,22,20,7,13,1,0,1,1537,515,1022,62,22,40,43,10,33,3,1,2
204848,Total students enrolled for credit,2216,889,1327,5,2,3,20,5,15,85,38,47,39,21,18,0,0,0,1937,767,1170,84,36,48,37,14,23,9,6,3
204848,Undergraduate students,2216,889,1327,5,2,3,20,5,15,85,38,47,39,21,18,0,0,0,1937,767,1170,84,36,48,37,14,23,9,6,3
204857,Total students enrolled for credit,33991,13882,20109,80,30,50,520,226,294,1985,801,1184,1059,464,595,30,15,15,26935,10696,16239,1073,437,636,682,295,387,1627,918,709
204857,Undergraduate students,26467,10187,16280,61,20,41,296,99,197,1486,536,950,776,296,480,23,11,12,21827,8333,13494,903,361,542,410,141,269,685,390,295
204857,Graduate student,7524,3695,3829,19,10,9,224,127,97,499,265,234,283,168,115,7,4,3,5108,2363,2745,170,76,94,272,154,118,942,528,414
204866,Total students enrolled for credit,1666,483,1183,0,0,0,4,1,3,54,16,38,26,10,16,0,0,0,1472,419,1053,73,23,50,30,10,20,7,4,3
204866,Undergraduate students,1666,483,1183,0,0,0,4,1,3,54,16,38,26,10,16,0,0,0,1472,419,1053,73,23,50,30,10,20,7,4,3
204884,Total students enrolled for credit,304,23,281,1,0,1,1,0,1,6,1,5,0,0,0,0,0,0,295,22,273,1,0,1,0,0,0,0,0,0
204884,Undergraduate students,304,23,281,1,0,1,1,0,1,6,1,5,0,0,0,0,0,0,295,22,273,1,0,1,0,0,0,0,0,0
204893,Total students enrolled for credit,104,16,88,0,0,0,0,0,0,3,0,3,0,0,0,0,0,0,100,16,84,1,0,1,0,0,0,0,0,0
204893,Undergraduate students,104,16,88,0,0,0,0,0,0,3,0,3,0,0,0,0,0,0,100,16,84,1,0,1,0,0,0,0,0,0
204909,Total students enrolled for credit,1712,816,896,1,0,1,55,23,32,148,88,60,86,29,57,2,0,2,1157,550,607,81,43,38,88,36,52,94,47,47
204909,Undergraduate students,1712,816,896,1,0,1,55,23,32,148,88,60,86,29,57,2,0,2,1157,550,607,81,43,38,88,36,52,94,47,47
204936,Total students enrolled for credit,3320,1198,2122,6,2,4,79,19,60,208,77,131,68,23,45,1,0,1,2543,916,1627,123,54,69,234,91,143,58,16,42
204936,Undergraduate students,2608,1020,1588,5,1,4,59,12,47,171,67,104,65,22,43,1,0,1,1976,778,1198,111,50,61,166,75,91,54,15,39
204936,Graduate student,712,178,534,1,1,0,20,7,13,37,10,27,3,1,2,0,0,0,567,138,429,12,4,8,68,16,52,4,1,3
204945,Total students enrolled for credit,15549,8271,7278,52,32,20,149,70,79,1576,703,873,1030,454,576,10,7,3,10707,5897,4810,339,137,202,1546,873,673,140,98,42
204945,Undergraduate students,15549,8271,7278,52,32,20,149,70,79,1576,703,873,1030,454,576,10,7,3,10707,5897,4810,339,137,202,1546,873,673,140,98,42
204963,Total students enrolled for credit,79,1,78,0,0,0,2,1,1,2,0,2,0,0,0,0,0,0,75,0,75,0,0,0,0,0,0,0,0,0
204963,Undergraduate students,79,1,78,0,0,0,2,1,1,2,0,2,0,0,0,0,0,0,75,0,75,0,0,0,0,0,0,0,0,0
204981,Total students enrolled for credit,123,41,82,3,1,2,4,2,2,42,8,34,6,3,3,1,0,1,62,26,36,5,1,4,0,0,0,0,0,0
204981,Undergraduate students,123,41,82,3,1,2,4,2,2,42,8,34,6,3,3,1,0,1,62,26,36,5,1,4,0,0,0,0,0,0
204990,Total students enrolled for credit,210,101,109,0,0,0,0,0,0,209,101,108,1,0,1,0,0,0,0,0,0,0,0,0,0,0,0,0,0,0
204990,Graduate student,210,101,109,0,0,0,0,0,0,209,101,108,1,0,1,0,0,0,0,0,0,0,0,0,0,0,0,0,0,0
205027,Total students enrolled for credit,174,173,1,0,0,0,5,5,0,1,1,0,14,14,0,0,0,0,128,128,0,1,1,0,5,4,1,20,20,0
205027,Undergraduate students,97,97,0,0,0,0,3,3,0,1,1,0,9,9,0,0,0,0,77,77,0,1,1,0,0,0,0,6,6,0
205027,Graduate student,77,76,1,0,0,0,2,2,0,0,0,0,5,5,0,0,0,0,51,51,0,0,0,0,5,4,1,14,14,0
205054,Total students enrolled for credit,629,79,550,1,0,1,11,7,4,242,19,223,25,1,24,0,0,0,323,50,273,26,2,24,1,0,1,0,0,0
205054,Undergraduate students,629,79,550,1,0,1,11,7,4,242,19,223,25,1,24,0,0,0,323,50,273,26,2,24,1,0,1,0,0,0
205090,Total students enrolled for credit,66,7,59,0,0,0,0,0,0,1,0,1,3,0,3,0,0,0,58,7,51,4,0,4,0,0,0,0,0,0
205090,Undergraduate students,66,7,59,0,0,0,0,0,0,1,0,1,3,0,3,0,0,0,58,7,51,4,0,4,0,0,0,0,0,0
205124,Total students enrolled for credit,75,75,0,0,0,0,0,0,0,0,0,0,0,0,0,0,0,0,75,75,0,0,0,0,0,0,0,0,0,0
205124,Undergraduate students,49,49,0,0,0,0,0,0,0,0,0,0,0,0,0,0,0,0,49,49,0,0,0,0,0,0,0,0,0,0
205124,Graduate student,26,26,0,0,0,0,0,0,0,0,0,0,0,0,0,0,0,0,26,26,0,0,0,0,0,0,0,0,0,0
205142,Total students enrolled for credit,218,77,141,0,0,0,1,0,1,60,32,28,11,8,3,1,1,0,136,35,101,9,1,8,0,0,0,0,0,0
205142,Undergraduate students,218,77,141,0,0,0,1,0,1,60,32,28,11,8,3,1,1,0,136,35,101,9,1,8,0,0,0,0,0,0
205179,Total students enrolled for credit,1319,264,1055,2,1,1,5,2,3,186,35,151,11,4,7,3,1,2,416,82,334,2,0,2,692,139,553,2,0,2
205179,Undergraduate students,1319,264,1055,2,1,1,5,2,3,186,35,151,11,4,7,3,1,2,416,82,334,2,0,2,692,139,553,2,0,2
205203,Total students enrolled for credit,2335,845,1490,9,1,8,9,3,6,86,46,40,25,16,9,0,0,0,1815,610,1205,7,3,4,357,140,217,27,26,1
205203,Undergraduate students,2267,816,1451,9,1,8,9,3,6,82,45,37,25,16,9,0,0,0,1767,588,1179,7,3,4,342,135,207,26,25,1
205203,Graduate student,68,29,39,0,0,0,0,0,0,4,1,3,0,0,0,0,0,0,48,22,26,0,0,0,15,5,10,1,1,0
205391,Total students enrolled for credit,199,60,139,2,1,1,4,0,4,12,6,6,7,4,3,0,0,0,172,48,124,1,1,0,1,0,1,0,0,0
205391,Undergraduate students,199,60,139,2,1,1,4,0,4,12,6,6,7,4,3,0,0,0,172,48,124,1,1,0,1,0,1,0,0,0
205443,Total students enrolled for credit,3972,1776,2196,26,10,16,24,11,13,223,129,94,29,16,13,5,2,3,3416,1470,1946,90,55,35,95,46,49,64,37,27
205443,Undergraduate students,3674,1692,1982,26,10,16,20,11,9,223,129,94,28,16,12,5,2,3,3151,1398,1753,90,55,35,87,43,44,44,28,16
205443,Graduate student,298,84,214,0,0,0,4,0,4,0,0,0,1,0,1,0,0,0,265,72,193,0,0,0,8,3,5,20,9,11
205470,Total students enrolled for credit,30680,13518,17162,189,100,89,629,298,331,4225,1679,2546,988,414,574,43,19,24,18542,7852,10690,991,391,600,4228,2139,2089,845,626,219
205470,Undergraduate students,30680,13518,17162,189,100,89,629,298,331,4225,1679,2546,988,414,574,43,19,24,18542,7852,10690,991,391,600,4228,2139,2089,845,626,219
205513,Total students enrolled for credit,68,13,55,0,0,0,0,0,0,0,0,0,0,0,0,0,0,0,68,13,55,0,0,0,0,0,0,0,0,0
205513,Undergraduate students,68,13,55,0,0,0,0,0,0,0,0,0,0,0,0,0,0,0,68,13,55,0,0,0,0,0,0,0,0,0
205559,Total students enrolled for credit,224,48,176,0,0,0,1,0,1,143,30,113,6,1,5,0,0,0,67,16,51,6,1,5,1,0,1,0,0,0
205559,Undergraduate students,224,48,176,0,0,0,1,0,1,143,30,113,6,1,5,0,0,0,67,16,51,6,1,5,1,0,1,0,0,0
205610,Total students enrolled for credit,314,70,244,1,0,1,0,0,0,146,29,117,17,4,13,2,0,2,139,31,108,0,0,0,9,6,3,0,0,0
205610,Undergraduate students,314,70,244,1,0,1,0,0,0,146,29,117,17,4,13,2,0,2,139,31,108,0,0,0,9,6,3,0,0,0
205647,Total students enrolled for credit,204,24,180,1,1,0,1,0,1,50,3,47,4,0,4,0,0,0,142,18,124,0,0,0,6,2,4,0,0,0
205647,Undergraduate students,204,24,180,1,1,0,1,0,1,50,3,47,4,0,4,0,0,0,142,18,124,0,0,0,6,2,4,0,0,0
205841,Total students enrolled for credit,15018,6507,8511,56,21,35,281,135,146,1650,591,1059,206,82,124,13,5,8,10831,4792,6039,504,189,315,1476,691,785,1,1,0
205841,Undergraduate students,15018,6507,8511,56,21,35,281,135,146,1650,591,1059,206,82,124,13,5,8,10831,4792,6039,504,189,315,1476,691,785,1,1,0
205887,Total students enrolled for credit,1185,188,997,4,2,2,4,1,3,259,47,212,92,11,81,0,0,0,753,110,643,61,12,49,12,5,7,0,0,0
205887,Undergraduate students,1185,188,997,4,2,2,4,1,3,259,47,212,92,11,81,0,0,0,753,110,643,61,12,49,12,5,7,0,0,0
205957,Total students enrolled for credit,3168,1304,1864,8,2,6,71,28,43,26,15,11,317,126,191,0,0,0,2443,981,1462,69,23,46,173,94,79,61,35,26
205957,Undergraduate students,2230,892,1338,5,2,3,42,17,25,16,9,7,233,86,147,0,0,0,1784,710,1074,50,12,38,81,46,35,19,10,9
205957,Graduate student,938,412,526,3,0,3,29,11,18,10,6,4,84,40,44,0,0,0,659,271,388,19,11,8,92,48,44,42,25,17
205966,Total students enrolled for credit,3617,1262,2355,16,5,11,10,2,8,67,26,41,33,12,21,6,3,3,3331,1152,2179,64,25,39,89,37,52,1,0,1
205966,Undergraduate students,3617,1262,2355,16,5,11,10,2,8,67,26,41,33,12,21,6,3,3,3331,1152,2179,64,25,39,89,37,52,1,0,1
206011,Total students enrolled for credit,3139,1604,1535,13,5,8,17,8,9,149,74,75,228,110,118,0,0,0,2557,1322,1235,23,11,12,145,71,74,7,3,4
206011,Undergraduate students,3139,1604,1535,13,5,8,17,8,9,149,74,75,228,110,118,0,0,0,2557,1322,1235,23,11,12,145,71,74,7,3,4
206039,Total students enrolled for credit,54,1,53,0,0,0,0,0,0,2,0,2,3,0,3,0,0,0,49,1,48,0,0,0,0,0,0,0,0,0
206039,Undergraduate students,54,1,53,0,0,0,0,0,0,2,0,2,3,0,3,0,0,0,49,1,48,0,0,0,0,0,0,0,0,0
206048,Total students enrolled for credit,4210,2027,2183,7,2,5,22,8,14,595,225,370,144,62,82,3,1,2,1913,832,1081,55,25,30,999,486,513,472,386,86
206048,Undergraduate students,2777,1449,1328,4,1,3,11,3,8,351,158,193,95,44,51,0,0,0,1142,518,624,39,20,19,792,403,389,343,302,41
206048,Graduate student,1433,578,855,3,1,2,11,5,6,244,67,177,49,18,31,3,1,2,771,314,457,16,5,11,207,83,124,129,84,45
206084,Total students enrolled for credit,23248,11360,11888,31,16,15,662,307,355,2506,1091,1415,1084,452,632,18,10,8,15586,7497,8089,610,262,348,785,394,391,1966,1331,635
206084,Undergraduate students,18077,9163,8914,29,16,13,385,181,204,2144,953,1191,928,401,527,12,7,5,12271,6235,6036,537,237,300,621,306,315,1150,827,323
206084,Graduate student,5171,2197,2974,2,0,2,277,126,151,362,138,224,156,51,105,6,3,3,3315,1262,2053,73,25,48,164,88,76,816,504,312
206154,Total students enrolled for credit,57,40,17,0,0,0,1,1,0,17,7,10,0,0,0,0,0,0,37,31,6,2,1,1,0,0,0,0,0,0
206154,Undergraduate students,49,33,16,0,0,0,1,1,0,16,6,10,0,0,0,0,0,0,30,25,5,2,1,1,0,0,0,0,0,0
206154,Graduate student,8,7,1,0,0,0,0,0,0,1,1,0,0,0,0,0,0,0,7,6,1,0,0,0,0,0,0,0,0,0
206172,Total students enrolled for credit,84,14,70,3,1,2,1,1,0,5,1,4,0,0,0,0,0,0,74,11,63,1,0,1,0,0,0,0,0,0
206172,Undergraduate students,84,14,70,3,1,2,1,1,0,5,1,4,0,0,0,0,0,0,74,11,63,1,0,1,0,0,0,0,0,0
206181,Total students enrolled for credit,167,33,134,0,0,0,1,0,1,8,0,8,0,0,0,0,0,0,154,33,121,4,0,4,0,0,0,0,0,0
206181,Undergraduate students,167,33,134,0,0,0,1,0,1,8,0,8,0,0,0,0,0,0,154,33,121,4,0,4,0,0,0,0,0,0
206215,Total students enrolled for credit,114,72,42,2,0,2,0,0,0,13,10,3,1,1,0,0,0,0,95,58,37,2,2,0,0,0,0,1,1,0
206215,Graduate student,114,72,42,2,0,2,0,0,0,13,10,3,1,1,0,0,0,0,95,58,37,2,2,0,0,0,0,1,1,0
206279,Total students enrolled for credit,1869,830,1039,7,4,3,17,7,10,363,112,251,367,170,197,11,7,4,742,375,367,53,20,33,308,135,173,1,0,1
206279,Undergraduate students,1391,673,718,5,4,1,13,7,6,247,72,175,332,157,175,8,6,2,525,297,228,37,18,19,224,112,112,0,0,0
206279,Graduate student,478,157,321,2,0,2,4,0,4,116,40,76,35,13,22,3,1,2,217,78,139,16,2,14,84,23,61,1,0,1
206288,Total students enrolled for credit,480,259,221,1,0,1,6,3,3,150,76,74,1,1,0,0,0,0,165,101,64,1,0,1,139,67,72,17,11,6
206288,Graduate student,480,259,221,1,0,1,6,3,3,150,76,74,1,1,0,0,0,0,165,101,64,1,0,1,139,67,72,17,11,6
206321,Total students enrolled for credit,410,165,245,0,0,0,3,2,1,18,10,8,0,0,0,1,1,0,379,149,230,5,1,4,4,2,2,0,0,0
206321,Undergraduate students,410,165,245,0,0,0,3,2,1,18,10,8,0,0,0,1,1,0,379,149,230,5,1,4,4,2,2,0,0,0
206330,Total students enrolled for credit,3661,1643,2018,6,5,1,49,23,26,273,208,65,36,17,19,7,4,3,1894,812,1082,60,32,28,1302,521,781,34,21,13
206330,Undergraduate students,3337,1539,1798,5,5,0,24,11,13,218,184,34,31,15,16,4,2,2,1764,780,984,57,32,25,1213,499,714,21,11,10
206330,Graduate student,324,104,220,1,0,1,25,12,13,55,24,31,5,2,3,3,2,1,130,32,98,3,0,3,89,22,67,13,10,3
206349,Total students enrolled for credit,1513,145,1368,3,1,2,25,3,22,348,23,325,26,0,26,1,0,1,953,105,848,48,1,47,89,9,80,20,3,17
206349,Undergraduate students,792,58,734,0,0,0,16,1,15,200,10,190,17,0,17,1,0,1,456,40,416,34,1,33,55,5,50,13,1,12
206349,Graduate student,721,87,634,3,1,2,9,2,7,148,13,135,9,0,9,0,0,0,497,65,432,14,0,14,34,4,30,7,2,5
206394,Total students enrolled for credit,176,36,140,2,0,2,1,1,0,66,12,54,11,4,7,0,0,0,82,18,64,13,1,12,0,0,0,1,0,1
206394,Undergraduate students,176,36,140,2,0,2,1,1,0,66,12,54,11,4,7,0,0,0,82,18,64,13,1,12,0,0,0,1,0,1
206437,Total students enrolled for credit,3168,1158,2010,12,1,11,20,5,15,181,104,77,71,23,48,2,1,1,2253,792,1461,51,22,29,468,141,327,110,69,41
206437,Undergraduate students,2250,901,1349,6,1,5,16,4,12,152,95,57,57,20,37,2,1,1,1651,609,1042,48,22,26,226,93,133,92,56,36
206437,Graduate student,918,257,661,6,0,6,4,1,3,29,9,20,14,3,11,0,0,0,602,183,419,3,0,3,242,48,194,18,13,5
206446,Total students enrolled for credit,2169,864,1305,10,6,4,11,6,5,30,9,21,33,13,20,2,0,2,2040,811,1229,22,8,14,21,11,10,0,0,0
206446,Undergraduate students,2169,864,1305,10,6,4,11,6,5,30,9,21,33,13,20,2,0,2,2040,811,1229,22,8,14,21,11,10,0,0,0
206482,Total students enrolled for credit,183,4,179,0,0,0,2,0,2,110,2,108,1,1,0,0,0,0,68,1,67,0,0,0,2,0,2,0,0,0
206482,Undergraduate students,183,4,179,0,0,0,2,0,2,110,2,108,1,1,0,0,0,0,68,1,67,0,0,0,2,0,2,0,0,0
206491,Total students enrolled for credit,751,319,432,4,2,2,0,0,0,686,288,398,0,0,0,0,0,0,16,7,9,0,0,0,42,22,20,3,0,3
206491,Undergraduate students,727,308,419,4,2,2,0,0,0,664,278,386,0,0,0,0,0,0,16,7,9,0,0,0,41,21,20,2,0,2
206491,Graduate student,24,11,13,0,0,0,0,0,0,22,10,12,0,0,0,0,0,0,0,0,0,0,0,0,1,1,0,1,0,1
206507,Total students enrolled for credit,1204,542,662,5,3,2,5,3,2,145,85,60,26,9,17,0,0,0,924,396,528,47,26,21,38,6,32,14,14,0
206507,Undergraduate students,1204,542,662,5,3,2,5,3,2,145,85,60,26,9,17,0,0,0,924,396,528,47,26,21,38,6,32,14,14,0
206516,Total students enrolled for credit,153,92,61,0,0,0,2,0,2,18,10,8,4,4,0,0,0,0,120,73,47,3,1,2,1,1,0,5,3,2
206516,Graduate student,153,92,61,0,0,0,2,0,2,18,10,8,4,4,0,0,0,0,120,73,47,3,1,2,1,1,0,5,3,2
206525,Total students enrolled for credit,2099,928,1171,5,1,4,24,7,17,194,104,90,72,28,44,1,0,1,1605,705,900,109,51,58,55,16,39,34,16,18
206525,Undergraduate students,2053,916,1137,5,1,4,24,7,17,194,104,90,71,28,43,1,0,1,1581,694,887,109,51,58,34,15,19,34,16,18
206525,Graduate student,46,12,34,0,0,0,0,0,0,0,0,0,1,0,1,0,0,0,24,11,13,0,0,0,21,1,20,0,0,0
206589,Total students enrolled for credit,2122,977,1145,29,12,17,101,39,62,172,87,85,103,54,49,2,1,1,1417,646,771,0,0,0,46,19,27,252,119,133
206589,Undergraduate students,2122,977,1145,29,12,17,101,39,62,172,87,85,103,54,49,2,1,1,1417,646,771,0,0,0,46,19,27,252,119,133
206604,Total students enrolled for credit,19277,9195,10082,33,16,17,638,316,322,2007,735,1272,609,292,317,15,8,7,13413,6253,7160,653,291,362,139,77,62,1770,1207,563
206604,Undergraduate students,14332,6846,7486,22,12,10,427,219,208,1608,598,1010,491,234,257,11,6,5,10556,5024,5532,558,256,302,81,48,33,578,449,129
206604,Graduate student,4945,2349,2596,11,4,7,211,97,114,399,137,262,118,58,60,4,2,2,2857,1229,1628,95,35,60,58,29,29,1192,758,434
206613,Total students enrolled for credit,1791,832,959,0,0,0,19,7,12,72,35,37,35,20,15,1,0,1,1586,719,867,31,14,17,12,6,6,35,31,4
206613,Undergraduate students,1751,810,941,0,0,0,19,7,12,71,34,37,35,20,15,1,0,1,1547,698,849,31,14,17,12,6,6,35,31,4
206613,Graduate student,40,22,18,0,0,0,0,0,0,1,1,0,0,0,0,0,0,0,39,21,18,0,0,0,0,0,0,0,0,0
206622,Total students enrolled for credit,7675,3335,4340,9,5,4,194,75,119,718,281,437,363,175,188,12,8,4,5646,2435,3211,236,104,132,278,126,152,219,126,93
206622,Undergraduate students,4893,2290,2603,7,5,2,124,46,78,485,210,275,256,130,126,7,3,4,3452,1621,1831,185,81,104,231,107,124,146,87,59
206622,Graduate student,2782,1045,1737,2,0,2,70,29,41,233,71,162,107,45,62,5,5,0,2194,814,1380,51,23,28,47,19,28,73,39,34
206695,Total students enrolled for credit,14940,6806,8134,23,9,14,165,75,90,1493,630,863,768,393,375,8,7,1,11294,5109,6185,427,199,228,597,265,332,165,119,46
206695,Undergraduate students,13131,6167,6964,18,9,9,147,67,80,1393,601,792,722,377,345,7,7,0,9843,4628,5215,418,198,220,535,247,288,48,33,15
206695,Graduate student,1809,639,1170,5,0,5,18,8,10,100,29,71,46,16,30,1,0,1,1451,481,970,9,1,8,62,18,44,117,86,31
206783,Total students enrolled for credit,26,22,4,0,0,0,0,0,0,9,6,3,0,0,0,0,0,0,16,15,1,1,1,0,0,0,0,0,0,0
206783,Undergraduate students,26,22,4,0,0,0,0,0,0,9,6,3,0,0,0,0,0,0,16,15,1,1,1,0,0,0,0,0,0,0
206817,Total students enrolled for credit,1094,688,406,303,150,153,40,30,10,312,247,65,108,75,33,6,3,3,180,99,81,29,17,12,86,40,46,30,27,3
206817,Undergraduate students,1094,688,406,303,150,153,40,30,10,312,247,65,108,75,33,6,3,3,180,99,81,29,17,12,86,40,46,30,27,3
206835,Total students enrolled for credit,1559,571,988,129,30,99,10,3,7,139,51,88,116,57,59,3,0,3,993,367,626,76,34,42,71,10,61,22,19,3
206835,Undergraduate students,1232,454,778,95,23,72,6,2,4,104,45,59,103,51,52,2,0,2,788,288,500,67,27,40,52,6,46,15,12,3
206835,Graduate student,327,117,210,34,7,27,4,1,3,35,6,29,13,6,7,1,0,1,205,79,126,9,7,2,19,4,15,7,7,0
206862,Total students enrolled for credit,2542,1191,1351,108,54,54,35,13,22,358,157,201,193,92,101,8,4,4,1525,735,790,175,65,110,97,46,51,43,25,18
206862,Undergraduate students,1743,835,908,61,34,27,18,4,14,225,112,113,159,74,85,7,4,3,1063,513,550,123,48,75,59,29,30,28,17,11
206862,Graduate student,799,356,443,47,20,27,17,9,8,133,45,88,34,18,16,1,0,1,462,222,240,52,17,35,38,17,21,15,8,7
206880,Total students enrolled for credit,102,3,99,7,0,7,4,1,3,11,0,11,5,0,5,0,0,0,64,1,63,11,1,10,0,0,0,0,0,0
206880,Undergraduate students,102,3,99,7,0,7,4,1,3,11,0,11,5,0,5,0,0,0,64,1,63,11,1,10,0,0,0,0,0,0
206905,Total students enrolled for credit,114,54,60,25,10,15,1,1,0,4,2,2,5,2,3,0,0,0,53,24,29,13,7,6,13,8,5,0,0,0
206905,Undergraduate students,114,54,60,25,10,15,1,1,0,4,2,2,5,2,3,0,0,0,53,24,29,13,7,6,13,8,5,0,0,0
206914,Total students enrolled for credit,5918,2348,3570,308,113,195,90,42,48,765,298,467,700,301,399,34,16,18,3061,1173,1888,514,187,327,171,81,90,275,137,138
206914,Undergraduate students,5383,2169,3214,293,109,184,79,37,42,703,278,425,655,285,370,33,15,18,2761,1081,1680,484,178,306,159,76,83,216,110,106
206914,Graduate student,535,179,356,15,4,11,11,5,6,62,20,42,45,16,29,1,1,0,300,92,208,30,9,21,12,5,7,59,27,32
206923,Total students enrolled for credit,2727,990,1737,650,251,399,9,6,3,75,30,45,173,63,110,1,1,0,1573,541,1032,171,60,111,38,15,23,37,23,14
206923,Undergraduate students,2727,990,1737,650,251,399,9,6,3,75,30,45,173,63,110,1,1,0,1573,541,1032,171,60,111,38,15,23,37,23,14
206932,Total students enrolled for credit,367,19,348,8,0,8,7,0,7,108,8,100,31,2,29,3,0,3,184,6,178,23,3,20,1,0,1,2,0,2
206932,Undergraduate students,367,19,348,8,0,8,7,0,7,108,8,100,31,2,29,3,0,3,184,6,178,23,3,20,1,0,1,2,0,2
206941,Total students enrolled for credit,19428,7849,11579,696,280,416,612,262,350,1737,641,1096,1745,671,1074,30,17,13,10834,4285,6549,1710,652,1058,536,227,309,1528,814,714
206941,Undergraduate students,17354,7221,10133,628,260,368,577,253,324,1521,578,943,1630,635,995,29,16,13,9623,3942,5681,1598,618,980,472,206,266,1276,713,563
206941,Graduate student,2074,628,1446,68,20,48,35,9,26,216,63,153,115,36,79,1,1,0,1211,343,868,112,34,78,64,21,43,252,101,151
206969,Total students enrolled for credit,33,1,32,0,0,0,0,0,0,1,0,1,1,1,0,0,0,0,31,0,31,0,0,0,0,0,0,0,0,0
206969,Undergraduate students,33,1,32,0,0,0,0,0,0,1,0,1,1,1,0,0,0,0,31,0,31,0,0,0,0,0,0,0,0,0
206996,Total students enrolled for credit,3054,972,2082,819,231,588,13,7,6,207,74,133,130,45,85,2,0,2,1295,435,860,391,101,290,135,53,82,62,26,36
206996,Undergraduate students,3054,972,2082,819,231,588,13,7,6,207,74,133,130,45,85,2,0,2,1295,435,860,391,101,290,135,53,82,62,26,36
207041,Total students enrolled for credit,4962,1941,3021,700,257,443,19,4,15,185,114,71,248,99,149,9,5,4,2827,1013,1814,380,142,238,118,48,70,476,259,217
207041,Undergraduate students,3959,1640,2319,566,217,349,18,4,14,138,88,50,218,90,128,8,5,3,2167,835,1332,335,128,207,94,40,54,415,233,182
207041,Graduate student,1003,301,702,134,40,94,1,0,1,47,26,21,30,9,21,1,0,1,660,178,482,45,14,31,24,8,16,61,26,35
207050,Total students enrolled for credit,2104,726,1378,547,197,350,27,10,17,97,38,59,92,41,51,3,2,1,1243,407,836,69,23,46,21,5,16,5,3,2
207050,Undergraduate students,2104,726,1378,547,197,350,27,10,17,97,38,59,92,41,51,3,2,1,1243,407,836,69,23,46,21,5,16,5,3,2
207069,Total students enrolled for credit,3850,1554,2296,434,176,258,45,22,23,195,97,98,339,143,196,113,51,62,1960,735,1225,56,17,39,103,50,53,605,263,342
207069,Undergraduate students,3850,1554,2296,434,176,258,45,22,23,195,97,98,339,143,196,113,51,62,1960,735,1225,56,17,39,103,50,53,605,263,342
207087,Total students enrolled for credit,56,0,56,5,0,5,0,0,0,3,0,3,4,0,4,0,0,0,40,0,40,4,0,4,0,0,0,0,0,0
207087,Undergraduate students,56,0,56,5,0,5,0,0,0,3,0,3,4,0,4,0,0,0,40,0,40,4,0,4,0,0,0,0,0,0
207102,Total students enrolled for credit,175,44,131,8,3,5,2,1,1,48,32,16,9,3,6,0,0,0,93,3,90,15,2,13,0,0,0,0,0,0
207102,Undergraduate students,175,44,131,8,3,5,2,1,1,48,32,16,9,3,6,0,0,0,93,3,90,15,2,13,0,0,0,0,0,0
207157,Total students enrolled for credit,391,225,166,25,16,9,2,1,1,49,36,13,81,36,45,2,1,1,179,108,71,8,5,3,13,7,6,32,15,17
207157,Undergraduate students,369,215,154,24,15,9,2,1,1,48,36,12,80,36,44,2,1,1,166,102,64,7,5,2,12,6,6,28,13,15
207157,Graduate student,22,10,12,1,1,0,0,0,0,1,0,1,1,0,1,0,0,0,13,6,7,1,0,1,1,1,0,4,2,2
207209,Total students enrolled for credit,2879,1010,1869,22,9,13,13,1,12,1900,690,1210,57,22,35,2,0,2,272,64,208,161,54,107,196,84,112,256,86,170
207209,Undergraduate students,2346,875,1471,17,7,10,7,0,7,1677,616,1061,54,21,33,0,0,0,120,32,88,153,51,102,177,78,99,141,70,71
207209,Graduate student,533,135,398,5,2,3,6,1,5,223,74,149,3,1,2,2,0,2,152,32,120,8,3,5,19,6,13,115,16,99
207236,Total students enrolled for credit,3025,1016,2009,179,44,135,30,12,18,77,25,52,220,75,145,1,0,1,1660,515,1145,568,191,377,21,9,12,269,145,124
207236,Undergraduate students,3025,1016,2009,179,44,135,30,12,18,77,25,52,220,75,145,1,0,1,1660,515,1145,568,191,377,21,9,12,269,145,124
207254,Total students enrolled for credit,1538,1393,145,60,54,6,46,46,0,140,125,15,277,236,41,1,1,0,765,711,54,154,134,20,54,48,6,41,38,3
207254,Undergraduate students,1538,1393,145,60,54,6,46,46,0,140,125,15,277,236,41,1,1,0,765,711,54,154,134,20,54,48,6,41,38,3
207263,Total students enrolled for credit,9556,3603,5953,1663,599,1064,213,92,121,394,168,226,518,191,327,4,2,2,4797,1756,3041,1698,628,1070,61,24,37,208,143,65
207263,Undergraduate students,8087,3209,4878,1423,530,893,187,81,106,342,154,188,464,179,285,4,2,2,3908,1525,2383,1528,592,936,51,19,32,180,127,53
207263,Graduate student,1469,394,1075,240,69,171,26,11,15,52,14,38,54,12,42,0,0,0,889,231,658,170,36,134,10,5,5,28,16,12
207272,Total students enrolled for credit,37,9,28,8,3,5,0,0,0,7,3,4,3,0,3,0,0,0,19,3,16,0,0,0,0,0,0,0,0,0
207272,Undergraduate students,37,9,28,8,3,5,0,0,0,7,3,4,3,0,3,0,0,0,19,3,16,0,0,0,0,0,0,0,0,0
207281,Total students enrolled for credit,6444,2684,3760,616,238,378,52,28,24,288,159,129,521,203,318,19,7,12,3728,1441,2287,1053,484,569,41,22,19,126,102,24
207281,Undergraduate students,6444,2684,3760,616,238,378,52,28,24,288,159,129,521,203,318,19,7,12,3728,1441,2287,1053,484,569,41,22,19,126,102,24
207290,Total students enrolled for credit,2649,1259,1390,584,243,341,16,8,8,219,172,47,123,64,59,11,2,9,1435,618,817,151,77,74,49,30,19,61,45,16
207290,Undergraduate students,2649,1259,1390,584,243,341,16,8,8,219,172,47,123,64,59,11,2,9,1435,618,817,151,77,74,49,30,19,61,45,16
207306,Total students enrolled for credit,2623,1068,1555,178,63,115,19,4,15,162,119,43,202,75,127,9,3,6,1667,624,1043,30,13,17,190,70,120,166,97,69
207306,Undergraduate students,2321,963,1358,163,58,105,16,4,12,146,109,37,184,68,116,8,3,5,1448,551,897,30,13,17,167,63,104,159,94,65
207306,Graduate student,302,105,197,15,5,10,3,0,3,16,10,6,18,7,11,1,0,1,219,73,146,0,0,0,23,7,16,7,3,4
207315,Total students enrolled for credit,1037,537,500,55,24,31,69,34,35,47,20,27,54,31,23,2,2,0,611,333,278,82,34,48,93,46,47,24,13,11
207315,Graduate student,1037,537,500,55,24,31,69,34,35,47,20,27,54,31,23,2,2,0,611,333,278,82,34,48,93,46,47,24,13,11
207324,Total students enrolled for credit,3000,1670,1330,45,25,20,472,335,137,347,180,167,147,68,79,3,3,0,1735,932,803,180,92,88,71,35,36,0,0,0
207324,Undergraduate students,2112,1061,1051,35,20,15,93,41,52,162,77,85,123,52,71,2,2,0,1479,765,714,151,72,79,67,32,35,0,0,0
207324,Graduate student,888,609,279,10,5,5,379,294,85,185,103,82,24,16,8,1,1,0,256,167,89,29,20,9,4,3,1,0,0,0
207342,Total students enrolled for credit,3872,1238,2634,132,33,99,390,149,241,112,33,79,216,66,150,4,0,4,2548,794,1754,173,58,115,196,62,134,101,43,58
207342,Undergraduate students,975,126,849,40,7,33,67,12,55,34,4,30,81,14,67,1,0,1,636,70,566,29,4,25,81,14,67,6,1,5
207342,Graduate student,2897,1112,1785,92,26,66,323,137,186,78,29,49,135,52,83,3,0,3,1912,724,1188,144,54,90,115,48,67,95,42,53
207351,Total students enrolled for credit,1428,689,739,41,13,28,12,6,6,135,106,29,347,158,189,2,2,0,743,333,410,60,34,26,42,12,30,46,25,21
207351,Undergraduate students,1428,689,739,41,13,28,12,6,6,135,106,29,347,158,189,2,2,0,743,333,410,60,34,26,42,12,30,46,25,21
207388,Total students enrolled for credit,28608,14705,13903,1193,522,671,524,283,241,1309,651,658,1804,908,896,31,20,11,18643,9441,9202,2355,1129,1226,285,128,157,2464,1623,841
207388,Undergraduate students,23241,11887,11354,1057,474,583,421,231,190,1130,566,564,1589,802,787,26,16,10,15565,7934,7631,2111,1022,1089,171,52,119,1171,790,381
207388,Graduate student,5367,2818,2549,136,48,88,103,52,51,179,85,94,215,106,109,5,4,1,3078,1507,1571,244,107,137,114,76,38,1293,833,460
207397,Total students enrolled for credit,8678,3505,5173,354,136,218,245,118,127,1137,377,760,1142,417,725,18,10,8,4613,1978,2635,676,262,414,350,149,201,143,58,85
207397,Undergraduate students,8678,3505,5173,354,136,218,245,118,127,1137,377,760,1142,417,725,18,10,8,4613,1978,2635,676,262,414,350,149,201,143,58,85
207403,Total students enrolled for credit,2204,897,1307,108,46,62,25,5,20,123,75,48,46,24,22,6,4,2,1456,543,913,230,90,140,120,57,63,90,53,37
207403,Undergraduate students,2056,829,1227,101,43,58,24,4,20,121,74,47,45,24,21,6,4,2,1400,519,881,226,89,137,55,26,29,78,46,32
207403,Graduate student,148,68,80,7,3,4,1,1,0,2,1,1,1,0,1,0,0,0,56,24,32,4,1,3,65,31,34,12,7,5
207449,Total students enrolled for credit,18552,7693,10859,817,318,499,946,470,476,1788,666,1122,2707,1083,1624,26,9,17,9258,3810,5448,1415,560,855,828,360,468,767,417,350
207449,Undergraduate students,18552,7693,10859,817,318,499,946,470,476,1788,666,1122,2707,1083,1624,26,9,17,9258,3810,5448,1415,560,855,828,360,468,767,417,350
207458,Total students enrolled for credit,3420,1332,2088,106,32,74,121,35,86,213,87,126,297,119,178,5,1,4,1974,728,1246,224,105,119,18,5,13,462,220,242
207458,Undergraduate students,1983,665,1318,47,13,34,54,12,42,118,45,73,192,68,124,3,0,3,1155,344,811,148,69,79,8,1,7,258,113,145
207458,Graduate student,1437,667,770,59,19,40,67,23,44,95,42,53,105,51,54,2,1,1,819,384,435,76,36,40,10,4,6,204,107,97
207500,Total students enrolled for credit,32274,16358,15916,1301,559,742,1642,856,786,1836,882,954,2766,1364,1402,40,22,18,18533,9418,9115,2235,1031,1204,1560,782,778,2361,1444,917
207500,Undergraduate students,24255,12386,11869,947,444,503,1445,751,694,1174,598,576,2226,1101,1125,28,16,12,14304,7308,6996,1846,874,972,937,477,460,1348,817,531
207500,Graduate student,8019,3972,4047,354,115,239,197,105,92,662,284,378,540,263,277,12,6,6,4229,2110,2119,389,157,232,623,305,318,1013,627,386
207564,Total students enrolled for credit,3268,2137,1131,519,330,189,22,15,7,109,58,51,187,138,49,3,2,1,1155,785,370,1094,682,412,149,104,45,30,23,7
207564,Undergraduate students,3268,2137,1131,519,330,189,22,15,7,109,58,51,187,138,49,3,2,1,1155,785,370,1094,682,412,149,104,45,30,23,7
207582,Total students enrolled for credit,4479,1857,2622,123,50,73,140,59,81,825,322,503,371,147,224,5,3,2,2027,834,1193,329,119,210,394,190,204,265,133,132
207582,Undergraduate students,3781,1519,2262,101,39,62,120,48,72,651,255,396,330,132,198,4,2,2,1755,697,1058,315,115,200,323,143,180,182,88,94
207582,Graduate student,698,338,360,22,11,11,20,11,9,174,67,107,41,15,26,1,1,0,272,137,135,14,4,10,71,47,24,83,45,38
207625,Total students enrolled for credit,479,49,430,25,0,25,7,0,7,197,18,179,72,8,64,2,1,1,153,18,135,21,3,18,2,1,1,0,0,0
207625,Undergraduate students,479,49,430,25,0,25,7,0,7,197,18,179,72,8,64,2,1,1,153,18,135,21,3,18,2,1,1,0,0,0
207661,Total students enrolled for credit,4795,1886,2909,525,191,334,71,24,47,167,69,98,258,112,146,8,5,3,2768,1087,1681,860,323,537,60,29,31,78,46,32
207661,Undergraduate students,4759,1869,2890,522,190,332,70,24,46,166,69,97,256,112,144,8,5,3,2747,1077,1670,856,320,536,59,28,31,75,44,31
207661,Graduate student,36,17,19,3,1,2,1,0,1,1,0,1,2,0,2,0,0,0,21,10,11,4,3,1,1,1,0,3,2,1
207670,Total students enrolled for credit,9667,3863,5804,457,167,290,287,163,124,1574,550,1024,588,222,366,23,15,8,5084,2032,3052,1031,360,671,610,343,267,13,11,2
207670,Undergraduate students,9667,3863,5804,457,167,290,287,163,124,1574,550,1024,588,222,366,23,15,8,5084,2032,3052,1031,360,671,610,343,267,13,11,2
207689,Total students enrolled for credit,830,332,498,122,38,84,6,5,1,40,11,29,152,81,71,3,1,2,416,160,256,47,18,29,23,7,16,21,11,10
207689,Undergraduate students,748,299,449,103,33,70,6,5,1,38,11,27,141,75,66,2,0,2,371,141,230,46,18,28,22,6,16,19,10,9
207689,Graduate student,82,33,49,19,5,14,0,0,0,2,0,2,11,6,5,1,1,0,45,19,26,1,0,1,1,1,0,2,1,1
207704,Total students enrolled for credit,86,3,83,2,1,1,6,0,6,15,0,15,2,0,2,0,0,0,60,2,58,1,0,1,0,0,0,0,0,0
207704,Undergraduate students,86,3,83,2,1,1,6,0,6,15,0,15,2,0,2,0,0,0,60,2,58,1,0,1,0,0,0,0,0,0
207722,Total students enrolled for credit,970,341,629,79,23,56,6,3,3,33,10,23,95,40,55,0,0,0,570,159,411,96,37,59,8,3,5,83,66,17
207722,Undergraduate students,970,341,629,79,23,56,6,3,3,33,10,23,95,40,55,0,0,0,570,159,411,96,37,59,8,3,5,83,66,17
207740,Total students enrolled for credit,2275,770,1505,582,186,396,12,1,11,134,53,81,74,33,41,6,2,4,1421,464,957,0,0,0,17,10,7,29,21,8
207740,Undergraduate students,2275,770,1505,582,186,396,12,1,11,134,53,81,74,33,41,6,2,4,1421,464,957,0,0,0,17,10,7,29,21,8
207786,Total students enrolled for credit,35,0,35,9,0,9,0,0,0,4,0,4,2,0,2,0,0,0,20,0,20,0,0,0,0,0,0,0,0,0
207786,Undergraduate students,35,0,35,9,0,9,0,0,0,4,0,4,2,0,2,0,0,0,20,0,20,0,0,0,0,0,0,0,0,0
207847,Total students enrolled for credit,4631,2136,2495,797,300,497,46,26,20,257,161,96,252,120,132,6,3,3,2465,1121,1344,679,315,364,0,0,0,129,90,39
207847,Undergraduate students,3799,1707,2092,621,239,382,19,12,7,196,124,72,217,100,117,6,3,3,2036,886,1150,601,273,328,0,0,0,103,70,33
207847,Graduate student,832,429,403,176,61,115,27,14,13,61,37,24,35,20,15,0,0,0,429,235,194,78,42,36,0,0,0,26,20,6
207856,Total students enrolled for credit,870,442,428,39,16,23,10,6,4,196,104,92,66,28,38,8,4,4,382,183,199,24,10,14,43,17,26,102,74,28
207856,Undergraduate students,819,413,406,38,16,22,10,6,4,190,101,89,66,28,38,8,4,4,370,176,194,24,10,14,40,15,25,73,57,16
207856,Graduate student,51,29,22,1,0,1,0,0,0,6,3,3,0,0,0,0,0,0,12,7,5,0,0,0,3,2,1,29,17,12
207865,Total students enrolled for credit,6247,2523,3724,239,80,159,156,62,94,267,151,116,529,218,311,4,2,2,4070,1520,2550,467,189,278,178,73,105,337,228,109
207865,Undergraduate students,5223,2145,3078,189,65,124,93,34,59,226,131,95,484,205,279,3,2,1,3366,1267,2099,412,167,245,142,57,85,308,217,91
207865,Graduate student,1024,378,646,50,15,35,63,28,35,41,20,21,45,13,32,1,0,1,704,253,451,55,22,33,36,16,20,29,11,18
207935,Total students enrolled for credit,24245,9711,14534,1784,625,1159,943,422,521,1984,668,1316,1615,591,1024,27,10,17,14062,5787,8275,2337,889,1448,939,445,494,554,274,280
207935,Undergraduate students,24245,9711,14534,1784,625,1159,943,422,521,1984,668,1316,1615,591,1024,27,10,17,14062,5787,8275,2337,889,1448,939,445,494,554,274,280
207962,Total students enrolled for credit,1506,1401,105,254,217,37,6,6,0,138,129,9,143,139,4,5,5,0,774,736,38,59,53,6,126,116,10,1,0,1
207962,Undergraduate students,1506,1401,105,254,217,37,6,6,0,138,129,9,143,139,4,5,5,0,774,736,38,59,53,6,126,116,10,1,0,1
207971,Total students enrolled for credit,4985,2838,2147,206,75,131,188,94,94,206,131,75,229,120,109,6,2,4,2696,1418,1278,70,31,39,221,129,92,1163,838,325
207971,Undergraduate students,3630,2066,1564,96,42,54,156,83,73,168,108,60,187,96,91,6,2,4,2015,1042,973,20,9,11,79,43,36,903,641,262
207971,Graduate student,1355,772,583,110,33,77,32,11,21,38,23,15,42,24,18,0,0,0,681,376,305,50,22,28,142,86,56,260,197,63
208017,Total students enrolled for credit,38,10,28,6,0,6,0,0,0,8,3,5,1,1,0,0,0,0,17,1,16,1,0,1,5,5,0,0,0,0
208017,Undergraduate students,38,10,28,6,0,6,0,0,0,8,3,5,1,1,0,0,0,0,17,1,16,1,0,1,5,5,0,0,0,0
208026,Total students enrolled for credit,328,199,129,161,101,60,4,3,1,3,2,1,38,25,13,0,0,0,97,65,32,0,0,0,25,3,22,0,0,0
208026,Undergraduate students,328,199,129,161,101,60,4,3,1,3,2,1,38,25,13,0,0,0,97,65,32,0,0,0,25,3,22,0,0,0
208035,Total students enrolled for credit,1957,768,1189,29,10,19,15,6,9,188,100,88,367,153,214,5,4,1,994,357,637,177,60,117,182,78,104,0,0,0
208035,Undergraduate students,1957,768,1189,29,10,19,15,6,9,188,100,88,367,153,214,5,4,1,994,357,637,177,60,117,182,78,104,0,0,0
208044,Total students enrolled for credit,53,0,53,1,0,1,1,0,1,1,0,1,4,0,4,0,0,0,46,0,46,0,0,0,0,0,0,0,0,0
208044,Undergraduate students,53,0,53,1,0,1,1,0,1,1,0,1,4,0,4,0,0,0,46,0,46,0,0,0,0,0,0,0,0,0
208053,Total students enrolled for credit,314,171,143,8,6,2,0,0,0,2,1,1,56,33,23,1,1,0,234,123,111,13,7,6,0,0,0,0,0,0
208053,Undergraduate students,314,171,143,8,6,2,0,0,0,2,1,1,56,33,23,1,1,0,234,123,111,13,7,6,0,0,0,0,0,0
208123,Total students enrolled for credit,94,9,85,1,0,1,0,0,0,0,0,0,15,0,15,5,0,5,62,9,53,11,0,11,0,0,0,0,0,0
208123,Undergraduate students,94,9,85,1,0,1,0,0,0,0,0,0,15,0,15,5,0,5,62,9,53,11,0,11,0,0,0,0,0,0
208187,Total students enrolled for credit,220,29,191,0,0,0,6,0,6,5,1,4,27,5,22,1,0,1,164,21,143,4,1,3,13,1,12,0,0,0
208187,Undergraduate students,220,29,191,0,0,0,6,0,6,5,1,4,27,5,22,1,0,1,164,21,143,4,1,3,13,1,12,0,0,0
208239,Total students enrolled for credit,869,418,451,16,10,6,44,18,26,21,13,8,128,55,73,10,5,5,364,172,192,22,6,16,225,117,108,39,22,17
208239,Undergraduate students,869,418,451,16,10,6,44,18,26,21,13,8,128,55,73,10,5,5,364,172,192,22,6,16,225,117,108,39,22,17
208248,Total students enrolled for credit,52,10,42,0,0,0,1,0,1,7,1,6,6,2,4,0,0,0,34,6,28,3,1,2,1,0,1,0,0,0
208248,Undergraduate students,52,10,42,0,0,0,1,0,1,7,1,6,6,2,4,0,0,0,34,6,28,3,1,2,1,0,1,0,0,0
208275,Total students enrolled for credit,3944,1727,2217,88,31,57,25,10,15,35,20,15,1106,452,654,14,5,9,2399,1089,1310,121,52,69,156,68,88,0,0,0
208275,Undergraduate students,3944,1727,2217,88,31,57,25,10,15,35,20,15,1106,452,654,14,5,9,2399,1089,1310,121,52,69,156,68,88,0,0,0
208318,Total students enrolled for credit,8967,4131,4836,155,72,83,125,47,78,51,26,25,979,398,581,26,12,14,6404,2964,3440,321,144,177,906,468,438,0,0,0
208318,Undergraduate students,8967,4131,4836,155,72,83,125,47,78,51,26,25,979,398,581,26,12,14,6404,2964,3440,321,144,177,906,468,438,0,0,0
208390,Total students enrolled for credit,18103,8007,10096,206,89,117,319,138,181,162,88,74,4732,2011,2721,74,32,42,7493,3462,4031,484,244,240,4536,1882,2654,97,61,36
208390,Undergraduate students,18103,8007,10096,206,89,117,319,138,181,162,88,74,4732,2011,2721,74,32,42,7493,3462,4031,484,244,240,4536,1882,2654,97,61,36
208406,Total students enrolled for credit,14250,7314,6936,181,95,86,491,243,248,240,135,105,1429,654,775,32,18,14,8832,4523,4309,736,345,391,2250,1263,987,59,38,21
208406,Undergraduate students,14250,7314,6936,181,95,86,491,243,248,240,135,105,1429,654,775,32,18,14,8832,4523,4309,736,345,391,2250,1263,987,59,38,21
208415,Total students enrolled for credit,2282,1243,1039,27,20,7,31,12,19,35,25,10,245,128,117,18,15,3,1395,734,661,77,35,42,454,274,180,0,0,0
208415,Undergraduate students,2282,1243,1039,27,20,7,31,12,19,35,25,10,245,128,117,18,15,3,1395,734,661,77,35,42,454,274,180,0,0,0
208433,Total students enrolled for credit,74,3,71,1,0,1,0,0,0,1,0,1,16,2,14,0,0,0,53,1,52,3,0,3,0,0,0,0,0,0
208433,Undergraduate students,74,3,71,1,0,1,0,0,0,1,0,1,16,2,14,0,0,0,53,1,52,3,0,3,0,0,0,0,0,0
208479,Total students enrolled for credit,1035,145,890,12,2,10,48,9,39,83,15,68,239,28,211,12,2,10,562,72,490,56,7,49,23,10,13,0,0,0
208479,Undergraduate students,1035,145,890,12,2,10,48,9,39,83,15,68,239,28,211,12,2,10,562,72,490,56,7,49,23,10,13,0,0,0
208488,Total students enrolled for credit,8372,2055,6317,64,16,48,222,56,166,1311,302,1009,481,93,388,99,22,77,4034,1066,2968,234,62,172,1873,412,1461,54,26,28
208488,Undergraduate students,1469,466,1003,7,2,5,105,25,80,80,24,56,52,16,36,20,8,12,907,291,616,124,40,84,145,43,102,29,17,12
208488,Graduate student,6903,1589,5314,57,14,43,117,31,86,1231,278,953,429,77,352,79,14,65,3127,775,2352,110,22,88,1728,369,1359,25,9,16
208512,Total students enrolled for credit,401,68,333,0,0,0,40,10,30,54,12,42,37,8,29,0,0,0,263,38,225,4,0,4,3,0,3,0,0,0
208512,Undergraduate students,401,68,333,0,0,0,40,10,30,54,12,42,37,8,29,0,0,0,263,38,225,4,0,4,3,0,3,0,0,0
208637,Total students enrolled for credit,316,90,226,3,2,1,13,6,7,8,3,5,19,10,9,2,1,1,254,65,189,15,2,13,2,1,1,0,0,0
208637,Undergraduate students,316,90,226,3,2,1,13,6,7,8,3,5,19,10,9,2,1,1,254,65,189,15,2,13,2,1,1,0,0,0
208646,Total students enrolled for credit,5088,1925,3163,102,31,71,151,67,84,114,66,48,560,213,347,67,28,39,3606,1326,2280,160,60,100,267,104,163,61,30,31
208646,Undergraduate students,4554,1749,2805,96,30,66,138,64,74,105,61,44,519,198,321,66,27,39,3167,1186,1981,152,57,95,255,98,157,56,28,28
208646,Graduate student,534,176,358,6,1,5,13,3,10,9,5,4,41,15,26,1,1,0,439,140,299,8,3,5,12,6,6,5,2,3
208655,Total students enrolled for credit,145,56,89,1,1,0,4,2,2,56,24,32,15,5,10,1,0,1,68,24,44,0,0,0,0,0,0,0,0,0
208655,Undergraduate students,145,56,89,1,1,0,4,2,2,56,24,32,15,5,10,1,0,1,68,24,44,0,0,0,0,0,0,0,0,0
208725,Total students enrolled for credit,135,75,60,1,1,0,7,3,4,11,7,4,17,12,5,3,0,3,82,44,38,10,4,6,3,3,0,1,1,0
208725,Undergraduate students,126,69,57,1,1,0,5,1,4,9,7,2,17,12,5,3,0,3,78,41,37,10,4,6,2,2,0,1,1,0
208725,Graduate student,9,6,3,0,0,0,2,2,0,2,0,2,0,0,0,0,0,0,4,3,1,0,0,0,1,1,0,0,0,0
208822,Total students enrolled for credit,4359,1851,2508,31,9,22,200,80,120,99,47,52,441,196,245,18,12,6,3039,1281,1758,264,117,147,158,57,101,109,52,57
208822,Undergraduate students,2821,1239,1582,22,7,15,116,52,64,41,22,19,343,142,201,14,10,4,1938,843,1095,210,100,110,59,20,39,78,43,35
208822,Graduate student,1538,612,926,9,2,7,84,28,56,58,25,33,98,54,44,4,2,2,1101,438,663,54,17,37,99,37,62,31,9,22
208859,Total students enrolled for credit,61,4,57,1,0,1,1,0,1,0,0,0,1,0,1,0,0,0,52,3,49,4,1,3,2,0,2,0,0,0
208859,Undergraduate students,61,4,57,1,0,1,1,0,1,0,0,0,1,0,1,0,0,0,52,3,49,4,1,3,2,0,2,0,0,0
209038,Total students enrolled for credit,11650,5730,5920,166,81,85,271,110,161,227,149,78,1366,640,726,67,27,40,7575,3657,3918,670,311,359,750,427,323,558,328,230
209038,Undergraduate students,11650,5730,5920,166,81,85,271,110,161,227,149,78,1366,640,726,67,27,40,7575,3657,3918,670,311,359,750,427,323,558,328,230
209056,Total students enrolled for credit,3798,1350,2448,41,13,28,184,59,125,89,37,52,335,117,218,14,7,7,2532,886,1646,133,48,85,302,115,187,168,68,100
209056,Undergraduate students,2174,836,1338,22,7,15,124,41,83,49,25,24,224,93,131,10,6,4,1386,509,877,74,35,39,149,67,82,136,53,83
209056,Graduate student,1624,514,1110,19,6,13,60,18,42,40,12,28,111,24,87,4,1,3,1146,377,769,59,13,46,153,48,105,32,15,17
209065,Total students enrolled for credit,1692,638,1054,12,4,8,87,22,65,34,22,12,235,79,156,13,8,5,1017,386,631,164,65,99,54,14,40,76,38,38
209065,Undergraduate students,1692,638,1054,12,4,8,87,22,65,34,22,12,235,79,156,13,8,5,1017,386,631,164,65,99,54,14,40,76,38,38
209074,Total students enrolled for credit,11107,5207,5900,129,69,60,309,133,176,101,59,42,862,414,448,40,16,24,6700,3054,3646,551,248,303,2131,996,1135,284,218,66
209074,Undergraduate students,11107,5207,5900,129,69,60,309,133,176,101,59,42,862,414,448,40,16,24,6700,3054,3646,551,248,303,2131,996,1135,284,218,66
209083,Total students enrolled for credit,123,20,103,0,0,0,9,3,6,6,4,2,23,6,17,1,0,1,71,5,66,4,0,4,9,2,7,0,0,0
209083,Undergraduate students,123,20,103,0,0,0,9,3,6,6,4,2,23,6,17,1,0,1,71,5,66,4,0,4,9,2,7,0,0,0
209108,Total students enrolled for credit,1126,362,764,7,2,5,39,10,29,42,23,19,81,24,57,6,4,2,770,243,527,42,14,28,128,40,88,11,2,9
209108,Undergraduate students,570,163,407,5,1,4,16,3,13,16,7,9,42,10,32,1,1,0,415,122,293,18,7,11,49,11,38,8,1,7
209108,Graduate student,556,199,357,2,1,1,23,7,16,26,16,10,39,14,25,5,3,2,355,121,234,24,7,17,79,29,50,3,1,2
209153,Total students enrolled for credit,74,9,65,1,0,1,0,0,0,0,0,0,9,4,5,0,0,0,54,3,51,7,2,5,3,0,3,0,0,0
209153,Undergraduate students,74,9,65,1,0,1,0,0,0,0,0,0,9,4,5,0,0,0,54,3,51,7,2,5,3,0,3,0,0,0
209205,Total students enrolled for credit,102,9,93,2,0,2,0,0,0,8,1,7,16,4,12,0,0,0,71,4,67,2,0,2,3,0,3,0,0,0
209205,Undergraduate students,102,9,93,2,0,2,0,0,0,8,1,7,16,4,12,0,0,0,71,4,67,2,0,2,3,0,3,0,0,0
209241,Total students enrolled for credit,201,195,6,2,1,1,24,24,0,2,2,0,51,51,0,6,6,0,91,86,5,0,0,0,0,0,0,25,25,0
209241,Undergraduate students,56,56,0,1,1,0,5,5,0,0,0,0,27,27,0,2,2,0,17,17,0,0,0,0,0,0,0,4,4,0
209241,Graduate student,145,139,6,1,0,1,19,19,0,2,2,0,24,24,0,4,4,0,74,69,5,0,0,0,0,0,0,21,21,0
209250,Total students enrolled for credit,15897,8170,7727,127,57,70,1199,571,628,588,289,299,2100,841,1259,104,46,58,8004,3529,4475,655,250,405,3066,2553,513,54,34,20
209250,Undergraduate students,15897,8170,7727,127,57,70,1199,571,628,588,289,299,2100,841,1259,104,46,58,8004,3529,4475,655,250,405,3066,2553,513,54,34,20
209287,Total students enrolled for credit,810,449,361,4,3,1,20,14,6,29,21,8,61,39,22,7,3,4,609,334,275,52,18,34,19,13,6,9,4,5
209287,Undergraduate students,459,239,220,3,2,1,8,3,5,13,10,3,37,23,14,4,2,2,351,183,168,38,12,26,5,4,1,0,0,0
209287,Graduate student,351,210,141,1,1,0,12,11,1,16,11,5,24,16,8,3,1,2,258,151,107,14,6,8,14,9,5,9,4,5
209296,Total students enrolled for credit,690,149,541,5,0,5,42,12,30,14,6,8,43,11,32,0,0,0,431,91,340,24,5,19,113,22,91,18,2,16
209296,Undergraduate students,30,3,27,0,0,0,0,0,0,0,0,0,3,0,3,0,0,0,23,3,20,1,0,1,3,0,3,0,0,0
209296,Graduate student,660,146,514,5,0,5,42,12,30,14,6,8,40,11,29,0,0,0,408,88,320,23,5,18,110,22,88,18,2,16
209409,Total students enrolled for credit,1111,421,690,28,10,18,132,56,76,42,22,20,71,30,41,12,4,8,772,281,491,34,13,21,20,5,15,0,0,0
209409,Undergraduate students,823,315,508,24,8,16,126,53,73,31,18,13,50,23,27,9,4,5,544,197,347,24,9,15,15,3,12,0,0,0
209409,Graduate student,288,106,182,4,2,2,6,3,3,11,4,7,21,7,14,3,0,3,228,84,144,10,4,6,5,2,3,0,0,0
209490,Total students enrolled for credit,3196,1119,2077,16,6,10,330,138,192,54,18,36,224,71,153,2,0,2,2286,781,1505,135,47,88,97,36,61,52,22,30
209490,Undergraduate students,873,142,731,4,0,4,37,5,32,5,1,4,92,17,75,1,0,1,658,106,552,40,6,34,33,7,26,3,0,3
209490,Graduate student,2323,977,1346,12,6,6,293,133,160,49,17,32,132,54,78,1,0,1,1628,675,953,95,41,54,64,29,35,49,22,27
209506,Total students enrolled for credit,7464,3676,3788,82,28,54,539,276,263,142,83,59,717,325,392,44,27,17,4830,2365,2465,406,170,236,526,256,270,178,146,32
209506,Undergraduate students,7358,3609,3749,80,26,54,530,271,259,140,81,59,707,319,388,43,26,17,4769,2328,2441,402,168,234,516,250,266,171,140,31
209506,Graduate student,106,67,39,2,2,0,9,5,4,2,2,0,10,6,4,1,1,0,61,37,24,4,2,2,10,6,4,7,6,1
209533,Total students enrolled for credit,184,42,142,2,0,2,5,1,4,2,0,2,15,3,12,1,0,1,131,33,98,13,2,11,9,1,8,6,2,4
209533,Undergraduate students,144,30,114,2,0,2,4,0,4,2,0,2,14,2,12,1,0,1,105,27,78,12,1,11,3,0,3,1,0,1
209533,Graduate student,40,12,28,0,0,0,1,1,0,0,0,0,1,1,0,0,0,0,26,6,20,1,1,0,6,1,5,5,2,3
209542,Total students enrolled for credit,36052,18995,17057,188,90,98,2489,1312,1177,544,304,240,3049,1452,1597,99,66,33,22261,11297,10964,2150,1079,1071,1152,626,526,4120,2769,1351
209542,Undergraduate students,29777,15932,13845,162,77,85,2124,1148,976,445,261,184,2672,1315,1357,90,59,31,18907,9831,9076,1955,991,964,830,477,353,2592,1773,819
209542,Graduate student,6275,3063,3212,26,13,13,365,164,201,99,43,56,377,137,240,9,7,2,3354,1466,1888,195,88,107,322,149,173,1528,996,532
209551,Total students enrolled for credit,26968,12668,14300,184,79,105,1455,619,836,562,311,251,2708,1148,1560,115,51,64,15986,7485,8501,1659,716,943,712,321,391,3587,1938,1649
209551,Undergraduate students,22400,10548,11852,135,61,74,1220,526,694,465,261,204,2406,1022,1384,98,45,53,12938,6037,6901,1589,683,906,486,216,270,3063,1697,1366
209551,Graduate student,4568,2120,2448,49,18,31,235,93,142,97,50,47,302,126,176,17,6,11,3048,1448,1600,70,33,37,226,105,121,524,241,283
209603,Total students enrolled for credit,527,173,354,6,2,4,20,5,15,9,5,4,27,10,17,3,1,2,336,112,224,48,13,35,67,18,49,11,7,4
209603,Undergraduate students,419,133,286,5,2,3,15,3,12,7,4,3,21,7,14,2,1,1,262,82,180,42,12,30,56,16,40,9,6,3
209603,Graduate student,108,40,68,1,0,1,5,2,3,2,1,1,6,3,3,1,0,1,74,30,44,6,1,5,11,2,9,2,1,1
209612,Total students enrolled for credit,4193,1444,2749,32,9,23,548,160,388,80,42,38,423,164,259,57,25,32,2348,798,1550,294,123,171,238,75,163,173,48,125
209612,Undergraduate students,1995,813,1182,17,4,13,237,82,155,43,29,14,264,112,152,45,21,24,1026,423,603,218,94,124,83,28,55,62,20,42
209612,Graduate student,2198,631,1567,15,5,10,311,78,233,37,13,24,159,52,107,12,4,8,1322,375,947,76,29,47,155,47,108,111,28,83
209667,Total students enrolled for credit,94,7,87,3,1,2,0,0,0,2,1,1,6,0,6,0,0,0,76,4,72,7,1,6,0,0,0,0,0,0
209667,Undergraduate students,94,7,87,3,1,2,0,0,0,2,1,1,6,0,6,0,0,0,76,4,72,7,1,6,0,0,0,0,0,0
209676,Total students enrolled for credit,160,19,141,6,2,4,0,0,0,1,0,1,21,4,17,0,0,0,121,11,110,3,1,2,8,1,7,0,0,0
209676,Undergraduate students,160,19,141,6,2,4,0,0,0,1,0,1,21,4,17,0,0,0,121,11,110,3,1,2,8,1,7,0,0,0
209694,Total students enrolled for credit,50,11,39,1,0,1,2,0,2,2,2,0,9,3,6,0,0,0,28,6,22,5,0,5,3,0,3,0,0,0
209694,Undergraduate students,50,11,39,1,0,1,2,0,2,2,2,0,9,3,6,0,0,0,28,6,22,5,0,5,3,0,3,0,0,0
209700,Total students enrolled for credit,235,6,229,3,0,3,6,0,6,16,2,14,11,0,11,0,0,0,199,4,195,0,0,0,0,0,0,0,0,0
209700,Undergraduate students,235,6,229,3,0,3,6,0,6,16,2,14,11,0,11,0,0,0,199,4,195,0,0,0,0,0,0,0,0,0
209719,Total students enrolled for credit,57,7,50,0,0,0,3,0,3,1,0,1,12,3,9,0,0,0,39,4,35,0,0,0,0,0,0,2,0,2
209719,Undergraduate students,57,7,50,0,0,0,3,0,3,1,0,1,12,3,9,0,0,0,39,4,35,0,0,0,0,0,0,2,0,2
209746,Total students enrolled for credit,49500,23090,26410,370,181,189,3809,1701,2108,2246,1089,1157,5725,2412,3313,323,149,174,27730,13030,14700,3146,1431,1715,4900,2478,2422,1251,619,632
209746,Undergraduate students,49500,23090,26410,370,181,189,3809,1701,2108,2246,1089,1157,5725,2412,3313,323,149,174,27730,13030,14700,3146,1431,1715,4900,2478,2422,1251,619,632
209807,Total students enrolled for credit,36762,16056,20706,451,178,273,2709,1241,1468,1121,562,559,3926,1557,2369,189,87,102,21788,9102,12686,1947,801,1146,1978,967,1011,2653,1561,1092
209807,Undergraduate students,27483,12796,14687,333,143,190,2304,1092,1212,929,464,465,3252,1321,1931,164,78,86,15457,7053,8404,1656,702,954,1573,827,746,1815,1116,699
209807,Graduate student,9279,3260,6019,118,35,83,405,149,256,192,98,94,674,236,438,25,9,16,6331,2049,4282,291,99,192,405,140,265,838,445,393
209825,Total students enrolled for credit,4654,1892,2762,15,7,8,501,215,286,69,35,34,540,201,339,74,30,44,2767,1102,1665,364,159,205,145,70,75,179,73,106
209825,Undergraduate students,3967,1627,2340,12,7,5,471,204,267,53,28,25,485,181,304,72,30,42,2345,938,1407,345,153,192,75,39,36,109,47,62
209825,Graduate student,687,265,422,3,0,3,30,11,19,16,7,9,55,20,35,2,0,2,422,164,258,19,6,13,70,31,39,70,26,44
209922,Total students enrolled for credit,1517,680,837,6,2,4,95,40,55,31,12,19,169,67,102,4,1,3,887,412,475,117,51,66,77,33,44,131,62,69
209922,Undergraduate students,1490,669,821,6,2,4,95,40,55,30,12,18,169,67,102,4,1,3,868,403,465,117,51,66,70,31,39,131,62,69
209922,Graduate student,27,11,16,0,0,0,0,0,0,1,0,1,0,0,0,0,0,0,19,9,10,0,0,0,7,2,5,0,0,0
209940,Total students enrolled for credit,9280,4012,5268,130,56,74,139,49,90,91,54,37,1598,636,962,48,22,26,6470,2796,3674,402,182,220,397,215,182,5,2,3
209940,Undergraduate students,9280,4012,5268,130,56,74,139,49,90,91,54,37,1598,636,962,48,22,26,6470,2796,3674,402,182,220,397,215,182,5,2,3
209986,Total students enrolled for credit,51,2,49,0,0,0,0,0,0,0,0,0,1,0,1,0,0,0,50,2,48,0,0,0,0,0,0,0,0,0
209986,Undergraduate students,51,2,49,0,0,0,0,0,0,0,0,0,1,0,1,0,0,0,50,2,48,0,0,0,0,0,0,0,0,0
210076,Total students enrolled for credit,1633,423,1210,30,9,21,54,17,37,55,15,40,301,64,237,11,5,6,1093,289,804,66,18,48,16,3,13,7,3,4
210076,Undergraduate students,1633,423,1210,30,9,21,54,17,37,55,15,40,301,64,237,11,5,6,1093,289,804,66,18,48,16,3,13,7,3,4
210100,Total students enrolled for credit,80,3,77,1,1,0,1,0,1,1,0,1,5,2,3,0,0,0,65,0,65,6,0,6,0,0,0,1,0,1
210100,Undergraduate students,80,3,77,1,1,0,1,0,1,1,0,1,5,2,3,0,0,0,65,0,65,6,0,6,0,0,0,1,0,1
210146,Total students enrolled for credit,7889,2925,4964,76,25,51,97,34,63,133,83,50,659,247,412,29,17,12,3701,1416,2285,517,199,318,2518,804,1714,159,100,59
210146,Undergraduate students,6563,2576,3987,64,20,44,88,31,57,126,80,46,600,232,368,29,17,12,3110,1233,1877,489,190,299,1926,687,1239,131,86,45
210146,Graduate student,1326,349,977,12,5,7,9,3,6,7,3,4,59,15,44,0,0,0,591,183,408,28,9,19,592,117,475,28,14,14
210155,Total students enrolled for credit,2576,1104,1472,71,28,43,44,14,30,35,25,10,226,87,139,18,7,11,1737,721,1016,122,51,71,297,154,143,26,17,9
210155,Undergraduate students,2576,1104,1472,71,28,43,44,14,30,35,25,10,226,87,139,18,7,11,1737,721,1016,122,51,71,297,154,143,26,17,9
210234,Total students enrolled for credit,3436,1539,1897,33,13,20,25,12,13,35,27,8,841,372,469,6,3,3,2180,964,1216,97,46,51,182,86,96,37,16,21
210234,Undergraduate students,3436,1539,1897,33,13,20,25,12,13,35,27,8,841,372,469,6,3,3,2180,964,1216,97,46,51,182,86,96,37,16,21
210270,Total students enrolled for credit,3309,1448,1861,72,32,40,40,11,29,56,24,32,225,102,123,18,5,13,2597,1119,1478,159,78,81,138,73,65,4,4,0
210270,Undergraduate students,3309,1448,1861,72,32,40,40,11,29,56,24,32,225,102,123,18,5,13,2597,1119,1478,159,78,81,138,73,65,4,4,0
210304,Total students enrolled for credit,690,303,387,2,2,0,29,12,17,57,27,30,160,66,94,5,3,2,294,118,176,52,21,31,87,50,37,4,4,0
210304,Undergraduate students,678,296,382,2,2,0,29,12,17,56,27,29,158,65,93,5,3,2,286,113,173,52,21,31,86,49,37,4,4,0
210304,Graduate student,12,7,5,0,0,0,0,0,0,1,0,1,2,1,1,0,0,0,8,5,3,0,0,0,1,1,0,0,0,0
210331,Total students enrolled for credit,1625,626,999,12,3,9,34,15,19,25,16,9,81,30,51,8,2,6,1178,443,735,100,41,59,149,58,91,38,18,20
210331,Undergraduate students,1185,470,715,10,3,7,25,10,15,19,13,6,41,17,24,6,2,4,882,339,543,85,36,49,83,35,48,34,15,19
210331,Graduate student,440,156,284,2,0,2,9,5,4,6,3,3,40,13,27,2,0,2,296,104,192,15,5,10,66,23,43,4,3,1
210340,Total students enrolled for credit,65,3,62,1,0,1,0,0,0,0,0,0,9,2,7,0,0,0,48,1,47,7,0,7,0,0,0,0,0,0
210340,Undergraduate students,65,3,62,1,0,1,0,0,0,0,0,0,9,2,7,0,0,0,48,1,47,7,0,7,0,0,0,0,0,0
210368,Total students enrolled for credit,904,597,307,3,2,1,124,75,49,28,15,13,39,25,14,6,5,1,644,440,204,14,9,5,14,8,6,32,18,14
210368,Graduate student,904,597,307,3,2,1,124,75,49,28,15,13,39,25,14,6,5,1,644,440,204,14,9,5,14,8,6,32,18,14
210401,Total students enrolled for credit,3002,1360,1642,15,6,9,196,85,111,67,34,33,299,126,173,11,3,8,1631,731,900,201,90,111,230,109,121,352,176,176
210401,Undergraduate students,2181,951,1230,10,6,4,166,72,94,51,26,25,259,106,153,5,2,3,1187,507,680,175,75,100,69,31,38,259,126,133
210401,Graduate student,821,409,412,5,0,5,30,13,17,16,8,8,40,20,20,6,1,5,444,224,220,26,15,11,161,78,83,93,50,43
210429,Total students enrolled for credit,6238,2339,3899,108,37,71,250,97,153,220,125,95,803,274,529,165,78,87,4077,1438,2639,12,3,9,227,81,146,376,206,170
210429,Undergraduate students,5442,2120,3322,102,36,66,231,93,138,207,118,89,758,259,499,163,77,86,3438,1273,2165,5,2,3,209,74,135,329,188,141
210429,Graduate student,796,219,577,6,1,5,19,4,15,13,7,6,45,15,30,2,1,1,639,165,474,7,1,6,18,7,11,47,18,29
210438,Total students enrolled for credit,1303,543,760,7,2,5,61,32,29,26,11,15,35,20,15,4,1,3,884,359,525,109,44,65,98,36,62,79,38,41
210438,Undergraduate students,78,20,58,1,1,0,3,1,2,0,0,0,4,0,4,1,0,1,55,15,40,9,2,7,5,1,4,0,0,0
210438,Graduate student,1225,523,702,6,1,5,58,31,27,26,11,15,31,20,11,3,1,2,829,344,485,100,42,58,93,35,58,79,38,41
210456,Total students enrolled for credit,99,10,89,0,0,0,7,0,7,20,2,18,4,1,3,0,0,0,60,7,53,4,0,4,4,0,4,0,0,0
210456,Undergraduate students,99,10,89,0,0,0,7,0,7,20,2,18,4,1,3,0,0,0,60,7,53,4,0,4,4,0,4,0,0,0
210474,Total students enrolled for credit,116,32,84,1,0,1,2,0,2,12,7,5,35,8,27,0,0,0,66,17,49,0,0,0,0,0,0,0,0,0
210474,Undergraduate students,116,32,84,1,0,1,2,0,2,12,7,5,35,8,27,0,0,0,66,17,49,0,0,0,0,0,0,0,0,0
210492,Total students enrolled for credit,366,198,168,2,1,1,6,2,4,66,29,37,28,9,19,1,1,0,244,143,101,1,0,1,7,4,3,11,9,2
210492,Undergraduate students,359,192,167,2,1,1,6,2,4,66,29,37,28,9,19,1,1,0,238,138,100,1,0,1,7,4,3,10,8,2
210492,Graduate student,7,6,1,0,0,0,0,0,0,0,0,0,0,0,0,0,0,0,6,5,1,0,0,0,0,0,0,1,1,0
210508,Total students enrolled for credit,31,20,11,0,0,0,1,0,1,1,1,0,2,0,2,0,0,0,16,12,4,0,0,0,0,0,0,11,7,4
210508,Graduate student,31,20,11,0,0,0,1,0,1,1,1,0,2,0,2,0,0,0,16,12,4,0,0,0,0,0,0,11,7,4
210571,Total students enrolled for credit,2459,984,1475,16,7,9,55,20,35,481,195,286,254,94,160,0,0,0,1220,492,728,35,16,19,338,127,211,60,33,27
210571,Undergraduate students,2433,978,1455,16,7,9,55,20,35,481,195,286,253,94,159,0,0,0,1202,487,715,35,16,19,331,126,205,60,33,27
210571,Graduate student,26,6,20,0,0,0,0,0,0,0,0,0,1,0,1,0,0,0,18,5,13,0,0,0,7,1,6,0,0,0
210599,Total students enrolled for credit,608,565,43,2,1,1,2,2,0,465,432,33,56,53,3,1,1,0,67,63,4,11,9,2,4,4,0,0,0,0
210599,Undergraduate students,608,565,43,2,1,1,2,2,0,465,432,33,56,53,3,1,1,0,67,63,4,11,9,2,4,4,0,0,0,0
210605,Total students enrolled for credit,26237,11932,14305,120,51,69,852,380,472,4180,1519,2661,816,314,502,27,10,17,16160,7397,8763,415,156,259,3661,2104,1557,6,1,5
210605,Undergraduate students,26237,11932,14305,120,51,69,852,380,472,4180,1519,2661,816,314,502,27,10,17,16160,7397,8763,415,156,259,3661,2104,1557,6,1,5
210669,Total students enrolled for credit,1957,923,1034,1,0,1,42,20,22,125,65,60,156,75,81,1,0,1,1234,573,661,265,126,139,61,26,35,72,38,34
210669,Undergraduate students,1957,923,1034,1,0,1,42,20,22,125,65,60,156,75,81,1,0,1,1234,573,661,265,126,139,61,26,35,72,38,34
210711,Total students enrolled for credit,105,9,96,0,0,0,1,0,1,10,0,10,36,3,33,0,0,0,47,2,45,5,2,3,6,2,4,0,0,0
210711,Undergraduate students,105,9,96,0,0,0,1,0,1,10,0,10,36,3,33,0,0,0,47,2,45,5,2,3,6,2,4,0,0,0
210739,Total students enrolled for credit,4163,1581,2582,2,0,2,122,39,83,158,59,99,399,139,260,1,0,1,2975,1177,1798,101,40,61,405,127,278,0,0,0
210739,Undergraduate students,2888,1099,1789,1,0,1,69,15,54,113,44,69,343,121,222,1,0,1,1979,789,1190,82,34,48,300,96,204,0,0,0
210739,Graduate student,1275,482,793,1,0,1,53,24,29,45,15,30,56,18,38,0,0,0,996,388,608,19,6,13,105,31,74,0,0,0
210748,Total students enrolled for credit,100,2,98,0,0,0,1,0,1,2,0,2,2,0,2,0,0,0,93,2,91,2,0,2,0,0,0,0,0,0
210748,Undergraduate students,100,2,98,0,0,0,1,0,1,2,0,2,2,0,2,0,0,0,93,2,91,2,0,2,0,0,0,0,0,0
210775,Total students enrolled for credit,3534,1000,2534,7,1,6,51,12,39,383,99,284,285,62,223,2,0,2,2471,712,1759,57,15,42,264,93,171,14,6,8
210775,Undergraduate students,2835,774,2061,7,1,6,42,10,32,316,82,234,246,54,192,2,0,2,1985,552,1433,47,13,34,185,61,124,5,1,4
210775,Graduate student,699,226,473,0,0,0,9,2,7,67,17,50,39,8,31,0,0,0,486,160,326,10,2,8,79,32,47,9,5,4
210784,Total students enrolled for credit,280,15,265,0,0,0,6,0,6,98,8,90,27,2,25,0,0,0,140,5,135,5,0,5,4,0,4,0,0,0
210784,Undergraduate students,280,15,265,0,0,0,6,0,6,98,8,90,27,2,25,0,0,0,140,5,135,5,0,5,4,0,4,0,0,0
210809,Total students enrolled for credit,16736,11683,5053,63,34,29,352,219,133,562,317,245,228,168,60,16,9,7,6735,4897,1838,82,55,27,8698,5984,2714,0,0,0
210809,Undergraduate students,15803,11082,4721,58,31,27,341,214,127,536,302,234,223,165,58,16,9,7,6409,4649,1760,75,50,25,8145,5662,2483,0,0,0
210809,Graduate student,933,601,332,5,3,2,11,5,6,26,15,11,5,3,2,0,0,0,326,248,78,7,5,2,553,322,231,0,0,0
210890,Total students enrolled for credit,175,52,123,0,0,0,3,0,3,12,4,8,16,7,9,0,0,0,136,39,97,8,2,6,0,0,0,0,0,0
210890,Undergraduate students,175,52,123,0,0,0,3,0,3,12,4,8,16,7,9,0,0,0,136,39,97,8,2,6,0,0,0,0,0,0
210906,Total students enrolled for credit,110,44,66,1,0,1,1,1,0,17,6,11,21,11,10,1,0,1,68,25,43,0,0,0,1,1,0,0,0,0
210906,Undergraduate students,110,44,66,1,0,1,1,1,0,17,6,11,21,11,10,1,0,1,68,25,43,0,0,0,1,1,0,0,0,0
210942,Total students enrolled for credit,1496,692,804,0,0,0,28,13,15,369,162,207,209,100,109,0,0,0,264,127,137,0,0,0,592,278,314,34,12,22
210942,Undergraduate students,1496,692,804,0,0,0,28,13,15,369,162,207,209,100,109,0,0,0,264,127,137,0,0,0,592,278,314,34,12,22
210951,Total students enrolled for credit,197,7,190,0,0,0,0,0,0,18,1,17,0,0,0,0,0,0,179,6,173,0,0,0,0,0,0,0,0,0
210951,Undergraduate students,197,7,190,0,0,0,0,0,0,18,1,17,0,0,0,0,0,0,179,6,173,0,0,0,0,0,0,0,0,0
210960,Total students enrolled for credit,840,421,419,12,6,6,7,5,2,172,92,80,57,31,26,6,2,4,530,260,270,0,0,0,38,18,20,18,7,11
210960,Undergraduate students,840,421,419,12,6,6,7,5,2,172,92,80,57,31,26,6,2,4,530,260,270,0,0,0,38,18,20,18,7,11
211006,Total students enrolled for credit,517,486,31,3,3,0,6,6,0,48,44,4,111,105,6,0,0,0,326,306,20,13,12,1,10,10,0,0,0,0
211006,Undergraduate students,517,486,31,3,3,0,6,6,0,48,44,4,111,105,6,0,0,0,326,306,20,13,12,1,10,10,0,0,0,0
211024,Total students enrolled for credit,1073,633,440,9,8,1,13,6,7,56,47,9,32,16,16,4,0,4,918,530,388,16,6,10,15,11,4,10,9,1
211024,Undergraduate students,760,403,357,4,4,0,6,1,5,31,28,3,25,10,15,4,0,4,667,346,321,11,5,6,8,6,2,4,3,1
211024,Graduate student,313,230,83,5,4,1,7,5,2,25,19,6,7,6,1,0,0,0,251,184,67,5,1,4,7,5,2,6,6,0
211079,Total students enrolled for credit,3231,1305,1926,5,4,1,23,9,14,221,81,140,68,22,46,4,2,2,2691,1084,1607,109,48,61,108,53,55,2,2,0
211079,Undergraduate students,3231,1305,1926,5,4,1,23,9,14,221,81,140,68,22,46,4,2,2,2691,1084,1607,109,48,61,108,53,55,2,2,0
211088,Total students enrolled for credit,4515,1279,3236,11,5,6,287,80,207,401,115,286,265,76,189,6,3,3,2835,774,2061,141,37,104,383,108,275,186,81,105
211088,Undergraduate students,2701,850,1851,7,4,3,141,44,97,243,70,173,219,69,150,4,1,3,1674,516,1158,111,29,82,178,56,122,124,61,63
211088,Graduate student,1814,429,1385,4,1,3,146,36,110,158,45,113,46,7,39,2,2,0,1161,258,903,30,8,22,205,52,153,62,20,42
211130,Total students enrolled for credit,335,199,136,1,1,0,42,31,11,71,42,29,5,3,2,0,0,0,106,48,58,2,1,1,20,3,17,88,70,18
211130,Graduate student,335,199,136,1,1,0,42,31,11,71,42,29,5,3,2,0,0,0,106,48,58,2,1,1,20,3,17,88,70,18
211149,Total students enrolled for credit,236,90,146,0,0,0,5,3,2,85,28,57,5,1,4,0,0,0,126,52,74,1,0,1,14,6,8,0,0,0
211149,Undergraduate students,236,90,146,0,0,0,5,3,2,85,28,57,5,1,4,0,0,0,126,52,74,1,0,1,14,6,8,0,0,0
211158,Total students enrolled for credit,10656,4559,6097,21,10,11,131,58,73,859,401,458,668,271,397,10,7,3,8461,3565,4896,285,125,160,130,58,72,91,64,27
211158,Undergraduate students,9729,4275,5454,21,10,11,113,53,60,829,387,442,648,261,387,7,6,1,7662,3329,4333,267,119,148,101,52,49,81,58,23
211158,Graduate student,927,284,643,0,0,0,18,5,13,30,14,16,20,10,10,3,1,2,799,236,563,18,6,12,29,6,23,10,6,4
211200,Total students enrolled for credit,379,116,263,0,0,0,13,5,8,55,15,40,1,0,1,0,0,0,285,88,197,13,3,10,12,5,7,0,0,0
211200,Undergraduate students,379,116,263,0,0,0,13,5,8,55,15,40,1,0,1,0,0,0,285,88,197,13,3,10,12,5,7,0,0,0
211273,Total students enrolled for credit,1788,77,1711,1,0,1,184,3,181,112,3,109,151,3,148,2,0,2,754,51,703,92,3,89,161,13,148,331,1,330
211273,Undergraduate students,1442,0,1442,1,0,1,172,0,172,86,0,86,135,0,135,1,0,1,526,0,526,83,0,83,111,0,111,327,0,327
211273,Graduate student,346,77,269,0,0,0,12,3,9,26,3,23,16,3,13,1,0,1,228,51,177,9,3,6,50,13,37,4,1,3
211291,Total students enrolled for credit,3829,1874,1955,1,1,0,177,72,105,135,75,60,245,125,120,0,0,0,2853,1377,1476,140,66,74,20,9,11,258,149,109
211291,Undergraduate students,3740,1831,1909,1,1,0,176,71,105,134,74,60,241,124,117,0,0,0,2802,1354,1448,137,65,72,11,3,8,238,139,99
211291,Graduate student,89,43,46,0,0,0,1,1,0,1,1,0,4,1,3,0,0,0,51,23,28,3,1,2,9,6,3,20,10,10
211307,Total students enrolled for credit,14098,6048,8050,99,46,53,665,316,349,735,294,441,866,349,517,18,6,12,9539,4076,5463,320,144,176,1854,817,1037,2,0,2
211307,Undergraduate students,14098,6048,8050,99,46,53,665,316,349,735,294,441,866,349,517,18,6,12,9539,4076,5463,320,144,176,1854,817,1037,2,0,2
211316,Total students enrolled for credit,105,2,103,0,0,0,6,1,5,5,0,5,3,0,3,0,0,0,89,1,88,1,0,1,1,0,1,0,0,0
211316,Undergraduate students,105,2,103,0,0,0,6,1,5,5,0,5,3,0,3,0,0,0,89,1,88,1,0,1,1,0,1,0,0,0
211334,Total students enrolled for credit,69,6,63,0,0,0,1,0,1,1,0,1,1,1,0,0,0,0,66,5,61,0,0,0,0,0,0,0,0,0
211334,Undergraduate students,69,6,63,0,0,0,1,0,1,1,0,1,1,1,0,0,0,0,66,5,61,0,0,0,0,0,0,0,0,0
211343,Total students enrolled for credit,4835,2034,2801,12,4,8,46,20,26,195,115,80,93,40,53,5,1,4,4304,1761,2543,83,41,42,88,51,37,9,1,8
211343,Undergraduate students,4835,2034,2801,12,4,8,46,20,26,195,115,80,93,40,53,5,1,4,4304,1761,2543,83,41,42,88,51,37,9,1,8
211352,Total students enrolled for credit,2777,956,1821,14,4,10,58,25,33,443,163,280,209,55,154,6,1,5,1763,606,1157,0,0,0,275,95,180,9,7,2
211352,Undergraduate students,1787,707,1080,11,3,8,46,22,24,345,129,216,183,52,131,6,1,5,1029,429,600,0,0,0,160,66,94,7,5,2
211352,Graduate student,990,249,741,3,1,2,12,3,9,98,34,64,26,3,23,0,0,0,734,177,557,0,0,0,115,29,86,2,2,0
211361,Total students enrolled for credit,9869,4277,5592,23,9,14,99,48,51,1060,500,560,314,145,169,14,12,2,7688,3268,4420,295,131,164,285,119,166,91,45,46
211361,Undergraduate students,6748,3059,3689,14,8,6,70,32,38,779,379,400,196,90,106,11,9,2,5247,2353,2894,229,100,129,156,66,90,46,22,24
211361,Graduate student,3121,1218,1903,9,1,8,29,16,13,281,121,160,118,55,63,3,3,0,2441,915,1526,66,31,35,129,53,76,45,23,22
211431,Total students enrolled for credit,2663,370,2293,10,3,7,41,7,34,435,48,387,57,9,48,4,1,3,1739,247,1492,83,8,75,283,46,237,11,1,10
211431,Undergraduate students,1663,236,1427,6,2,4,25,5,20,316,36,280,40,9,31,4,1,3,999,137,862,64,7,57,204,38,166,5,1,4
211431,Graduate student,1000,134,866,4,1,3,16,2,14,119,12,107,17,0,17,0,0,0,740,110,630,19,1,18,79,8,71,6,0,6
211440,Total students enrolled for credit,14516,8650,5866,7,4,3,2434,1234,1200,463,284,179,739,494,245,5,3,2,3632,2221,1411,358,194,164,812,471,341,6066,3745,2321
211440,Undergraduate students,6941,3784,3157,5,3,2,1904,892,1012,353,218,135,599,398,201,2,1,1,1959,1123,836,278,147,131,472,248,224,1369,754,615
211440,Graduate student,7575,4866,2709,2,1,1,530,342,188,110,66,44,140,96,44,3,2,1,1673,1098,575,80,47,33,340,223,117,4697,2991,1706
211468,Total students enrolled for credit,1995,283,1712,9,0,9,48,7,41,161,16,145,251,20,231,1,0,1,1140,64,1076,22,0,22,188,28,160,175,148,27
211468,Undergraduate students,1679,240,1439,6,0,6,43,4,39,146,13,133,238,17,221,1,0,1,942,40,902,21,0,21,108,18,90,174,148,26
211468,Graduate student,316,43,273,3,0,3,5,3,2,15,3,12,13,3,10,0,0,0,198,24,174,1,0,1,80,10,70,1,0,1
211477,Total students enrolled for credit,2205,788,1417,31,10,21,47,18,29,528,225,303,208,60,148,8,4,4,1269,421,848,0,0,0,106,47,59,8,3,5
211477,Undergraduate students,2163,778,1385,31,10,21,46,18,28,515,223,292,206,60,146,8,4,4,1251,415,836,0,0,0,101,46,55,5,2,3
211477,Graduate student,42,10,32,0,0,0,1,0,1,13,2,11,2,0,2,0,0,0,18,6,12,0,0,0,5,1,4,3,1,2
211556,Total students enrolled for credit,2524,496,2028,8,3,5,70,16,54,241,50,191,74,17,57,3,1,2,1537,275,1262,24,7,17,425,86,339,142,41,101
211556,Undergraduate students,1245,242,1003,5,1,4,26,6,20,89,16,73,39,11,28,2,1,1,668,115,553,12,5,7,320,61,259,84,26,58
211556,Graduate student,1279,254,1025,3,2,1,44,10,34,152,34,118,35,6,29,1,0,1,869,160,709,12,2,10,105,25,80,58,15,43
211583,Total students enrolled for credit,2203,675,1528,2,0,2,56,13,43,734,181,553,168,47,121,4,1,3,904,320,584,67,24,43,213,57,156,55,32,23
211583,Undergraduate students,1623,557,1066,1,0,1,37,11,26,592,160,432,132,44,88,3,1,2,580,239,341,57,21,36,177,52,125,44,29,15
211583,Graduate student,580,118,462,1,0,1,19,2,17,142,21,121,36,3,33,1,0,1,324,81,243,10,3,7,36,5,31,11,3,8
211608,Total students enrolled for credit,846,426,420,3,2,1,1,1,0,679,346,333,44,13,31,0,0,0,13,8,5,46,22,24,57,32,25,3,2,1
211608,Undergraduate students,793,411,382,3,2,1,1,1,0,633,332,301,43,13,30,0,0,0,11,8,3,46,22,24,54,31,23,2,2,0
211608,Graduate student,53,15,38,0,0,0,0,0,0,46,14,32,1,0,1,0,0,0,2,0,2,0,0,0,3,1,2,1,0,1
211617,Total students enrolled for credit,845,246,599,3,0,3,35,13,22,234,87,147,246,57,189,0,0,0,237,59,178,27,8,19,63,22,41,0,0,0
211617,Undergraduate students,845,246,599,3,0,3,35,13,22,234,87,147,246,57,189,0,0,0,237,59,178,27,8,19,63,22,41,0,0,0
211635,Total students enrolled for credit,166,13,153,0,0,0,1,0,1,4,2,2,0,0,0,0,0,0,160,11,149,1,0,1,0,0,0,0,0,0
211635,Undergraduate students,166,13,153,0,0,0,1,0,1,4,2,2,0,0,0,0,0,0,160,11,149,1,0,1,0,0,0,0,0,0
211644,Total students enrolled for credit,6240,2093,4147,10,6,4,54,19,35,403,182,221,152,50,102,6,2,4,5201,1685,3516,166,58,108,208,68,140,40,23,17
211644,Undergraduate students,5033,1831,3202,9,6,3,39,14,25,362,175,187,126,46,80,5,2,3,4148,1465,2683,147,53,94,168,53,115,29,17,12
211644,Graduate student,1207,262,945,1,0,1,15,5,10,41,7,34,26,4,22,1,0,1,1053,220,833,19,5,14,40,15,25,11,6,5
211802,Total students enrolled for credit,231,55,176,0,0,0,3,0,3,1,0,1,2,2,0,0,0,0,220,53,167,3,0,3,2,0,2,0,0,0
211802,Undergraduate students,231,55,176,0,0,0,3,0,3,1,0,1,2,2,0,0,0,0,220,53,167,3,0,3,2,0,2,0,0,0
211820,Total students enrolled for credit,174,38,136,0,0,0,6,1,5,27,7,20,78,21,57,0,0,0,53,7,46,0,0,0,10,2,8,0,0,0
211820,Undergraduate students,174,38,136,0,0,0,6,1,5,27,7,20,78,21,57,0,0,0,53,7,46,0,0,0,10,2,8,0,0,0
211893,Total students enrolled for credit,174,94,80,0,0,0,33,14,19,9,5,4,4,4,0,0,0,0,66,36,30,0,0,0,0,0,0,62,35,27
211893,Undergraduate students,132,70,62,0,0,0,30,13,17,7,4,3,4,4,0,0,0,0,44,24,20,0,0,0,0,0,0,47,25,22
211893,Graduate student,42,24,18,0,0,0,3,1,2,2,1,1,0,0,0,0,0,0,22,12,10,0,0,0,0,0,0,15,10,5
211909,Total students enrolled for credit,151,148,3,0,0,0,0,0,0,40,38,2,0,0,0,0,0,0,111,110,1,0,0,0,0,0,0,0,0,0
211909,Undergraduate students,151,148,3,0,0,0,0,0,0,40,38,2,0,0,0,0,0,0,111,110,1,0,0,0,0,0,0,0,0,0
211927,Total students enrolled for credit,17441,7171,10270,55,23,32,815,358,457,5002,1644,3358,500,203,297,8,5,3,9871,4457,5414,381,132,249,616,261,355,193,88,105
211927,Undergraduate students,17441,7171,10270,55,23,32,815,358,457,5002,1644,3358,500,203,297,8,5,3,9871,4457,5414,381,132,249,616,261,355,193,88,105
211981,Total students enrolled for credit,2891,1169,1722,14,3,11,34,10,24,189,136,53,182,78,104,2,0,2,1913,743,1170,5,4,1,543,192,351,9,3,6
211981,Undergraduate students,2204,902,1302,13,3,10,27,8,19,169,125,44,168,72,96,2,0,2,1527,571,956,4,3,1,287,118,169,7,2,5
211981,Graduate student,687,267,420,1,0,1,7,2,5,20,11,9,14,6,8,0,0,0,386,172,214,1,1,0,256,74,182,2,1,1
212009,Total students enrolled for credit,2422,1008,1414,4,2,2,84,23,61,112,47,65,176,79,97,2,1,1,1658,703,955,85,33,52,32,13,19,269,107,162
212009,Undergraduate students,2422,1008,1414,4,2,2,84,23,61,112,47,65,176,79,97,2,1,1,1658,703,955,85,33,52,32,13,19,269,107,162
212018,Total students enrolled for credit,184,101,83,0,0,0,7,0,7,15,5,10,12,6,6,0,0,0,123,77,46,5,1,4,15,10,5,7,2,5
212018,Graduate student,184,101,83,0,0,0,7,0,7,15,5,10,12,6,6,0,0,0,123,77,46,5,1,4,15,10,5,7,2,5
212045,Total students enrolled for credit,401,117,284,5,2,3,1,1,0,29,9,20,18,10,8,1,1,0,331,87,244,5,1,4,5,4,1,6,2,4
212045,Undergraduate students,401,117,284,5,2,3,1,1,0,29,9,20,18,10,8,1,1,0,331,87,244,5,1,4,5,4,1,6,2,4
212054,Total students enrolled for credit,28342,12761,15581,39,17,22,3326,1593,1733,2499,763,1736,1586,681,905,109,55,54,14868,6793,8075,838,351,487,1566,560,1006,3511,1948,1563
212054,Undergraduate students,17789,8961,8828,24,9,15,2440,1236,1204,1416,480,936,1087,514,573,96,52,44,9290,4863,4427,593,283,310,670,241,429,2173,1283,890
212054,Graduate student,10553,3800,6753,15,8,7,886,357,529,1083,283,800,499,167,332,13,3,10,5578,1930,3648,245,68,177,896,319,577,1338,665,673
212106,Total students enrolled for credit,10289,3853,6436,9,1,8,274,92,182,547,234,313,296,101,195,5,2,3,8074,2943,5131,246,99,147,210,90,120,628,291,337
212106,Undergraduate students,6467,2413,4054,5,1,4,187,67,120,356,171,185,210,72,138,4,1,3,5138,1857,3281,180,70,110,119,51,68,268,123,145
212106,Graduate student,3822,1440,2382,4,0,4,87,25,62,191,63,128,86,29,57,1,1,0,2936,1086,1850,66,29,37,91,39,52,360,168,192
212115,Total students enrolled for credit,7899,3328,4571,12,2,10,132,57,75,1123,514,609,836,347,489,9,3,6,5162,2126,3036,354,159,195,168,73,95,103,47,56
212115,Undergraduate students,6853,2980,3873,12,2,10,126,55,71,1067,489,578,788,336,452,8,3,5,4312,1848,2464,328,155,173,141,64,77,71,28,43
212115,Graduate student,1046,348,698,0,0,0,6,2,4,56,25,31,48,11,37,1,0,1,850,278,572,26,4,22,27,9,18,32,19,13
212133,Total students enrolled for credit,4072,1227,2845,5,2,3,82,31,51,1012,268,744,580,144,436,1,0,1,1887,590,1297,58,21,37,334,113,221,113,58,55
212133,Undergraduate students,2317,690,1627,3,2,1,33,15,18,487,112,375,476,124,352,1,0,1,1058,348,710,28,11,17,177,49,128,54,29,25
212133,Graduate student,1755,537,1218,2,0,2,49,16,33,525,156,369,104,20,84,0,0,0,829,242,587,30,10,20,157,64,93,59,29,30
212160,Total students enrolled for credit,7245,2702,4543,14,7,7,85,35,50,554,236,318,183,88,95,4,1,3,5922,2170,3752,236,83,153,149,40,109,98,42,56
212160,Undergraduate students,5356,2286,3070,10,6,4,72,34,38,414,200,214,162,83,79,1,1,0,4318,1816,2502,193,72,121,97,34,63,89,40,49
212160,Graduate student,1889,416,1473,4,1,3,13,1,12,140,36,104,21,5,16,3,0,3,1604,354,1250,43,11,32,52,6,46,9,2,7
212197,Total students enrolled for credit,1825,701,1124,5,1,4,50,14,36,60,26,34,68,26,42,2,1,1,1541,577,964,40,13,27,0,0,0,59,43,16
212197,Undergraduate students,1766,696,1070,4,1,3,50,14,36,59,26,33,67,26,41,2,1,1,1486,572,914,39,13,26,0,0,0,59,43,16
212197,Graduate student,59,5,54,1,0,1,0,0,0,1,0,1,1,0,1,0,0,0,55,5,50,1,0,1,0,0,0,0,0,0
212230,Total students enrolled for credit,61,2,59,2,0,2,1,0,1,1,0,1,17,2,15,0,0,0,40,0,40,0,0,0,0,0,0,0,0,0
212230,Undergraduate students,61,2,59,2,0,2,1,0,1,1,0,1,17,2,15,0,0,0,40,0,40,0,0,0,0,0,0,0,0,0
212267,Total students enrolled for credit,151,7,144,0,0,0,0,0,0,23,2,21,31,0,31,0,0,0,79,5,74,1,0,1,17,0,17,0,0,0
212267,Undergraduate students,151,7,144,0,0,0,0,0,0,23,2,21,31,0,31,0,0,0,79,5,74,1,0,1,17,0,17,0,0,0
212276,Total students enrolled for credit,167,5,162,0,0,0,4,0,4,24,0,24,46,1,45,0,0,0,87,4,83,3,0,3,3,0,3,0,0,0
212276,Undergraduate students,167,5,162,0,0,0,4,0,4,24,0,24,46,1,45,0,0,0,87,4,83,3,0,3,3,0,3,0,0,0
212294,Total students enrolled for credit,86,3,83,0,0,0,2,0,2,6,1,5,6,1,5,0,0,0,62,1,61,3,0,3,7,0,7,0,0,0
212294,Undergraduate students,86,3,83,0,0,0,2,0,2,6,1,5,6,1,5,0,0,0,62,1,61,3,0,3,7,0,7,0,0,0
212300,Total students enrolled for credit,72,6,66,0,0,0,0,0,0,3,0,3,6,2,4,0,0,0,60,4,56,0,0,0,3,0,3,0,0,0
212300,Undergraduate students,72,6,66,0,0,0,0,0,0,3,0,3,6,2,4,0,0,0,60,4,56,0,0,0,3,0,3,0,0,0
212328,Total students enrolled for credit,174,11,163,0,0,0,4,1,3,33,1,32,61,6,55,1,0,1,58,1,57,12,2,10,5,0,5,0,0,0
212328,Undergraduate students,174,11,163,0,0,0,4,1,3,33,1,32,61,6,55,1,0,1,58,1,57,12,2,10,5,0,5,0,0,0
212337,Total students enrolled for credit,201,13,188,2,0,2,3,1,2,163,11,152,12,0,12,0,0,0,11,0,11,2,0,2,8,1,7,0,0,0
212337,Undergraduate students,201,13,188,2,0,2,3,1,2,163,11,152,12,0,12,0,0,0,11,0,11,2,0,2,8,1,7,0,0,0
212355,Total students enrolled for credit,211,3,208,0,0,0,2,0,2,23,1,22,24,1,23,1,0,1,141,1,140,0,0,0,20,0,20,0,0,0
212355,Undergraduate students,211,3,208,0,0,0,2,0,2,23,1,22,24,1,23,1,0,1,141,1,140,0,0,0,20,0,20,0,0,0
212373,Total students enrolled for credit,50,4,46,0,0,0,3,0,3,5,0,5,6,2,4,0,0,0,28,1,27,1,1,0,7,0,7,0,0,0
212373,Undergraduate students,50,4,46,0,0,0,3,0,3,5,0,5,6,2,4,0,0,0,28,1,27,1,1,0,7,0,7,0,0,0
212382,Total students enrolled for credit,208,12,196,1,0,1,5,1,4,44,1,43,25,3,22,0,0,0,92,6,86,16,1,15,25,0,25,0,0,0
212382,Undergraduate students,208,12,196,1,0,1,5,1,4,44,1,43,25,3,22,0,0,0,92,6,86,16,1,15,25,0,25,0,0,0
212391,Total students enrolled for credit,178,8,170,2,1,1,2,0,2,25,1,24,85,5,80,0,0,0,55,1,54,4,0,4,5,0,5,0,0,0
212391,Undergraduate students,178,8,170,2,1,1,2,0,2,25,1,24,85,5,80,0,0,0,55,1,54,4,0,4,5,0,5,0,0,0
212434,Total students enrolled for credit,644,598,46,4,3,1,10,9,1,28,23,5,17,11,6,0,0,0,583,550,33,2,2,0,0,0,0,0,0,0
212434,Undergraduate students,644,598,46,4,3,1,10,9,1,28,23,5,17,11,6,0,0,0,583,550,33,2,2,0,0,0,0,0,0,0
212443,Total students enrolled for credit,126,80,46,0,0,0,1,1,0,4,2,2,7,4,3,0,0,0,113,73,40,0,0,0,0,0,0,1,0,1
212443,Graduate student,126,80,46,0,0,0,1,1,0,4,2,2,7,4,3,0,0,0,113,73,40,0,0,0,0,0,0,1,0,1
212452,Total students enrolled for credit,172,109,63,0,0,0,25,18,7,81,41,40,1,0,1,0,0,0,19,17,2,0,0,0,0,0,0,46,33,13
212452,Undergraduate students,74,42,32,0,0,0,3,2,1,45,22,23,1,0,1,0,0,0,12,11,1,0,0,0,0,0,0,13,7,6
212452,Graduate student,98,67,31,0,0,0,22,16,6,36,19,17,0,0,0,0,0,0,7,6,1,0,0,0,0,0,0,33,26,7
212568,Total students enrolled for credit,264,44,220,2,0,2,14,6,8,38,2,36,11,1,10,2,1,1,189,33,156,6,0,6,2,1,1,0,0,0
212568,Undergraduate students,264,44,220,2,0,2,14,6,8,38,2,36,11,1,10,2,1,1,189,33,156,6,0,6,2,1,1,0,0,0
212577,Total students enrolled for credit,2440,1142,1298,1,0,1,126,50,76,134,69,65,214,90,124,1,1,0,1399,677,722,55,19,36,154,63,91,356,173,183
212577,Undergraduate students,2440,1142,1298,1,0,1,126,50,76,134,69,65,214,90,124,1,1,0,1399,677,722,55,19,36,154,63,91,356,173,183
212601,Total students enrolled for credit,4889,2181,2708,8,3,5,87,32,55,186,85,101,116,41,75,5,2,3,3329,1248,2081,90,36,54,315,131,184,753,603,150
212601,Undergraduate students,3327,1463,1864,6,3,3,65,26,39,154,78,76,102,34,68,4,1,3,2364,954,1410,80,32,48,268,116,152,284,219,65
212601,Graduate student,1562,718,844,2,0,2,22,6,16,32,7,25,14,7,7,1,1,0,965,294,671,10,4,6,47,15,32,469,384,85
212656,Total students enrolled for credit,1944,915,1029,4,2,2,20,11,9,206,71,135,31,10,21,1,0,1,1568,758,810,49,34,15,53,22,31,12,7,5
212656,Undergraduate students,1626,794,832,3,1,2,17,11,6,170,66,104,25,7,18,1,0,1,1308,652,656,47,32,15,46,20,26,9,5,4
212656,Graduate student,318,121,197,1,1,0,3,0,3,36,5,31,6,3,3,0,0,0,260,106,154,2,2,0,7,2,5,3,2,1
212674,Total students enrolled for credit,2615,1195,1420,4,2,2,63,17,46,91,41,50,155,59,96,0,0,0,1998,946,1052,75,28,47,59,21,38,170,81,89
212674,Undergraduate students,2615,1195,1420,4,2,2,63,17,46,91,41,50,155,59,96,0,0,0,1998,946,1052,75,28,47,59,21,38,170,81,89
212753,Total students enrolled for credit,214,4,210,0,0,0,2,0,2,67,1,66,45,2,43,0,0,0,43,1,42,0,0,0,57,0,57,0,0,0
212753,Undergraduate students,214,4,210,0,0,0,2,0,2,67,1,66,45,2,43,0,0,0,43,1,42,0,0,0,57,0,57,0,0,0
212771,Total students enrolled for credit,349,72,277,3,2,1,2,0,2,2,1,1,3,1,2,0,0,0,268,57,211,3,0,3,68,11,57,0,0,0
212771,Undergraduate students,116,4,112,0,0,0,0,0,0,0,0,0,0,0,0,0,0,0,98,4,94,0,0,0,18,0,18,0,0,0
212771,Graduate student,233,68,165,3,2,1,2,0,2,2,1,1,3,1,2,0,0,0,170,53,117,3,0,3,50,11,39,0,0,0
212805,Total students enrolled for credit,2383,1200,1183,1,1,0,41,17,24,11,9,2,35,21,14,0,0,0,2203,1105,1098,68,36,32,0,0,0,24,11,13
212805,Undergraduate students,2383,1200,1183,1,1,0,41,17,24,11,9,2,35,21,14,0,0,0,2203,1105,1098,68,36,32,0,0,0,24,11,13
212832,Total students enrolled for credit,3571,957,2614,7,0,7,164,46,118,636,129,507,138,35,103,0,0,0,2105,608,1497,0,0,0,519,138,381,2,1,1
212832,Undergraduate students,2617,716,1901,7,0,7,134,41,93,488,96,392,100,27,73,0,0,0,1409,425,984,0,0,0,477,126,351,2,1,1
212832,Graduate student,954,241,713,0,0,0,30,5,25,148,33,115,38,8,30,0,0,0,696,183,513,0,0,0,42,12,30,0,0,0
212869,Total students enrolled for credit,1742,322,1420,3,1,2,25,4,21,849,168,681,179,46,133,5,2,3,553,59,494,32,15,17,39,6,33,57,21,36
212869,Undergraduate students,1742,322,1420,3,1,2,25,4,21,849,168,681,179,46,133,5,2,3,553,59,494,32,15,17,39,6,33,57,21,36
212878,Total students enrolled for credit,27038,10011,17027,72,27,45,956,378,578,2763,1025,1738,2723,891,1832,35,16,19,18474,6815,11659,820,313,507,589,255,334,606,291,315
212878,Undergraduate students,27038,10011,17027,72,27,45,956,378,578,2763,1025,1738,2723,891,1832,35,16,19,18474,6815,11659,820,313,507,589,255,334,606,291,315
212911,Total students enrolled for credit,1326,648,678,2,1,1,131,61,70,93,44,49,111,56,55,0,0,0,788,387,401,53,18,35,31,18,13,117,63,54
212911,Undergraduate students,1326,648,678,2,1,1,131,61,70,93,44,49,111,56,55,0,0,0,788,387,401,53,18,35,31,18,13,117,63,54
212975,Total students enrolled for credit,410,294,116,3,3,0,2,0,2,41,30,11,14,9,5,1,1,0,286,202,84,2,1,1,61,48,13,0,0,0
212975,Undergraduate students,410,294,116,3,3,0,2,0,2,41,30,11,14,9,5,1,1,0,286,202,84,2,1,1,61,48,13,0,0,0
212984,Total students enrolled for credit,3453,844,2609,4,2,2,143,35,108,381,100,281,166,40,126,6,1,5,2165,513,1652,0,0,0,578,151,427,10,2,8
212984,Undergraduate students,2309,588,1721,3,2,1,111,25,86,264,71,193,119,28,91,5,1,4,1338,338,1000,0,0,0,463,121,342,6,2,4
212984,Graduate student,1144,256,888,1,0,1,32,10,22,117,29,88,47,12,35,1,0,1,827,175,652,0,0,0,115,30,85,4,0,4
212993,Total students enrolled for credit,52,23,29,0,0,0,0,0,0,14,8,6,7,3,4,0,0,0,28,10,18,1,0,1,1,1,0,1,1,0
212993,Undergraduate students,52,23,29,0,0,0,0,0,0,14,8,6,7,3,4,0,0,0,28,10,18,1,0,1,1,1,0,1,1,0
213002,Total students enrolled for credit,537,174,363,0,0,0,7,4,3,273,89,184,16,4,12,1,1,0,150,45,105,3,1,2,87,30,57,0,0,0
213002,Undergraduate students,537,174,363,0,0,0,7,4,3,273,89,184,16,4,12,1,1,0,150,45,105,3,1,2,87,30,57,0,0,0
213011,Total students enrolled for credit,3349,828,2521,4,0,4,64,17,47,395,91,304,163,39,124,2,1,1,2409,602,1807,39,10,29,251,65,186,22,3,19
213011,Undergraduate students,1906,488,1418,3,0,3,46,13,33,288,68,220,105,24,81,2,1,1,1338,360,978,29,8,21,81,11,70,14,3,11
213011,Graduate student,1443,340,1103,1,0,1,18,4,14,107,23,84,58,15,43,0,0,0,1071,242,829,10,2,8,170,54,116,8,0,8
213020,Total students enrolled for credit,14728,6461,8267,17,6,11,168,76,92,1532,688,844,564,247,317,5,2,3,10450,4358,6092,474,203,271,418,221,197,1100,660,440
213020,Undergraduate students,12003,5383,6620,11,4,7,129,60,69,1401,637,764,508,220,288,4,2,2,8654,3739,4915,434,189,245,328,189,139,534,343,191
213020,Graduate student,2725,1078,1647,6,2,4,39,16,23,131,51,80,56,27,29,1,0,1,1796,619,1177,40,14,26,90,32,58,566,317,249
213163,Total students enrolled for credit,41,5,36,0,0,0,0,0,0,0,0,0,0,0,0,0,0,0,41,5,36,0,0,0,0,0,0,0,0,0
213163,Undergraduate students,41,5,36,0,0,0,0,0,0,0,0,0,0,0,0,0,0,0,41,5,36,0,0,0,0,0,0,0,0,0
213181,Total students enrolled for credit,573,68,505,1,0,1,18,4,14,61,8,53,41,2,39,0,0,0,434,51,383,11,3,8,7,0,7,0,0,0
213181,Undergraduate students,573,68,505,1,0,1,18,4,14,61,8,53,41,2,39,0,0,0,434,51,383,11,3,8,7,0,7,0,0,0
213215,Total students enrolled for credit,363,28,335,0,0,0,0,0,0,79,11,68,47,2,45,1,0,1,219,13,206,9,1,8,8,1,7,0,0,0
213215,Undergraduate students,363,28,335,0,0,0,0,0,0,79,11,68,47,2,45,1,0,1,219,13,206,9,1,8,8,1,7,0,0,0
213233,Total students enrolled for credit,521,384,137,1,0,1,4,4,0,16,14,2,30,24,6,0,0,0,455,331,124,9,6,3,6,5,1,0,0,0
213233,Undergraduate students,521,384,137,1,0,1,4,4,0,16,14,2,30,24,6,0,0,0,455,331,124,9,6,3,6,5,1,0,0,0
213251,Total students enrolled for credit,1647,725,922,2,2,0,63,21,42,50,23,27,64,35,29,0,0,0,1143,509,634,44,20,24,89,38,51,192,77,115
213251,Undergraduate students,1638,722,916,2,2,0,63,21,42,49,22,27,64,35,29,0,0,0,1137,507,630,44,20,24,87,38,49,192,77,115
213251,Graduate student,9,3,6,0,0,0,0,0,0,1,1,0,0,0,0,0,0,0,6,2,4,0,0,0,2,0,2,0,0,0
213303,Total students enrolled for credit,1896,641,1255,4,2,2,18,8,10,123,58,65,193,56,137,0,0,0,1170,417,753,16,5,11,370,94,276,2,1,1
213303,Undergraduate students,1790,623,1167,3,2,1,17,8,9,117,56,61,160,50,110,0,0,0,1106,408,698,16,5,11,369,93,276,2,1,1
213303,Graduate student,106,18,88,1,0,1,1,0,1,6,2,4,33,6,27,0,0,0,64,9,55,0,0,0,1,1,0,0,0,0
213321,Total students enrolled for credit,2742,1299,1443,4,1,3,63,16,47,79,51,28,175,79,96,0,0,0,2001,891,1110,53,31,22,191,84,107,176,146,30
213321,Undergraduate students,2244,1166,1078,3,1,2,46,10,36,74,48,26,165,76,89,0,0,0,1596,796,800,52,31,21,163,74,89,145,130,15
213321,Graduate student,498,133,365,1,0,1,17,6,11,5,3,2,10,3,7,0,0,0,405,95,310,1,0,1,28,10,18,31,16,15
213330,Total students enrolled for credit,30,2,28,0,0,0,0,0,0,0,0,0,0,0,0,0,0,0,29,1,28,1,1,0,0,0,0,0,0,0
213330,Undergraduate students,30,2,28,0,0,0,0,0,0,0,0,0,0,0,0,0,0,0,29,1,28,1,1,0,0,0,0,0,0,0
213349,Total students enrolled for credit,9467,4121,5346,12,5,7,105,43,62,715,400,315,741,326,415,10,5,5,7306,3080,4226,279,131,148,220,92,128,79,39,40
213349,Undergraduate students,8365,3870,4495,12,5,7,96,41,55,661,382,279,691,319,372,10,5,5,6409,2883,3526,268,126,142,152,75,77,66,34,32
213349,Graduate student,1102,251,851,0,0,0,9,2,7,54,18,36,50,7,43,0,0,0,897,197,700,11,5,6,68,17,51,13,5,8
213358,Total students enrolled for credit,1787,786,1001,3,1,2,30,15,15,143,56,87,34,17,17,2,0,2,1049,400,649,38,15,23,192,86,106,296,196,100
213358,Undergraduate students,1608,737,871,3,1,2,28,15,13,141,56,85,33,17,16,2,0,2,942,368,574,38,15,23,153,79,74,268,186,82
213358,Graduate student,179,49,130,0,0,0,2,0,2,2,0,2,1,0,1,0,0,0,107,32,75,0,0,0,39,7,32,28,10,18
213367,Total students enrolled for credit,7126,2323,4803,14,8,6,288,94,194,1142,297,845,810,252,558,9,2,7,4070,1424,2646,159,66,93,493,109,384,141,71,70
213367,Undergraduate students,3896,1470,2426,8,6,2,193,67,126,808,240,568,650,208,442,6,2,4,1937,820,1117,108,47,61,103,34,69,83,46,37
213367,Graduate student,3230,853,2377,6,2,4,95,27,68,334,57,277,160,44,116,3,0,3,2133,604,1529,51,19,32,390,75,315,58,25,33
213376,Total students enrolled for credit,3040,1434,1606,6,2,4,47,21,26,362,280,82,203,86,117,0,0,0,1793,767,1026,31,14,17,588,256,332,10,8,2
213376,Undergraduate students,3040,1434,1606,6,2,4,47,21,26,362,280,82,203,86,117,0,0,0,1793,767,1026,31,14,17,588,256,332,10,8,2
213385,Total students enrolled for credit,2569,1259,1310,0,0,0,108,45,63,138,71,67,167,76,91,1,0,1,1677,834,843,56,28,28,160,73,87,262,132,130
213385,Undergraduate students,2569,1259,1310,0,0,0,108,45,63,138,71,67,167,76,91,1,0,1,1677,834,843,56,28,28,160,73,87,262,132,130
213400,Total students enrolled for credit,2387,1225,1162,6,3,3,32,18,14,882,451,431,75,36,39,0,0,0,1182,590,592,74,44,30,133,81,52,3,2,1
213400,Undergraduate students,1796,864,932,4,2,2,17,9,8,641,299,342,55,27,28,0,0,0,933,439,494,55,32,23,88,54,34,3,2,1
213400,Graduate student,591,361,230,2,1,1,15,9,6,241,152,89,20,9,11,0,0,0,249,151,98,19,12,7,45,27,18,0,0,0
213446,Total students enrolled for credit,109,43,66,0,0,0,0,0,0,31,18,13,5,1,4,0,0,0,73,24,49,0,0,0,0,0,0,0,0,0
213446,Graduate student,109,43,66,0,0,0,0,0,0,31,18,13,5,1,4,0,0,0,73,24,49,0,0,0,0,0,0,0,0,0
213455,Total students enrolled for credit,331,9,322,0,0,0,3,0,3,11,0,11,55,1,54,1,0,1,189,5,184,24,3,21,48,0,48,0,0,0
213455,Undergraduate students,331,9,322,0,0,0,3,0,3,11,0,11,55,1,54,1,0,1,189,5,184,24,3,21,48,0,48,0,0,0
213473,Total students enrolled for credit,291,50,241,0,0,0,12,1,11,13,3,10,15,4,11,0,0,0,251,42,209,0,0,0,0,0,0,0,0,0
213473,Undergraduate students,291,50,241,0,0,0,12,1,11,13,3,10,15,4,11,0,0,0,251,42,209,0,0,0,0,0,0,0,0,0
213491,Total students enrolled for credit,69,1,68,0,0,0,2,0,2,2,0,2,2,0,2,0,0,0,61,1,60,1,0,1,1,0,1,0,0,0
213491,Undergraduate students,69,1,68,0,0,0,2,0,2,2,0,2,2,0,2,0,0,0,61,1,60,1,0,1,1,0,1,0,0,0
213507,Total students enrolled for credit,2111,946,1165,2,1,1,50,19,31,61,37,24,109,46,63,1,0,1,1716,762,954,46,25,21,108,48,60,18,8,10
213507,Undergraduate students,1784,815,969,2,1,1,43,17,26,56,33,23,100,43,57,1,0,1,1452,659,793,43,24,19,76,35,41,11,3,8
213507,Graduate student,327,131,196,0,0,0,7,2,5,5,4,1,9,3,6,0,0,0,264,103,161,3,1,2,32,13,19,7,5,2
213525,Total students enrolled for credit,9669,3777,5892,14,7,7,232,102,130,605,243,362,1927,674,1253,0,0,0,5795,2285,3510,399,157,242,660,294,366,37,15,22
213525,Undergraduate students,9669,3777,5892,14,7,7,232,102,130,605,243,362,1927,674,1253,0,0,0,5795,2285,3510,399,157,242,660,294,366,37,15,22
213534,Total students enrolled for credit,1683,620,1063,8,5,3,14,8,6,105,53,52,787,264,523,0,0,0,686,270,416,22,4,18,60,16,44,1,0,1
213534,Undergraduate students,1683,620,1063,8,5,3,14,8,6,105,53,52,787,264,523,0,0,0,686,270,416,22,4,18,60,16,44,1,0,1
213543,Total students enrolled for credit,7586,4239,3347,10,3,7,544,272,272,256,143,113,541,283,258,6,3,3,4476,2544,1932,142,67,75,406,196,210,1205,728,477
213543,Undergraduate students,5337,3009,2328,8,2,6,454,230,224,201,118,83,455,246,209,2,1,1,3384,1968,1416,130,59,71,253,134,119,450,251,199
213543,Graduate student,2249,1230,1019,2,1,1,90,42,48,55,25,30,86,37,49,4,2,2,1092,576,516,12,8,4,153,62,91,755,477,278
213552,Total students enrolled for credit,88,10,78,0,0,0,1,0,1,12,5,7,10,0,10,0,0,0,65,5,60,0,0,0,0,0,0,0,0,0
213552,Undergraduate students,88,10,78,0,0,0,1,0,1,12,5,7,10,0,10,0,0,0,65,5,60,0,0,0,0,0,0,0,0,0
213570,Total students enrolled for credit,723,147,576,1,0,1,4,2,2,97,22,75,248,29,219,1,1,0,337,89,248,21,2,19,14,2,12,0,0,0
213570,Undergraduate students,723,147,576,1,0,1,4,2,2,97,22,75,248,29,219,1,1,0,337,89,248,21,2,19,14,2,12,0,0,0
213589,Total students enrolled for credit,403,373,30,0,0,0,20,20,0,182,169,13,87,80,7,2,2,0,67,64,3,27,22,5,18,16,2,0,0,0
213589,Undergraduate students,403,373,30,0,0,0,20,20,0,182,169,13,87,80,7,2,2,0,67,64,3,27,22,5,18,16,2,0,0,0
213598,Total students enrolled for credit,2273,821,1452,8,3,5,2,1,1,1912,664,1248,54,20,34,0,0,0,30,14,16,28,9,19,165,79,86,74,31,43
213598,Undergraduate students,1954,722,1232,7,3,4,2,1,1,1631,576,1055,47,16,31,0,0,0,28,14,14,26,9,17,143,74,69,70,29,41
213598,Graduate student,319,99,220,1,0,1,0,0,0,281,88,193,7,4,3,0,0,0,2,0,2,2,0,2,22,5,17,4,2,2
213613,Total students enrolled for credit,4701,1920,2781,20,11,9,63,22,41,415,232,183,106,44,62,0,0,0,3940,1544,2396,42,15,27,69,38,31,46,14,32
213613,Undergraduate students,4187,1793,2394,18,10,8,54,21,33,399,226,173,99,43,56,0,0,0,3468,1427,2041,40,15,25,63,37,26,46,14,32
213613,Graduate student,514,127,387,2,1,1,9,1,8,16,6,10,7,1,6,0,0,0,472,117,355,2,0,2,6,1,5,0,0,0
213622,Total students enrolled for credit,74,10,64,0,0,0,0,0,0,2,0,2,0,0,0,0,0,0,71,10,61,1,0,1,0,0,0,0,0,0
213622,Undergraduate students,74,10,64,0,0,0,0,0,0,2,0,2,0,0,0,0,0,0,71,10,61,1,0,1,0,0,0,0,0,0
213631,Total students enrolled for credit,394,189,205,0,0,0,4,2,2,97,38,59,11,6,5,0,0,0,263,132,131,6,1,5,0,0,0,13,10,3
213631,Graduate student,394,189,205,0,0,0,4,2,2,97,38,59,11,6,5,0,0,0,263,132,131,6,1,5,0,0,0,13,10,3
213659,Total students enrolled for credit,8126,3165,4961,29,12,17,117,63,54,386,165,221,979,360,619,15,8,7,5750,2209,3541,119,56,63,729,291,438,2,1,1
213659,Undergraduate students,8126,3165,4961,29,12,17,117,63,54,386,165,221,979,360,619,15,8,7,5750,2209,3541,119,56,63,729,291,438,2,1,1
213668,Total students enrolled for credit,1404,674,730,3,1,2,14,3,11,141,80,61,117,50,67,0,0,0,931,432,499,44,23,21,74,42,32,80,43,37
213668,Undergraduate students,1404,674,730,3,1,2,14,3,11,141,80,61,117,50,67,0,0,0,931,432,499,44,23,21,74,42,32,80,43,37
213774,Total students enrolled for credit,760,206,554,8,0,8,25,10,15,290,92,198,75,18,57,0,0,0,321,68,253,22,3,19,17,14,3,2,1,1
213774,Undergraduate students,760,206,554,8,0,8,25,10,15,290,92,198,75,18,57,0,0,0,321,68,253,22,3,19,17,14,3,2,1,1
213783,Total students enrolled for credit,2403,933,1470,5,1,4,20,5,15,221,101,120,81,32,49,1,0,1,1964,748,1216,54,18,36,40,17,23,17,11,6
213783,Undergraduate students,2287,914,1373,4,1,3,18,5,13,219,100,119,78,30,48,1,0,1,1858,732,1126,54,18,36,38,17,21,17,11,6
213783,Graduate student,116,19,97,1,0,1,2,0,2,2,1,1,3,2,1,0,0,0,106,16,90,0,0,0,2,0,2,0,0,0
213826,Total students enrolled for credit,3437,999,2438,7,0,7,73,17,56,89,32,57,171,36,135,0,0,0,2489,703,1786,51,13,38,443,142,301,114,56,58
213826,Undergraduate students,2063,659,1404,4,0,4,44,6,38,54,24,30,114,24,90,0,0,0,1495,473,1022,33,9,24,290,101,189,29,22,7
213826,Graduate student,1374,340,1034,3,0,3,29,11,18,35,8,27,57,12,45,0,0,0,994,230,764,18,4,14,153,41,112,85,34,51
213871,Total students enrolled for credit,422,156,266,2,0,2,2,1,1,16,3,13,107,29,78,1,1,0,278,118,160,12,3,9,4,1,3,0,0,0
213871,Undergraduate students,422,156,266,2,0,2,2,1,1,16,3,13,107,29,78,1,1,0,278,118,160,12,3,9,4,1,3,0,0,0
213914,Total students enrolled for credit,446,25,421,1,0,1,0,0,0,15,2,13,12,1,11,1,1,0,402,21,381,15,0,15,0,0,0,0,0,0
213914,Undergraduate students,446,25,421,1,0,1,0,0,0,15,2,13,12,1,11,1,1,0,402,21,381,15,0,15,0,0,0,0,0,0
213932,Total students enrolled for credit,155,21,134,0,0,0,15,5,10,56,6,50,6,0,6,0,0,0,78,10,68,0,0,0,0,0,0,0,0,0
213932,Undergraduate students,155,21,134,0,0,0,15,5,10,56,6,50,6,0,6,0,0,0,78,10,68,0,0,0,0,0,0,0,0,0
213987,Total students enrolled for credit,3079,1330,1749,20,10,10,44,15,29,178,97,81,121,47,74,7,4,3,2275,941,1334,0,0,0,119,55,64,315,161,154
213987,Undergraduate students,2666,1140,1526,18,10,8,34,9,25,168,91,77,108,41,67,7,4,3,1979,815,1164,0,0,0,90,38,52,262,132,130
213987,Graduate student,413,190,223,2,0,2,10,6,4,10,6,4,13,6,7,0,0,0,296,126,170,0,0,0,29,17,12,53,29,24
213996,Total students enrolled for credit,3555,1304,2251,3,0,3,73,20,53,112,35,77,147,54,93,1,0,1,2930,1073,1857,111,41,70,40,15,25,138,66,72
213996,Undergraduate students,2866,1118,1748,2,0,2,65,17,48,68,26,42,123,49,74,1,0,1,2333,913,1420,109,40,69,34,13,21,131,60,71
213996,Graduate student,689,186,503,1,0,1,8,3,5,44,9,35,24,5,19,0,0,0,597,160,437,2,1,1,6,2,4,7,6,1
214023,Total students enrolled for credit,57,29,28,0,0,0,2,2,0,45,20,25,5,3,2,0,0,0,5,4,1,0,0,0,0,0,0,0,0,0
214023,Undergraduate students,57,29,28,0,0,0,2,2,0,45,20,25,5,3,2,0,0,0,5,4,1,0,0,0,0,0,0,0,0,0
214041,Total students enrolled for credit,9502,3905,5597,19,8,11,247,107,140,760,348,412,828,328,500,13,6,7,7259,2950,4309,170,69,101,132,55,77,74,34,40
214041,Undergraduate students,7915,3505,4410,15,7,8,221,101,120,708,333,375,756,311,445,11,6,5,5871,2599,3272,161,67,94,111,51,60,61,30,31
214041,Graduate student,1587,400,1187,4,1,3,26,6,20,52,15,37,72,17,55,2,0,2,1388,351,1037,9,2,7,21,4,17,13,4,9
214069,Total students enrolled for credit,3361,1016,2345,6,1,5,45,16,29,75,39,36,98,36,62,5,3,2,2912,852,2060,68,33,35,147,34,113,5,2,3
214069,Undergraduate students,2407,783,1624,6,1,5,35,13,22,68,36,32,86,33,53,3,1,2,2055,643,1412,62,31,31,87,23,64,5,2,3
214069,Graduate student,954,233,721,0,0,0,10,3,7,7,3,4,12,3,9,2,2,0,857,209,648,6,2,4,60,11,49,0,0,0
214111,Total students enrolled for credit,17982,7690,10292,66,32,34,1033,475,558,2394,925,1469,1017,398,619,39,16,23,10875,4705,6170,514,190,324,1782,850,932,262,99,163
214111,Undergraduate students,17982,7690,10292,66,32,34,1033,475,558,2394,925,1469,1017,398,619,39,16,23,10875,4705,6170,514,190,324,1782,850,932,262,99,163
214148,Total students enrolled for credit,424,5,419,0,0,0,17,0,17,88,2,86,24,0,24,1,0,1,235,3,232,43,0,43,9,0,9,7,0,7
214148,Undergraduate students,380,0,380,0,0,0,15,0,15,83,0,83,23,0,23,1,0,1,205,0,205,39,0,39,7,0,7,7,0,7
214148,Graduate student,44,5,39,0,0,0,2,0,2,5,2,3,1,0,1,0,0,0,30,3,27,4,0,4,2,0,2,0,0,0
214157,Total students enrolled for credit,2781,1070,1711,5,1,4,49,13,36,134,70,64,256,89,167,2,2,0,1924,664,1260,47,21,26,197,86,111,167,124,43
214157,Undergraduate students,2195,913,1282,4,1,3,40,11,29,98,58,40,222,78,144,2,2,0,1461,549,912,44,19,25,166,74,92,158,121,37
214157,Graduate student,586,157,429,1,0,1,9,2,7,36,12,24,34,11,23,0,0,0,463,115,348,3,2,1,31,12,19,9,3,6
214166,Total students enrolled for credit,3016,998,2018,10,3,7,31,11,20,37,25,12,20,6,14,0,0,0,2423,754,1669,0,0,0,392,127,265,103,72,31
214166,Undergraduate students,2936,965,1971,10,3,7,31,11,20,36,24,12,20,6,14,0,0,0,2371,733,1638,0,0,0,380,124,256,88,64,24
214166,Graduate student,80,33,47,0,0,0,0,0,0,1,1,0,0,0,0,0,0,0,52,21,31,0,0,0,12,3,9,15,8,7
214175,Total students enrolled for credit,2535,1015,1520,2,0,2,82,21,61,91,48,43,181,75,106,1,1,0,1862,750,1112,38,13,25,195,71,124,83,36,47
214175,Undergraduate students,2535,1015,1520,2,0,2,82,21,61,91,48,43,181,75,106,1,1,0,1862,750,1112,38,13,25,195,71,124,83,36,47
214254,Total students enrolled for credit,835,260,575,0,0,0,12,4,8,571,184,387,167,47,120,1,0,1,45,11,34,0,0,0,39,14,25,0,0,0
214254,Undergraduate students,835,260,575,0,0,0,12,4,8,571,184,387,167,47,120,1,0,1,45,11,34,0,0,0,39,14,25,0,0,0
214272,Total students enrolled for credit,3875,1231,2644,21,3,18,60,20,40,724,180,544,134,48,86,3,1,2,1748,686,1062,17,7,10,1137,268,869,31,18,13
214272,Undergraduate students,2555,900,1655,17,2,15,44,17,27,592,143,449,112,39,73,3,1,2,1265,544,721,13,6,7,481,131,350,28,17,11
214272,Graduate student,1320,331,989,4,1,3,16,3,13,132,37,95,22,9,13,0,0,0,483,142,341,4,1,3,656,137,519,3,1,2
214290,Total students enrolled for credit,1131,1080,51,2,2,0,2,1,1,92,89,3,42,39,3,0,0,0,988,944,44,0,0,0,5,5,0,0,0,0
214290,Undergraduate students,1131,1080,51,2,2,0,2,1,1,92,89,3,42,39,3,0,0,0,988,944,44,0,0,0,5,5,0,0,0,0
214379,Total students enrolled for credit,13978,5595,8383,35,14,21,366,155,211,1766,703,1063,2755,1069,1686,23,10,13,8247,3286,4961,406,172,234,181,71,110,199,115,84
214379,Undergraduate students,13978,5595,8383,35,14,21,366,155,211,1766,703,1063,2755,1069,1686,23,10,13,8247,3286,4961,406,172,234,181,71,110,199,115,84
214476,Total students enrolled for credit,59,10,49,0,0,0,0,0,0,5,2,3,0,0,0,0,0,0,51,8,43,2,0,2,1,0,1,0,0,0
214476,Undergraduate students,59,10,49,0,0,0,0,0,0,5,2,3,0,0,0,0,0,0,51,8,43,2,0,2,1,0,1,0,0,0
214528,Total students enrolled for credit,559,479,80,0,0,0,11,10,1,230,199,31,73,65,8,1,1,0,130,104,26,12,10,2,102,90,12,0,0,0
214528,Undergraduate students,559,479,80,0,0,0,11,10,1,230,199,31,73,65,8,1,1,0,130,104,26,12,10,2,102,90,12,0,0,0
214564,Total students enrolled for credit,1238,315,923,0,0,0,223,50,173,61,15,46,0,0,0,1,0,1,798,201,597,28,8,20,0,0,0,127,41,86
214564,Graduate student,1238,315,923,0,0,0,223,50,173,61,15,46,0,0,0,1,0,1,798,201,597,28,8,20,0,0,0,127,41,86
214582,Total students enrolled for credit,955,177,778,2,1,1,16,3,13,558,74,484,34,3,31,1,0,1,147,50,97,24,9,15,173,37,136,0,0,0
214582,Undergraduate students,955,177,778,2,1,1,16,3,13,558,74,484,34,3,31,1,0,1,147,50,97,24,9,15,173,37,136,0,0,0
214591,Total students enrolled for credit,4832,3160,1672,6,4,2,166,100,66,162,70,92,134,72,62,3,0,3,3742,2515,1227,112,74,38,102,57,45,405,268,137
214591,Undergraduate students,4641,3022,1619,6,4,2,163,99,64,156,65,91,132,71,61,3,0,3,3577,2396,1181,107,70,37,94,50,44,403,267,136
214591,Graduate student,191,138,53,0,0,0,3,1,2,6,5,1,2,1,1,0,0,0,165,119,46,5,4,1,8,7,1,2,1,1
214607,Total students enrolled for credit,562,368,194,0,0,0,65,44,21,25,15,10,23,13,10,1,1,0,349,231,118,12,10,2,23,18,5,64,36,28
214607,Graduate student,562,368,194,0,0,0,65,44,21,25,15,10,23,13,10,1,1,0,349,231,118,12,10,2,23,18,5,64,36,28
214616,Total students enrolled for credit,928,430,498,0,0,0,125,63,62,24,5,19,40,20,20,0,0,0,511,238,273,22,13,9,135,61,74,71,30,41
214616,Graduate student,928,430,498,0,0,0,125,63,62,24,5,19,40,20,20,0,0,0,511,238,273,22,13,9,135,61,74,71,30,41
214625,Total students enrolled for credit,833,452,381,0,0,0,8,4,4,37,25,12,22,10,12,0,0,0,669,379,290,23,13,10,62,14,48,12,7,5
214625,Undergraduate students,833,452,381,0,0,0,8,4,4,37,25,12,22,10,12,0,0,0,669,379,290,23,13,10,62,14,48,12,7,5
214634,Total students enrolled for credit,542,157,385,0,0,0,5,1,4,39,12,27,14,4,10,1,1,0,437,125,312,16,6,10,30,8,22,0,0,0
214634,Undergraduate students,542,157,385,0,0,0,5,1,4,39,12,27,14,4,10,1,1,0,437,125,312,16,6,10,30,8,22,0,0,0
214643,Total students enrolled for credit,576,372,204,1,1,0,12,7,5,24,15,9,24,14,10,1,1,0,462,306,156,16,9,7,29,14,15,7,5,2
214643,Undergraduate students,546,362,184,1,1,0,12,7,5,23,14,9,24,14,10,1,1,0,436,298,138,15,8,7,27,14,13,7,5,2
214643,Graduate student,30,10,20,0,0,0,0,0,0,1,1,0,0,0,0,0,0,0,26,8,18,1,1,0,2,0,2,0,0,0
214652,Total students enrolled for credit,1123,531,592,0,0,0,63,34,29,33,14,19,73,33,40,0,0,0,895,421,474,28,11,17,22,11,11,9,7,2
214652,Undergraduate students,1123,531,592,0,0,0,63,34,29,33,14,19,73,33,40,0,0,0,895,421,474,28,11,17,22,11,11,9,7,2
214670,Total students enrolled for credit,1075,597,478,2,1,1,97,65,32,62,32,30,158,70,88,0,0,0,658,380,278,30,16,14,56,24,32,12,9,3
214670,Undergraduate students,1045,595,450,1,1,0,97,65,32,62,32,30,157,70,87,0,0,0,631,378,253,29,16,13,56,24,32,12,9,3
214670,Graduate student,30,2,28,1,0,1,0,0,0,0,0,0,1,0,1,0,0,0,27,2,25,1,0,1,0,0,0,0,0,0
214689,Total students enrolled for credit,3607,1984,1623,4,0,4,103,63,40,259,111,148,212,103,109,2,0,2,2716,1534,1182,96,46,50,38,22,16,177,105,72
214689,Undergraduate students,3607,1984,1623,4,0,4,103,63,40,259,111,148,212,103,109,2,0,2,2716,1534,1182,96,46,50,38,22,16,177,105,72
214698,Total students enrolled for credit,800,470,330,1,0,1,20,14,6,70,33,37,34,13,21,0,0,0,585,366,219,34,21,13,43,15,28,13,8,5
214698,Undergraduate students,800,470,330,1,0,1,20,14,6,70,33,37,34,13,21,0,0,0,585,366,219,34,21,13,43,15,28,13,8,5
214704,Total students enrolled for credit,3163,1818,1345,3,2,1,145,77,68,294,155,139,379,189,190,3,0,3,2097,1259,838,86,47,39,69,31,38,87,58,29
214704,Undergraduate students,3134,1812,1322,3,2,1,145,77,68,293,155,138,378,189,189,3,0,3,2077,1255,822,86,47,39,62,29,33,87,58,29
214704,Graduate student,29,6,23,0,0,0,0,0,0,1,0,1,1,0,1,0,0,0,20,4,16,0,0,0,7,2,5,0,0,0
214713,Total students enrolled for credit,5645,3233,2412,7,5,2,451,274,177,496,231,265,337,174,163,8,5,3,3305,1915,1390,148,77,71,139,78,61,754,474,280
214713,Undergraduate students,4562,2785,1777,6,4,2,402,253,149,448,212,236,300,160,140,8,5,3,2536,1625,911,126,64,62,110,66,44,626,396,230
214713,Graduate student,1083,448,635,1,1,0,49,21,28,48,19,29,37,14,23,0,0,0,769,290,479,22,13,9,29,12,17,128,78,50
214731,Total students enrolled for credit,1533,871,662,4,4,0,166,93,73,233,111,122,93,46,47,3,2,1,923,559,364,46,22,24,47,24,23,18,10,8
214731,Undergraduate students,1533,871,662,4,4,0,166,93,73,233,111,122,93,46,47,3,2,1,923,559,364,46,22,24,47,24,23,18,10,8
214740,Total students enrolled for credit,727,422,305,1,1,0,6,3,3,10,9,1,14,7,7,0,0,0,604,353,251,9,6,3,76,38,38,7,5,2
214740,Undergraduate students,727,422,305,1,1,0,6,3,3,10,9,1,14,7,7,0,0,0,604,353,251,9,6,3,76,38,38,7,5,2
214759,Total students enrolled for credit,693,285,408,2,1,1,3,2,1,32,15,17,17,12,5,2,0,2,594,229,365,27,16,11,9,4,5,7,6,1
214759,Undergraduate students,693,285,408,2,1,1,3,2,1,32,15,17,17,12,5,2,0,2,594,229,365,27,16,11,9,4,5,7,6,1
214768,Total students enrolled for credit,959,512,447,0,0,0,36,23,13,92,44,48,155,81,74,4,2,2,593,325,268,22,9,13,50,25,25,7,3,4
214768,Undergraduate students,959,512,447,0,0,0,36,23,13,92,44,48,155,81,74,4,2,2,593,325,268,22,9,13,50,25,25,7,3,4
214777,Total students enrolled for credit,50920,27472,23448,34,19,15,3015,1687,1328,2110,939,1171,2984,1437,1547,46,28,18,32199,17249,14950,1316,631,685,1052,563,489,8164,4919,3245
214777,Undergraduate students,43709,23532,20177,32,18,14,2785,1582,1203,1900,859,1041,2652,1262,1390,39,25,14,29071,15635,13436,1188,564,624,847,450,397,5195,3137,2058
214777,Graduate student,7211,3940,3271,2,1,1,230,105,125,210,80,130,332,175,157,7,3,4,3128,1614,1514,128,67,61,205,113,92,2969,1782,1187
214786,Total students enrolled for credit,612,367,245,0,0,0,36,24,12,129,58,71,28,20,8,0,0,0,368,237,131,22,9,13,13,10,3,16,9,7
214786,Undergraduate students,612,367,245,0,0,0,36,24,12,129,58,71,28,20,8,0,0,0,368,237,131,22,9,13,13,10,3,16,9,7
214795,Total students enrolled for credit,999,475,524,0,0,0,18,11,7,64,37,27,73,30,43,0,0,0,764,362,402,34,15,19,43,18,25,3,2,1
214795,Undergraduate students,998,475,523,0,0,0,18,11,7,64,37,27,73,30,43,0,0,0,763,362,401,34,15,19,43,18,25,3,2,1
214795,Graduate student,1,0,1,0,0,0,0,0,0,0,0,0,0,0,0,0,0,0,1,0,1,0,0,0,0,0,0,0,0,0
214801,Total students enrolled for credit,4599,2135,2464,8,4,4,675,377,298,574,218,356,429,176,253,5,1,4,2241,1087,1154,123,52,71,319,88,231,225,132,93
214801,Undergraduate students,4597,2135,2462,8,4,4,675,377,298,574,218,356,429,176,253,5,1,4,2239,1087,1152,123,52,71,319,88,231,225,132,93
214801,Graduate student,2,0,2,0,0,0,0,0,0,0,0,0,0,0,0,0,0,0,2,0,2,0,0,0,0,0,0,0,0,0
214810,Total students enrolled for credit,884,371,513,0,0,0,14,8,6,123,55,68,64,25,39,1,0,1,612,256,356,16,5,11,44,15,29,10,7,3
214810,Undergraduate students,884,371,513,0,0,0,14,8,6,123,55,68,64,25,39,1,0,1,612,256,356,16,5,11,44,15,29,10,7,3
214829,Total students enrolled for credit,1231,689,542,2,0,2,62,29,33,71,35,36,85,43,42,3,2,1,766,451,315,33,13,20,65,26,39,144,90,54
214829,Undergraduate students,1181,679,502,2,0,2,62,29,33,70,35,35,84,42,42,3,2,1,720,442,278,33,13,20,63,26,37,144,90,54
214829,Graduate student,50,10,40,0,0,0,0,0,0,1,0,1,1,1,0,0,0,0,46,9,37,0,0,0,2,0,2,0,0,0
214883,Total students enrolled for credit,2259,689,1570,4,3,1,44,17,27,1519,407,1112,173,48,125,3,1,2,433,183,250,13,4,9,65,23,42,5,3,2
214883,Undergraduate students,2164,660,1504,4,3,1,43,17,26,1464,391,1073,168,48,120,2,1,1,424,180,244,12,4,8,43,13,30,4,3,1
214883,Graduate student,95,29,66,0,0,0,1,0,1,55,16,39,5,0,5,1,0,1,9,3,6,1,0,1,22,10,12,1,0,1
214892,Total students enrolled for credit,372,164,208,1,1,0,1,0,1,37,16,21,4,3,1,2,1,1,318,140,178,9,3,6,0,0,0,0,0,0
214892,Undergraduate students,372,164,208,1,1,0,1,0,1,37,16,21,4,3,1,2,1,1,318,140,178,9,3,6,0,0,0,0,0,0
214944,Total students enrolled for credit,603,523,80,2,2,0,16,14,2,204,180,24,61,52,9,0,0,0,305,265,40,15,10,5,0,0,0,0,0,0
214944,Undergraduate students,603,523,80,2,2,0,16,14,2,204,180,24,61,52,9,0,0,0,305,265,40,15,10,5,0,0,0,0,0,0
214971,Total students enrolled for credit,299,107,192,0,0,0,20,6,14,17,7,10,15,6,9,0,0,0,186,58,128,19,5,14,19,10,9,23,15,8
214971,Undergraduate students,198,70,128,0,0,0,14,4,10,14,7,7,13,6,7,0,0,0,125,40,85,13,3,10,9,7,2,10,3,7
214971,Graduate student,101,37,64,0,0,0,6,2,4,3,0,3,2,0,2,0,0,0,61,18,43,6,2,4,10,3,7,13,12,1
215008,Total students enrolled for credit,109,109,0,0,0,0,1,1,0,1,1,0,0,0,0,0,0,0,101,101,0,1,1,0,0,0,0,5,5,0
215008,Undergraduate students,109,109,0,0,0,0,1,1,0,1,1,0,0,0,0,0,0,0,101,101,0,1,1,0,0,0,0,5,5,0
215044,Total students enrolled for credit,320,103,217,1,1,0,6,1,5,129,49,80,41,13,28,0,0,0,115,32,83,15,4,11,13,3,10,0,0,0
215044,Undergraduate students,320,103,217,1,1,0,6,1,5,129,49,80,41,13,28,0,0,0,115,32,83,15,4,11,13,3,10,0,0,0
215053,Total students enrolled for credit,239,81,158,6,3,3,11,5,6,18,9,9,7,0,7,0,0,0,167,54,113,11,4,7,19,6,13,0,0,0
215053,Undergraduate students,239,81,158,6,3,3,11,5,6,18,9,9,7,0,7,0,0,0,167,54,113,11,4,7,19,6,13,0,0,0
215062,Total students enrolled for credit,28522,13010,15512,22,8,14,4450,1907,2543,1670,634,1036,2077,966,1111,9,4,5,12321,5733,6588,882,345,537,1778,633,1145,5313,2780,2533
215062,Undergraduate students,13437,6358,7079,12,4,8,2627,1171,1456,936,386,550,1226,590,636,3,1,2,5784,2858,2926,549,226,323,552,216,336,1748,906,842
215062,Graduate student,15085,6652,8433,10,4,6,1823,736,1087,734,248,486,851,376,475,6,3,3,6537,2875,3662,333,119,214,1226,417,809,3565,1874,1691
215099,Total students enrolled for credit,4454,1458,2996,8,1,7,220,59,161,758,235,523,317,110,207,7,1,6,2194,664,1530,76,23,53,405,117,288,469,248,221
215099,Undergraduate students,3079,989,2090,8,1,7,145,38,107,575,163,412,257,89,168,7,1,6,1609,514,1095,69,22,47,291,85,206,118,76,42
215099,Graduate student,1375,469,906,0,0,0,75,21,54,183,72,111,60,21,39,0,0,0,585,150,435,7,1,6,114,32,82,351,172,179
215105,Total students enrolled for credit,2137,814,1323,8,4,4,53,17,36,279,114,165,181,68,113,4,2,2,1287,505,782,97,36,61,85,19,66,143,49,94
215105,Undergraduate students,1832,725,1107,8,4,4,48,16,32,264,109,155,168,64,104,4,2,2,1082,442,640,94,36,58,49,13,36,115,39,76
215105,Graduate student,305,89,216,0,0,0,5,1,4,15,5,10,13,4,9,0,0,0,205,63,142,3,0,3,36,6,30,28,10,18
215114,Total students enrolled for credit,1463,667,796,3,1,2,66,22,44,201,99,102,93,42,51,0,0,0,1004,459,545,37,15,22,20,10,10,39,19,20
215114,Undergraduate students,1082,488,594,2,1,1,45,14,31,126,64,62,74,34,40,0,0,0,761,341,420,30,12,18,14,8,6,30,14,16
215114,Graduate student,381,179,202,1,0,1,21,8,13,75,35,40,19,8,11,0,0,0,243,118,125,7,3,4,6,2,4,9,5,4
215123,Total students enrolled for credit,3026,1271,1755,3,2,1,215,102,113,355,118,237,65,30,35,0,0,0,1546,685,861,560,247,313,244,74,170,38,13,25
215123,Graduate student,3026,1271,1755,3,2,1,215,102,113,355,118,237,65,30,35,0,0,0,1546,685,861,560,247,313,244,74,170,38,13,25
215132,Total students enrolled for credit,2718,1023,1695,1,1,0,785,297,488,149,58,91,91,28,63,4,2,2,1180,453,727,71,34,37,328,116,212,109,34,75
215132,Undergraduate students,1192,466,726,1,1,0,421,153,268,83,30,53,55,16,39,2,1,1,505,208,297,41,19,22,71,34,37,13,4,9
215132,Graduate student,1526,557,969,0,0,0,364,144,220,66,28,38,36,12,24,2,1,1,675,245,430,30,15,15,257,82,175,96,30,66
215239,Total students enrolled for credit,25570,9487,16083,73,26,47,1984,868,1116,11950,3966,7984,3118,1148,1970,62,20,42,5873,2419,3454,768,285,483,1063,431,632,679,324,355
215239,Undergraduate students,25570,9487,16083,73,26,47,1984,868,1116,11950,3966,7984,3118,1148,1970,62,20,42,5873,2419,3454,768,285,483,1063,431,632,679,324,355
215266,Total students enrolled for credit,1575,723,852,10,2,8,33,12,21,189,103,86,82,41,41,1,1,0,1086,484,602,35,18,17,108,41,67,31,21,10
215266,Undergraduate students,1575,723,852,10,2,8,33,12,21,189,103,86,82,41,41,1,1,0,1086,484,602,35,18,17,108,41,67,31,21,10
215275,Total students enrolled for credit,1589,775,814,0,0,0,65,32,33,95,36,59,93,42,51,1,1,0,1210,604,606,59,25,34,51,26,25,15,9,6
215275,Undergraduate students,1589,775,814,0,0,0,65,32,33,95,36,59,93,42,51,1,1,0,1210,604,606,59,25,34,51,26,25,15,9,6
215284,Total students enrolled for credit,2883,1610,1273,5,5,0,47,29,18,114,51,63,40,19,21,3,1,2,2432,1360,1072,66,37,29,112,71,41,64,37,27
215284,Undergraduate students,2883,1610,1273,5,5,0,47,29,18,114,51,63,40,19,21,3,1,2,2432,1360,1072,66,37,29,112,71,41,64,37,27
215293,Total students enrolled for credit,31947,15031,16916,20,11,9,2658,1163,1495,1583,648,935,1131,523,608,13,9,4,21162,10005,11157,1014,471,543,997,435,562,3369,1766,1603
215293,Undergraduate students,20822,10174,10648,15,9,6,2008,886,1122,1126,485,641,755,356,399,9,5,4,15027,7519,7508,811,380,431,264,126,138,807,408,399
215293,Graduate student,11125,4857,6268,5,2,3,650,277,373,457,163,294,376,167,209,4,4,0,6135,2486,3649,203,91,112,733,309,424,2562,1358,1204
215309,Total students enrolled for credit,358,133,225,1,1,0,7,5,2,71,39,32,19,9,10,0,0,0,241,70,171,14,7,7,5,2,3,0,0,0
215309,Undergraduate students,358,133,225,1,1,0,7,5,2,71,39,32,19,9,10,0,0,0,241,70,171,14,7,7,5,2,3,0,0,0
215336,Total students enrolled for credit,71,4,67,0,0,0,0,0,0,10,0,10,0,0,0,0,0,0,61,4,57,0,0,0,0,0,0,0,0,0
215336,Undergraduate students,71,4,67,0,0,0,0,0,0,10,0,10,0,0,0,0,0,0,61,4,57,0,0,0,0,0,0,0,0,0
215381,Total students enrolled for credit,1016,960,56,6,5,1,11,10,1,85,83,2,19,19,0,2,0,2,860,816,44,27,23,4,6,4,2,0,0,0
215381,Undergraduate students,1016,960,56,6,5,1,11,10,1,85,83,2,19,19,0,2,0,2,860,816,44,27,23,4,6,4,2,0,0,0
215390,Total students enrolled for credit,322,172,150,0,0,0,4,4,0,45,23,22,4,1,3,0,0,0,257,137,120,2,0,2,10,7,3,0,0,0
215390,Undergraduate students,322,172,150,0,0,0,4,4,0,45,23,22,4,1,3,0,0,0,257,137,120,2,0,2,10,7,3,0,0,0
215415,Total students enrolled for credit,2800,1574,1226,5,4,1,25,14,11,251,105,146,13,10,3,3,3,0,1942,1070,872,144,83,61,417,285,132,0,0,0
215415,Undergraduate students,2800,1574,1226,5,4,1,25,14,11,251,105,146,13,10,3,3,3,0,1942,1070,872,144,83,61,417,285,132,0,0,0
215424,Total students enrolled for credit,222,135,87,0,0,0,3,1,2,51,26,25,3,3,0,1,0,1,142,91,51,2,2,0,2,0,2,18,12,6
215424,Graduate student,222,135,87,0,0,0,3,1,2,51,26,25,3,3,0,1,0,1,142,91,51,2,2,0,2,0,2,18,12,6
215442,Total students enrolled for credit,4995,2053,2942,18,4,14,71,32,39,800,265,535,96,42,54,9,5,4,3532,1439,2093,185,76,109,58,19,39,226,171,55
215442,Undergraduate students,3841,1617,2224,13,3,10,60,27,33,584,198,386,89,40,49,8,5,3,2708,1118,1590,162,67,95,30,9,21,187,150,37
215442,Graduate student,1154,436,718,5,1,4,11,5,6,216,67,149,7,2,5,1,0,1,824,321,503,23,9,14,28,10,18,39,21,18
215479,Total students enrolled for credit,71,7,64,0,0,0,0,0,0,0,0,0,0,0,0,0,0,0,71,7,64,0,0,0,0,0,0,0,0,0
215479,Undergraduate students,71,7,64,0,0,0,0,0,0,0,0,0,0,0,0,0,0,0,71,7,64,0,0,0,0,0,0,0,0,0
215530,Total students enrolled for credit,101,3,98,0,0,0,0,0,0,2,0,2,2,0,2,0,0,0,97,3,94,0,0,0,0,0,0,0,0,0
215530,Undergraduate students,101,3,98,0,0,0,0,0,0,2,0,2,2,0,2,0,0,0,97,3,94,0,0,0,0,0,0,0,0,0
215585,Total students enrolled for credit,5935,2298,3637,20,10,10,118,46,72,627,289,338,1851,665,1186,13,5,8,3089,1196,1893,161,66,95,36,14,22,20,7,13
215585,Undergraduate students,5935,2298,3637,20,10,10,118,46,72,627,289,338,1851,665,1186,13,5,8,3089,1196,1893,161,66,95,36,14,22,20,7,13
215594,Total students enrolled for credit,476,108,368,1,0,1,8,1,7,22,8,14,43,8,35,0,0,0,367,84,283,12,2,10,23,5,18,0,0,0
215594,Undergraduate students,476,108,368,1,0,1,8,1,7,22,8,14,43,8,35,0,0,0,367,84,283,12,2,10,23,5,18,0,0,0
215619,Total students enrolled for credit,44,15,29,0,0,0,0,0,0,2,0,2,0,0,0,0,0,0,41,15,26,0,0,0,0,0,0,1,0,1
215619,Graduate student,44,15,29,0,0,0,0,0,0,2,0,2,0,0,0,0,0,0,41,15,26,0,0,0,0,0,0,1,0,1
215628,Total students enrolled for credit,128,112,16,0,0,0,5,3,2,14,11,3,7,6,1,0,0,0,85,80,5,1,1,0,2,2,0,14,9,5
215628,Graduate student,128,112,16,0,0,0,5,3,2,14,11,3,7,6,1,0,0,0,85,80,5,1,1,0,2,2,0,14,9,5
215637,Total students enrolled for credit,452,191,261,2,0,2,11,6,5,154,55,99,18,9,9,0,0,0,212,95,117,24,10,14,29,14,15,2,2,0
215637,Undergraduate students,452,191,261,2,0,2,11,6,5,154,55,99,18,9,9,0,0,0,212,95,117,24,10,14,29,14,15,2,2,0
215646,Total students enrolled for credit,589,308,281,2,2,0,10,6,4,317,170,147,22,11,11,1,1,0,184,79,105,7,4,3,46,35,11,0,0,0
215646,Undergraduate students,589,308,281,2,2,0,10,6,4,317,170,147,22,11,11,1,1,0,184,79,105,7,4,3,46,35,11,0,0,0
215655,Total students enrolled for credit,5917,3208,2709,4,2,2,74,38,36,384,204,180,131,78,53,3,2,1,4233,2105,2128,172,91,81,215,101,114,701,587,114
215655,Undergraduate students,4833,2763,2070,4,2,2,50,25,25,320,177,143,120,73,47,3,2,1,3455,1807,1648,147,80,67,115,59,56,619,538,81
215655,Graduate student,1084,445,639,0,0,0,24,13,11,64,27,37,11,5,6,0,0,0,778,298,480,25,11,14,100,42,58,82,49,33
215682,Total students enrolled for credit,677,637,40,1,1,0,10,9,1,77,74,3,5,5,0,1,1,0,579,544,35,4,3,1,0,0,0,0,0,0
215682,Undergraduate students,677,637,40,1,1,0,10,9,1,77,74,3,5,5,0,1,1,0,579,544,35,4,3,1,0,0,0,0,0,0
215691,Total students enrolled for credit,1287,387,900,3,0,3,43,10,33,451,127,324,65,17,48,2,0,2,530,184,346,42,14,28,102,26,76,49,9,40
215691,Undergraduate students,746,283,463,2,0,2,30,8,22,275,97,178,45,15,30,2,0,2,269,126,143,33,12,21,54,17,37,36,8,28
215691,Graduate student,541,104,437,1,0,1,13,2,11,176,30,146,20,2,18,0,0,0,261,58,203,9,2,7,48,9,39,13,1,12
215743,Total students enrolled for credit,3745,1341,2404,11,6,5,92,26,66,185,108,77,118,46,72,12,6,6,2879,968,1911,57,19,38,368,145,223,23,17,6
215743,Undergraduate students,2810,1068,1742,8,4,4,56,20,36,123,89,34,27,10,17,9,5,4,2280,794,1486,41,18,23,244,111,133,22,17,5
215743,Graduate student,935,273,662,3,2,1,36,6,30,62,19,43,91,36,55,3,1,2,599,174,425,16,1,15,124,34,90,1,0,1
215770,Total students enrolled for credit,10096,4203,5893,13,6,7,306,133,173,1063,319,744,595,238,357,15,6,9,6995,3008,3987,159,66,93,453,161,292,497,266,231
215770,Undergraduate students,5705,2565,3140,5,4,1,145,63,82,417,143,274,391,155,236,7,3,4,4369,2027,2342,117,51,66,121,52,69,133,67,66
215770,Graduate student,4391,1638,2753,8,2,6,161,70,91,646,176,470,204,83,121,8,3,5,2626,981,1645,42,15,27,332,109,223,364,199,165
215798,Total students enrolled for credit,1952,1010,942,5,2,3,32,14,18,91,57,34,54,33,21,2,1,1,1642,837,805,15,8,7,88,46,42,23,12,11
215798,Undergraduate students,1720,900,820,5,2,3,29,13,16,83,54,29,46,29,17,2,1,1,1449,742,707,13,8,5,76,42,34,17,9,8
215798,Graduate student,232,110,122,0,0,0,3,1,2,8,3,5,8,4,4,0,0,0,193,95,98,2,0,2,12,4,8,6,3,3
215813,Total students enrolled for credit,52,52,0,1,1,0,1,1,0,0,0,0,0,0,0,0,0,0,35,35,0,0,0,0,5,5,0,10,10,0
215813,Graduate student,52,52,0,1,1,0,1,1,0,0,0,0,0,0,0,0,0,0,35,35,0,0,0,0,5,5,0,10,10,0
215886,Total students enrolled for credit,73,33,40,0,0,0,0,0,0,1,1,0,5,5,0,0,0,0,67,27,40,0,0,0,0,0,0,0,0,0
215886,Undergraduate students,73,33,40,0,0,0,0,0,0,1,1,0,5,5,0,0,0,0,67,27,40,0,0,0,0,0,0,0,0,0
215929,Total students enrolled for credit,6090,2547,3543,8,4,4,190,82,108,241,92,149,471,211,260,8,4,4,4675,1918,2757,119,49,70,218,93,125,160,94,66
215929,Undergraduate students,3893,1654,2239,4,1,3,107,45,62,77,24,53,347,162,185,7,3,4,3112,1316,1796,86,32,54,86,37,49,67,34,33
215929,Graduate student,2197,893,1304,4,3,1,83,37,46,164,68,96,124,49,75,1,1,0,1563,602,961,33,17,16,132,56,76,93,60,33
215947,Total students enrolled for credit,3721,1379,2342,3,2,1,58,19,39,182,103,79,99,33,66,4,1,3,3018,1042,1976,83,37,46,210,104,106,64,38,26
215947,Undergraduate students,3223,1229,1994,3,2,1,44,14,30,159,97,62,84,31,53,4,1,3,2600,917,1683,68,31,37,208,102,106,53,34,19
215947,Graduate student,498,150,348,0,0,0,14,5,9,23,6,17,15,2,13,0,0,0,418,125,293,15,6,9,2,2,0,11,4,7
215974,Total students enrolled for credit,315,55,260,1,0,1,4,2,2,20,2,18,5,2,3,0,0,0,280,48,232,3,1,2,2,0,2,0,0,0
215974,Undergraduate students,315,55,260,1,0,1,4,2,2,20,2,18,5,2,3,0,0,0,280,48,232,3,1,2,2,0,2,0,0,0
215983,Total students enrolled for credit,41,7,34,0,0,0,0,0,0,0,0,0,0,0,0,0,0,0,41,7,34,0,0,0,0,0,0,0,0,0
215983,Undergraduate students,41,7,34,0,0,0,0,0,0,0,0,0,0,0,0,0,0,0,41,7,34,0,0,0,0,0,0,0,0,0
215992,Total students enrolled for credit,311,109,202,0,0,0,0,0,0,60,20,40,2,1,1,0,0,0,241,86,155,8,2,6,0,0,0,0,0,0
215992,Undergraduate students,311,109,202,0,0,0,0,0,0,60,20,40,2,1,1,0,0,0,241,86,155,8,2,6,0,0,0,0,0,0
216010,Total students enrolled for credit,7812,3799,4013,12,6,6,116,58,58,788,391,397,383,189,194,4,2,2,5999,2898,3101,225,104,121,117,64,53,168,87,81
216010,Undergraduate students,6337,3203,3134,10,5,5,100,50,50,695,351,344,337,174,163,4,2,2,4843,2444,2399,208,98,110,75,43,32,65,36,29
216010,Graduate student,1475,596,879,2,1,1,16,8,8,93,40,53,46,15,31,0,0,0,1156,454,702,17,6,11,42,21,21,103,51,52
216038,Total students enrolled for credit,10516,4192,6324,19,6,13,80,23,57,507,233,274,228,88,140,9,3,6,9031,3554,5477,311,129,182,203,91,112,128,65,63
216038,Undergraduate students,8681,3769,4912,19,6,13,69,20,49,461,214,247,202,81,121,8,3,5,7339,3177,4162,296,127,169,163,79,84,124,62,62
216038,Graduate student,1835,423,1412,0,0,0,11,3,8,46,19,27,26,7,19,1,0,1,1692,377,1315,15,2,13,40,12,28,4,3,1
216047,Total students enrolled for credit,272,233,39,0,0,0,10,10,0,20,9,11,25,25,0,0,0,0,173,159,14,0,0,0,36,23,13,8,7,1
216047,Undergraduate students,88,75,13,0,0,0,3,3,0,5,3,2,14,14,0,0,0,0,47,46,1,0,0,0,17,8,9,2,1,1
216047,Graduate student,184,158,26,0,0,0,7,7,0,15,6,9,11,11,0,0,0,0,126,113,13,0,0,0,19,15,4,6,6,0
216074,Total students enrolled for credit,143,2,141,7,0,7,2,0,2,10,0,10,0,0,0,0,0,0,116,2,114,0,0,0,8,0,8,0,0,0
216074,Undergraduate students,143,2,141,7,0,7,2,0,2,10,0,10,0,0,0,0,0,0,116,2,114,0,0,0,8,0,8,0,0,0
216083,Total students enrolled for credit,692,299,393,2,1,1,5,2,3,12,9,3,12,5,7,0,0,0,642,273,369,19,9,10,0,0,0,0,0,0
216083,Undergraduate students,692,299,393,2,1,1,5,2,3,12,9,3,12,5,7,0,0,0,642,273,369,19,9,10,0,0,0,0,0,0
216162,Total students enrolled for credit,253,29,224,0,0,0,4,1,3,14,1,13,29,4,25,0,0,0,206,23,183,0,0,0,0,0,0,0,0,0
216162,Undergraduate students,253,29,224,0,0,0,4,1,3,14,1,13,29,4,25,0,0,0,206,23,183,0,0,0,0,0,0,0,0,0
216223,Total students enrolled for credit,64,7,57,0,0,0,1,0,1,17,2,15,12,2,10,0,0,0,28,1,27,0,0,0,6,2,4,0,0,0
216223,Undergraduate students,64,7,57,0,0,0,1,0,1,17,2,15,12,2,10,0,0,0,28,1,27,0,0,0,6,2,4,0,0,0
216278,Total students enrolled for credit,2370,1042,1328,2,0,2,42,15,27,153,72,81,139,63,76,0,0,0,1847,822,1025,68,13,55,62,22,40,57,35,22
216278,Undergraduate students,2370,1042,1328,2,0,2,42,15,27,153,72,81,139,63,76,0,0,0,1847,822,1025,68,13,55,62,22,40,57,35,22
216287,Total students enrolled for credit,1630,806,824,2,0,2,262,137,125,105,47,58,205,87,118,2,0,2,682,349,333,121,52,69,62,35,27,189,99,90
216287,Undergraduate students,1630,806,824,2,0,2,262,137,125,105,47,58,205,87,118,2,0,2,682,349,333,121,52,69,62,35,27,189,99,90
216296,Total students enrolled for credit,1222,1104,118,4,4,0,20,17,3,133,124,9,129,120,9,1,1,0,869,781,88,56,50,6,8,5,3,2,2,0
216296,Undergraduate students,1222,1104,118,4,4,0,20,17,3,133,124,9,129,120,9,1,1,0,869,781,88,56,50,6,8,5,3,2,2,0
216311,Total students enrolled for credit,128,128,0,0,0,0,0,0,0,0,0,0,0,0,0,0,0,0,124,124,0,0,0,0,0,0,0,4,4,0
216311,Undergraduate students,128,128,0,0,0,0,0,0,0,0,0,0,0,0,0,0,0,0,124,124,0,0,0,0,0,0,0,4,4,0
216339,Total students enrolled for credit,43150,20480,22670,49,24,25,4633,2224,2409,5116,1825,3291,2529,1057,1472,36,17,19,23068,11596,11472,1282,532,750,2815,1374,1441,3622,1831,1791
216339,Undergraduate students,31739,15334,16405,35,15,20,3454,1674,1780,4056,1471,2585,1982,838,1144,30,14,16,17331,8851,8480,990,414,576,1606,857,749,2255,1200,1055
216339,Graduate student,11411,5146,6265,14,9,5,1179,550,629,1060,354,706,547,219,328,6,3,3,5737,2745,2992,292,118,174,1209,517,692,1367,631,736
216348,Total students enrolled for credit,24,19,5,0,0,0,0,0,0,9,6,3,1,1,0,0,0,0,13,11,2,0,0,0,1,1,0,0,0,0
216348,Graduate student,24,19,5,0,0,0,0,0,0,9,6,3,1,1,0,0,0,0,13,11,2,0,0,0,1,1,0,0,0,0
216357,Total students enrolled for credit,938,518,420,2,1,1,50,12,38,122,91,31,18,11,7,0,0,0,666,362,304,28,16,12,52,25,27,0,0,0
216357,Undergraduate students,938,518,420,2,1,1,50,12,38,122,91,31,18,11,7,0,0,0,666,362,304,28,16,12,52,25,27,0,0,0
216366,Total students enrolled for credit,4055,1266,2789,0,0,0,594,229,365,206,50,156,45,22,23,0,0,0,2557,782,1775,65,17,48,496,133,363,92,33,59
216366,Undergraduate students,915,170,745,0,0,0,89,16,73,74,11,63,4,1,3,0,0,0,553,90,463,18,3,15,173,47,126,4,2,2
216366,Graduate student,3140,1096,2044,0,0,0,505,213,292,132,39,93,41,21,20,0,0,0,2004,692,1312,47,14,33,323,86,237,88,31,57
216418,Total students enrolled for credit,767,379,388,1,1,0,0,0,0,115,62,53,30,14,16,3,0,3,563,281,282,17,4,13,37,16,21,1,1,0
216418,Undergraduate students,767,379,388,1,1,0,0,0,0,115,62,53,30,14,16,3,0,3,563,281,282,17,4,13,37,16,21,1,1,0
216427,Total students enrolled for credit,125,120,5,1,1,0,2,2,0,6,6,0,4,2,2,0,0,0,111,108,3,1,1,0,0,0,0,0,0,0
216427,Undergraduate students,125,120,5,1,1,0,2,2,0,6,6,0,4,2,2,0,0,0,111,108,3,1,1,0,0,0,0,0,0,0
216436,Total students enrolled for credit,275,252,23,0,0,0,0,0,0,95,89,6,2,1,1,0,0,0,165,152,13,13,10,3,0,0,0,0,0,0
216436,Undergraduate students,275,252,23,0,0,0,0,0,0,95,89,6,2,1,1,0,0,0,165,152,13,13,10,3,0,0,0,0,0,0
216445,Total students enrolled for credit,259,246,13,0,0,0,0,0,0,12,12,0,1,1,0,0,0,0,242,230,12,4,3,1,0,0,0,0,0,0
216445,Undergraduate students,259,246,13,0,0,0,0,0,0,12,12,0,1,1,0,0,0,0,242,230,12,4,3,1,0,0,0,0,0,0
216454,Total students enrolled for credit,246,228,18,1,0,1,0,0,0,1,1,0,7,7,0,0,0,0,234,218,16,3,2,1,0,0,0,0,0,0
216454,Undergraduate students,246,228,18,1,0,1,0,0,0,1,1,0,7,7,0,0,0,0,234,218,16,3,2,1,0,0,0,0,0,0
216463,Total students enrolled for credit,300,225,75,1,1,0,6,5,1,11,8,3,20,19,1,1,1,0,245,178,67,2,1,1,1,1,0,13,11,2
216463,Graduate student,300,225,75,1,1,0,6,5,1,11,8,3,20,19,1,1,1,0,245,178,67,2,1,1,1,1,0,13,11,2
216524,Total students enrolled for credit,1576,738,838,1,1,0,68,19,49,102,40,62,102,51,51,0,0,0,1157,561,596,54,23,31,49,24,25,43,19,24
216524,Undergraduate students,1576,738,838,1,1,0,68,19,49,102,40,62,102,51,51,0,0,0,1157,561,596,54,23,31,49,24,25,43,19,24
216542,Total students enrolled for credit,1086,535,551,3,1,2,12,7,5,173,94,79,173,80,93,1,1,0,581,275,306,41,20,21,97,55,42,5,2,3
216542,Undergraduate students,962,458,504,3,1,2,12,7,5,160,88,72,161,75,86,1,1,0,523,236,287,39,18,21,60,30,30,3,2,1
216542,Graduate student,124,77,47,0,0,0,0,0,0,13,6,7,12,5,7,0,0,0,58,39,19,2,2,0,37,25,12,2,0,2
216551,Total students enrolled for credit,303,254,49,2,1,1,1,1,0,113,100,13,17,16,1,0,0,0,139,108,31,19,16,3,12,12,0,0,0,0
216551,Undergraduate students,303,254,49,2,1,1,1,1,0,113,100,13,17,16,1,0,0,0,139,108,31,19,16,3,12,12,0,0,0,0
216579,Total students enrolled for credit,178,9,169,0,0,0,2,0,2,63,4,59,8,0,8,2,0,2,102,5,97,1,0,1,0,0,0,0,0,0
216579,Undergraduate students,178,9,169,0,0,0,2,0,2,63,4,59,8,0,8,2,0,2,102,5,97,1,0,1,0,0,0,0,0,0
216597,Total students enrolled for credit,12948,6077,6871,16,7,9,742,347,395,746,313,433,850,391,459,8,4,4,9050,4234,4816,263,105,158,857,475,382,416,201,215
216597,Undergraduate students,7873,3573,4300,4,1,3,526,231,295,408,183,225,578,271,307,1,0,1,5807,2619,3188,180,76,104,238,128,110,131,64,67
216597,Graduate student,5075,2504,2571,12,6,6,216,116,100,338,130,208,272,120,152,7,4,3,3243,1615,1628,83,29,54,619,347,272,285,137,148
216630,Total students enrolled for credit,78,11,67,0,0,0,0,0,0,1,0,1,0,0,0,0,0,0,77,11,66,0,0,0,0,0,0,0,0,0
216630,Undergraduate students,78,11,67,0,0,0,0,0,0,1,0,1,0,0,0,0,0,0,77,11,66,0,0,0,0,0,0,0,0,0
216649,Total students enrolled for credit,26,7,19,0,0,0,0,0,0,0,0,0,0,0,0,0,0,0,26,7,19,0,0,0,0,0,0,0,0,0
216649,Undergraduate students,26,7,19,0,0,0,0,0,0,0,0,0,0,0,0,0,0,0,26,7,19,0,0,0,0,0,0,0,0,0
216667,Total students enrolled for credit,1434,737,697,2,0,2,31,11,20,68,39,29,39,13,26,2,1,1,1088,574,514,48,20,28,82,38,44,74,41,33
216667,Undergraduate students,1424,733,691,2,0,2,31,11,20,68,39,29,39,13,26,2,1,1,1083,573,510,48,20,28,77,35,42,74,41,33
216667,Graduate student,10,4,6,0,0,0,0,0,0,0,0,0,0,0,0,0,0,0,5,1,4,0,0,0,5,3,2,0,0,0
216694,Total students enrolled for credit,1980,773,1207,2,2,0,12,6,6,89,41,48,24,6,18,0,0,0,1758,677,1081,37,23,14,54,18,36,4,0,4
216694,Undergraduate students,1485,583,902,0,0,0,9,4,5,56,32,24,22,5,17,0,0,0,1310,503,807,36,22,14,48,17,31,4,0,4
216694,Graduate student,495,190,305,2,2,0,3,2,1,33,9,24,2,1,1,0,0,0,448,174,274,1,1,0,6,1,5,0,0,0
216746,Total students enrolled for credit,128,120,8,0,0,0,0,0,0,9,9,0,10,9,1,0,0,0,108,101,7,0,0,0,1,1,0,0,0,0
216746,Undergraduate students,128,120,8,0,0,0,0,0,0,9,9,0,10,9,1,0,0,0,108,101,7,0,0,0,1,1,0,0,0,0
216764,Total students enrolled for credit,19348,7606,11742,18,3,15,488,191,297,2228,788,1440,987,404,583,22,10,12,14755,5864,8891,544,217,327,149,69,80,157,60,97
216764,Undergraduate students,15851,6542,9309,17,3,14,390,149,241,1766,659,1107,872,375,497,19,9,10,12091,5052,7039,491,205,286,122,59,63,83,31,52
216764,Graduate student,3497,1064,2433,1,0,1,98,42,56,462,129,333,115,29,86,3,1,2,2664,812,1852,53,12,41,27,10,17,74,29,45
216773,Total students enrolled for credit,111,16,95,0,0,0,3,1,2,6,1,5,1,0,1,0,0,0,100,14,86,1,0,1,0,0,0,0,0,0
216773,Undergraduate students,111,16,95,0,0,0,3,1,2,6,1,5,1,0,1,0,0,0,100,14,86,1,0,1,0,0,0,0,0,0
216782,Total students enrolled for credit,276,22,254,1,0,1,0,0,0,120,11,109,0,0,0,0,0,0,115,10,105,3,0,3,37,1,36,0,0,0
216782,Undergraduate students,276,22,254,1,0,1,0,0,0,120,11,109,0,0,0,0,0,0,115,10,105,3,0,3,37,1,36,0,0,0
216807,Total students enrolled for credit,1442,609,833,3,2,1,14,5,9,68,41,27,18,12,6,0,0,0,932,379,553,18,6,12,380,159,221,9,5,4
216807,Undergraduate students,1289,561,728,3,2,1,14,5,9,62,39,23,17,12,5,0,0,0,859,358,501,18,6,12,307,134,173,9,5,4
216807,Graduate student,153,48,105,0,0,0,0,0,0,6,2,4,1,0,1,0,0,0,73,21,52,0,0,0,73,25,48,0,0,0
216816,Total students enrolled for credit,565,450,115,1,1,0,86,72,14,17,13,4,19,15,4,0,0,0,276,233,43,7,6,1,28,21,7,131,89,42
216816,Graduate student,565,450,115,1,1,0,86,72,14,17,13,4,19,15,4,0,0,0,276,233,43,7,6,1,28,21,7,131,89,42
216825,Total students enrolled for credit,8280,3214,5066,13,7,6,124,64,60,282,126,156,141,58,83,5,2,3,7386,2813,4573,234,97,137,0,0,0,95,47,48
216825,Undergraduate students,8280,3214,5066,13,7,6,124,64,60,282,126,156,141,58,83,5,2,3,7386,2813,4573,234,97,137,0,0,0,95,47,48
216852,Total students enrolled for credit,7600,2776,4824,40,17,23,250,90,160,1264,346,918,384,102,282,5,1,4,4812,1843,2969,177,57,120,349,115,234,319,205,114
216852,Undergraduate students,3893,1715,2178,13,7,6,149,62,87,476,182,294,197,68,129,1,1,0,2655,1169,1486,114,46,68,135,60,75,153,120,33
216852,Graduate student,3707,1061,2646,27,10,17,101,28,73,788,164,624,187,34,153,4,0,4,2157,674,1483,63,11,52,214,55,159,166,85,81
216931,Total students enrolled for credit,7650,2730,4920,24,10,14,160,55,105,340,91,249,297,99,198,8,3,5,5954,1987,3967,152,61,91,401,159,242,314,265,49
216931,Undergraduate students,2876,1511,1365,16,9,7,84,36,48,116,61,55,183,79,104,1,1,0,1968,971,997,82,37,45,167,90,77,259,227,32
216931,Graduate student,4774,1219,3555,8,1,7,76,19,57,224,30,194,114,20,94,7,2,5,3986,1016,2970,70,24,46,234,69,165,55,38,17
217013,Total students enrolled for credit,1903,380,1523,4,1,3,11,5,6,45,17,28,46,8,38,1,0,1,950,172,778,22,6,16,788,157,631,36,14,22
217013,Undergraduate students,852,160,692,2,0,2,10,4,6,44,17,27,41,8,33,0,0,0,598,99,499,21,6,15,101,12,89,35,14,21
217013,Graduate student,1051,220,831,2,1,1,1,1,0,1,0,1,5,0,5,1,0,1,352,73,279,1,0,1,687,145,542,1,0,1
217040,Total students enrolled for credit,53,53,0,0,0,0,0,0,0,0,0,0,0,0,0,0,0,0,53,53,0,0,0,0,0,0,0,0,0,0
217040,Undergraduate students,49,49,0,0,0,0,0,0,0,0,0,0,0,0,0,0,0,0,49,49,0,0,0,0,0,0,0,0,0,0
217040,Graduate student,4,4,0,0,0,0,0,0,0,0,0,0,0,0,0,0,0,0,4,4,0,0,0,0,0,0,0,0,0,0
217059,Total students enrolled for credit,5039,2268,2771,7,1,6,99,42,57,232,109,123,280,126,154,3,3,0,3932,1778,2154,174,74,100,276,118,158,36,17,19
217059,Undergraduate students,4745,2168,2577,5,1,4,92,39,53,219,102,117,277,125,152,3,3,0,3683,1692,1991,167,73,94,266,117,149,33,16,17
217059,Graduate student,294,100,194,2,0,2,7,3,4,13,7,6,3,1,2,0,0,0,249,86,163,7,1,6,10,1,9,3,1,2
217077,Total students enrolled for credit,1666,588,1078,1,0,1,25,15,10,127,45,82,293,75,218,1,0,1,1158,431,727,55,21,34,6,1,5,0,0,0
217077,Undergraduate students,1666,588,1078,1,0,1,25,15,10,127,45,82,293,75,218,1,0,1,1158,431,727,55,21,34,6,1,5,0,0,0
217156,Total students enrolled for credit,10335,4959,5376,34,7,27,1306,605,701,605,261,344,1042,445,597,14,6,8,4199,2180,2019,489,208,281,807,323,484,1839,924,915
217156,Undergraduate students,7390,3423,3967,31,7,24,1011,456,555,458,207,251,841,342,499,13,6,7,3078,1608,1470,442,189,253,567,214,353,949,394,555
217156,Graduate student,2945,1536,1409,3,0,3,295,149,146,147,54,93,201,103,98,1,0,1,1121,572,549,47,19,28,240,109,131,890,530,360
217165,Total students enrolled for credit,3932,2342,1590,16,9,7,152,79,73,150,90,60,251,134,117,4,4,0,2920,1762,1158,58,30,28,94,56,38,287,178,109
217165,Undergraduate students,3503,2119,1384,14,9,5,143,73,70,138,80,58,239,128,111,4,4,0,2598,1597,1001,46,24,22,64,43,21,257,161,96
217165,Graduate student,429,223,206,2,0,2,9,6,3,12,10,2,12,6,6,0,0,0,322,165,157,12,6,6,30,13,17,30,17,13
217235,Total students enrolled for credit,10397,4197,6200,36,18,18,126,48,78,1227,477,750,1155,405,750,5,0,5,5320,2073,3247,648,243,405,461,182,279,1419,751,668
217235,Undergraduate students,9318,3756,5562,34,17,17,106,44,62,1179,454,725,1099,392,707,2,0,2,4984,1955,3029,625,236,389,418,166,252,871,492,379
217235,Graduate student,1079,441,638,2,1,1,20,4,16,48,23,25,56,13,43,3,0,3,336,118,218,23,7,16,43,16,27,548,259,289
217305,Total students enrolled for credit,4045,2652,1393,23,14,9,81,55,26,190,126,64,465,325,140,4,2,2,2366,1483,883,92,58,34,690,482,208,134,107,27
217305,Undergraduate students,3915,2592,1323,23,14,9,78,53,25,186,122,64,456,319,137,3,2,1,2297,1462,835,90,58,32,674,473,201,108,89,19
217305,Graduate student,130,60,70,0,0,0,3,2,1,4,4,0,9,6,3,1,0,1,69,21,48,2,0,2,16,9,7,26,18,8
217323,Total students enrolled for credit,724,690,34,1,1,0,5,5,0,160,155,5,263,253,10,0,0,0,226,212,14,8,6,2,61,58,3,0,0,0
217323,Undergraduate students,724,690,34,1,1,0,5,5,0,160,155,5,263,253,10,0,0,0,226,212,14,8,6,2,61,58,3,0,0,0
217402,Total students enrolled for credit,5252,2280,2972,12,4,8,65,20,45,214,85,129,434,161,273,16,8,8,4085,1816,2269,91,37,54,250,98,152,85,51,34
217402,Undergraduate students,4484,1965,2519,12,4,8,57,15,42,187,71,116,408,150,258,13,6,7,3440,1557,1883,79,34,45,219,89,130,69,39,30
217402,Graduate student,768,315,453,0,0,0,8,5,3,27,14,13,26,11,15,3,2,1,645,259,386,12,3,9,31,9,22,16,12,4
217420,Total students enrolled for credit,9864,3021,6843,35,7,28,300,83,217,823,273,550,1568,464,1104,10,1,9,6163,1894,4269,159,52,107,785,241,544,21,6,15
217420,Undergraduate students,8318,2709,5609,31,7,24,263,74,189,767,257,510,1438,439,999,8,1,7,5012,1665,3347,154,50,104,626,210,416,19,6,13
217420,Graduate student,1546,312,1234,4,0,4,37,9,28,56,16,40,130,25,105,2,0,2,1151,229,922,5,2,3,159,31,128,2,0,2
217475,Total students enrolled for credit,20162,8307,11855,95,44,51,601,241,360,1928,832,1096,4065,1542,2523,6,3,3,11605,4881,6724,994,345,649,852,413,439,16,6,10
217475,Undergraduate students,20162,8307,11855,95,44,51,601,241,360,1928,832,1096,4065,1542,2523,6,3,3,11605,4881,6724,994,345,649,852,413,439,16,6,10
217484,Total students enrolled for credit,19699,8729,10970,51,21,30,686,320,366,993,478,515,1773,713,1060,12,5,7,13515,5957,7558,429,177,252,1629,731,898,611,327,284
217484,Undergraduate students,16255,7302,8953,36,14,22,521,244,277,881,435,446,1654,663,991,7,3,4,11205,5052,6153,391,164,227,1270,574,696,290,153,137
217484,Graduate student,3444,1427,2017,15,7,8,165,76,89,112,43,69,119,50,69,5,2,3,2310,905,1405,38,13,25,359,157,202,321,174,147
217493,Total students enrolled for credit,2522,789,1733,4,0,4,434,108,326,61,26,35,195,67,128,0,0,0,785,289,496,100,32,68,120,34,86,823,233,590
217493,Undergraduate students,2030,636,1394,4,0,4,397,98,299,52,22,30,172,56,116,0,0,0,650,241,409,94,31,63,104,25,79,557,163,394
217493,Graduate student,492,153,339,0,0,0,37,10,27,9,4,5,23,11,12,0,0,0,135,48,87,6,1,5,16,9,7,266,70,196
217518,Total students enrolled for credit,5819,2653,3166,9,2,7,78,30,48,186,76,110,369,145,224,10,4,6,3979,1882,2097,95,42,53,890,319,571,203,153,50
217518,Undergraduate students,5472,2498,2974,8,2,6,72,26,46,158,67,91,342,136,206,9,4,5,3756,1781,1975,90,38,52,842,297,545,195,147,48
217518,Graduate student,347,155,192,1,0,1,6,4,2,28,9,19,27,9,18,1,0,1,223,101,122,5,4,1,48,22,26,8,6,2
217536,Total students enrolled for credit,3009,954,2055,6,3,3,30,13,17,66,22,44,172,63,109,4,1,3,2311,706,1605,60,19,41,295,88,207,65,39,26
217536,Undergraduate students,2221,664,1557,5,3,2,21,9,12,39,13,26,132,47,85,2,0,2,1750,516,1234,51,16,35,186,45,141,35,15,20
217536,Graduate student,788,290,498,1,0,1,9,4,5,27,9,18,40,16,24,2,1,1,561,190,371,9,3,6,109,43,66,30,24,6
217572,Total students enrolled for credit,128,12,116,0,0,0,2,0,2,6,2,4,10,1,9,1,0,1,89,9,80,0,0,0,20,0,20,0,0,0
217572,Undergraduate students,128,12,116,0,0,0,2,0,2,6,2,4,10,1,9,1,0,1,89,9,80,0,0,0,20,0,20,0,0,0
217581,Total students enrolled for credit,144,6,138,1,0,1,6,0,6,22,0,22,35,4,31,0,0,0,68,2,66,8,0,8,4,0,4,0,0,0
217581,Undergraduate students,144,6,138,1,0,1,6,0,6,22,0,22,35,4,31,0,0,0,68,2,66,8,0,8,4,0,4,0,0,0
217606,Total students enrolled for credit,377,211,166,0,0,0,3,1,2,39,23,16,66,36,30,2,2,0,228,127,101,11,4,7,13,8,5,15,10,5
217606,Undergraduate students,354,194,160,0,0,0,3,1,2,37,21,16,63,34,29,2,2,0,216,119,97,10,3,7,12,7,5,11,7,4
217606,Graduate student,23,17,6,0,0,0,0,0,0,2,2,0,3,2,1,0,0,0,12,8,4,1,1,0,1,1,0,4,3,1
217615,Total students enrolled for credit,3491,1355,2136,19,11,8,42,16,26,1203,391,812,159,54,105,6,3,3,1984,848,1136,30,15,15,48,17,31,0,0,0
217615,Undergraduate students,3491,1355,2136,19,11,8,42,16,26,1203,391,812,159,54,105,6,3,3,1984,848,1136,30,15,15,48,17,31,0,0,0
217624,Total students enrolled for credit,665,311,354,0,0,0,1,1,0,629,289,340,6,4,2,3,0,3,8,6,2,0,0,0,18,11,7,0,0,0
217624,Undergraduate students,665,311,354,0,0,0,1,1,0,629,289,340,6,4,2,3,0,3,8,6,2,0,0,0,18,11,7,0,0,0
217633,Total students enrolled for credit,3779,1237,2542,8,2,6,25,8,17,320,113,207,125,42,83,4,0,4,3044,962,2082,94,34,60,118,51,67,41,25,16
217633,Undergraduate students,3244,991,2253,6,2,4,20,4,16,222,65,157,103,32,71,4,0,4,2700,806,1894,91,32,59,68,29,39,30,21,9
217633,Graduate student,535,246,289,2,0,2,5,4,1,98,48,50,22,10,12,0,0,0,344,156,188,3,2,1,50,22,28,11,4,7
217688,Total students enrolled for credit,4558,1662,2896,28,8,20,59,20,39,1115,435,680,143,45,98,6,2,4,2633,958,1675,95,33,62,442,157,285,37,4,33
217688,Undergraduate students,3857,1432,2425,24,6,18,54,18,36,940,375,565,128,40,88,5,2,3,2194,820,1374,90,32,58,390,136,254,32,3,29
217688,Graduate student,701,230,471,4,2,2,5,2,3,175,60,115,15,5,10,1,0,1,439,138,301,5,1,4,52,21,31,5,1,4
217712,Total students enrolled for credit,3197,1031,2166,13,5,8,34,12,22,975,232,743,386,152,234,6,3,3,1623,565,1058,117,41,76,42,21,21,1,0,1
217712,Undergraduate students,3197,1031,2166,13,5,8,34,12,22,975,232,743,386,152,234,6,3,3,1623,565,1058,117,41,76,42,21,21,1,0,1
217721,Total students enrolled for credit,2552,1328,1224,2,1,1,8,5,3,2507,1303,1204,5,3,2,2,1,1,28,15,13,0,0,0,0,0,0,0,0,0
217721,Undergraduate students,2552,1328,1224,2,1,1,8,5,3,2507,1303,1204,5,3,2,2,1,1,28,15,13,0,0,0,0,0,0,0,0,0
217749,Total students enrolled for credit,3375,1545,1830,10,7,3,50,24,26,49,26,23,44,17,27,18,8,10,2557,1153,1404,227,104,123,210,92,118,210,114,96
217749,Undergraduate students,2895,1292,1603,10,7,3,48,23,25,44,23,21,41,15,26,17,7,10,2190,970,1220,205,90,115,168,69,99,172,88,84
217749,Graduate student,480,253,227,0,0,0,2,1,1,5,3,2,3,2,1,1,1,0,367,183,184,22,14,8,42,23,19,38,26,12
217776,Total students enrolled for credit,2839,896,1943,6,1,5,6,4,2,728,207,521,84,40,44,2,0,2,1430,527,903,34,15,19,510,77,433,39,25,14
217776,Undergraduate students,1933,740,1193,4,1,3,3,3,0,527,162,365,72,34,38,2,0,2,1083,443,640,28,12,16,176,61,115,38,24,14
217776,Graduate student,906,156,750,2,0,2,3,1,2,201,45,156,12,6,6,0,0,0,347,84,263,6,3,3,334,16,318,1,1,0
217794,Total students enrolled for credit,164,3,161,1,0,1,4,0,4,81,0,81,8,1,7,0,0,0,65,1,64,5,1,4,0,0,0,0,0,0
217794,Undergraduate students,164,3,161,1,0,1,4,0,4,81,0,81,8,1,7,0,0,0,65,1,64,5,1,4,0,0,0,0,0,0
217819,Total students enrolled for credit,13539,4697,8842,37,15,22,247,84,163,1182,344,838,637,212,425,26,10,16,10606,3751,6855,454,151,303,200,64,136,150,66,84
217819,Undergraduate students,11322,4256,7066,35,14,21,233,81,152,917,294,623,584,205,379,21,9,12,8839,3400,5439,413,140,273,153,58,95,127,55,72
217819,Graduate student,2217,441,1776,2,1,1,14,3,11,265,50,215,53,7,46,5,1,4,1767,351,1416,41,11,30,47,6,41,23,11,12
217828,Total students enrolled for credit,82,1,81,0,0,0,0,0,0,42,0,42,0,0,0,0,0,0,40,1,39,0,0,0,0,0,0,0,0,0
217828,Undergraduate students,82,1,81,0,0,0,0,0,0,42,0,42,0,0,0,0,0,0,40,1,39,0,0,0,0,0,0,0,0,0
217837,Total students enrolled for credit,1419,515,904,24,11,13,11,4,7,540,175,365,26,13,13,1,1,0,765,289,476,34,14,20,18,8,10,0,0,0
217837,Undergraduate students,1419,515,904,24,11,13,11,4,7,540,175,365,26,13,13,1,1,0,765,289,476,34,14,20,18,8,10,0,0,0
217864,Total students enrolled for credit,4212,3187,1025,17,15,2,83,71,12,458,272,186,236,180,56,14,13,1,3188,2480,708,151,115,36,27,17,10,38,24,14
217864,Undergraduate students,3043,2694,349,15,14,1,66,59,7,283,225,58,200,169,31,10,9,1,2300,2078,222,126,108,18,15,10,5,28,22,6
217864,Graduate student,1169,493,676,2,1,1,17,12,5,175,47,128,36,11,25,4,4,0,888,402,486,25,7,18,12,7,5,10,2,8
217873,Total students enrolled for credit,2237,782,1455,23,8,15,44,27,17,2021,679,1342,3,1,2,1,0,1,39,20,19,37,11,26,50,27,23,19,9,10
217873,Undergraduate students,2152,744,1408,23,8,15,28,14,14,1970,663,1307,3,1,2,1,0,1,34,17,17,37,11,26,41,23,18,15,7,8
217873,Graduate student,85,38,47,0,0,0,16,13,3,51,16,35,0,0,0,0,0,0,5,3,2,0,0,0,9,4,5,4,2,2
217882,Total students enrolled for credit,24758,13022,11736,46,25,21,563,309,254,1624,835,789,823,438,385,11,4,7,19213,9936,9277,615,290,325,223,129,94,1640,1056,584
217882,Undergraduate students,19506,10325,9181,39,21,18,482,266,216,1327,706,621,687,374,313,7,3,4,16144,8530,7614,541,253,288,92,58,34,187,114,73
217882,Graduate student,5252,2697,2555,7,4,3,81,43,38,297,129,168,136,64,72,4,1,3,3069,1406,1663,74,37,37,131,71,60,1453,942,511
217891,Total students enrolled for credit,242,150,92,0,0,0,0,0,0,166,93,73,3,3,0,0,0,0,2,2,0,3,2,1,68,50,18,0,0,0
217891,Undergraduate students,242,150,92,0,0,0,0,0,0,166,93,73,3,3,0,0,0,0,2,2,0,3,2,1,68,50,18,0,0,0
217907,Total students enrolled for credit,1365,537,828,7,3,4,4,2,2,436,143,293,59,34,25,1,1,0,730,286,444,52,23,29,35,11,24,41,34,7
217907,Undergraduate students,1224,487,737,6,3,3,4,2,2,411,134,277,55,31,24,1,1,0,627,250,377,46,22,24,33,10,23,41,34,7
217907,Graduate student,141,50,91,1,0,1,0,0,0,25,9,16,4,3,1,0,0,0,103,36,67,6,1,5,2,1,1,0,0,0
217925,Total students enrolled for credit,1255,657,598,0,0,0,48,32,16,190,97,93,36,14,22,0,0,0,762,400,362,17,7,10,121,57,64,81,50,31
217925,Undergraduate students,541,282,259,0,0,0,10,6,4,63,37,26,24,9,15,0,0,0,379,183,196,13,5,8,35,29,6,17,13,4
217925,Graduate student,714,375,339,0,0,0,38,26,12,127,60,67,12,5,7,0,0,0,383,217,166,4,2,2,86,28,58,64,37,27
217934,Total students enrolled for credit,2101,612,1489,16,9,7,11,4,7,658,116,542,71,21,50,1,0,1,1121,449,672,44,2,42,119,9,110,60,2,58
217934,Undergraduate students,1907,555,1352,15,9,6,11,4,7,591,99,492,65,20,45,1,0,1,1011,411,600,41,1,40,118,9,109,54,2,52
217934,Graduate student,194,57,137,1,0,1,0,0,0,67,17,50,6,1,5,0,0,0,110,38,72,3,1,2,1,0,1,6,0,6
217961,Total students enrolled for credit,3171,447,2724,5,0,5,10,1,9,246,26,220,77,6,71,13,2,11,2251,272,1979,43,1,42,516,139,377,10,0,10
217961,Undergraduate students,906,3,903,1,0,1,6,0,6,71,0,71,44,0,44,2,0,2,630,0,630,35,0,35,108,3,105,9,0,9
217961,Graduate student,2265,444,1821,4,0,4,4,1,3,175,26,149,33,6,27,11,2,9,1621,272,1349,8,1,7,408,136,272,1,0,1
217989,Total students enrolled for credit,996,378,618,2,1,1,4,1,3,831,314,517,8,2,6,0,0,0,134,53,81,2,0,2,15,7,8,0,0,0
217989,Undergraduate students,996,378,618,2,1,1,4,1,3,831,314,517,8,2,6,0,0,0,134,53,81,2,0,2,15,7,8,0,0,0
217998,Total students enrolled for credit,911,539,372,9,6,3,19,11,8,179,102,77,33,16,17,6,3,3,522,305,217,21,9,12,122,87,35,0,0,0
217998,Undergraduate students,665,351,314,7,4,3,13,6,7,90,45,45,30,13,17,6,3,3,415,213,202,21,9,12,83,58,25,0,0,0
217998,Graduate student,246,188,58,2,2,0,6,5,1,89,57,32,3,3,0,0,0,0,107,92,15,0,0,0,39,29,10,0,0,0
218025,Total students enrolled for credit,8185,2885,5300,73,31,42,95,32,63,3491,1012,2479,179,61,118,2,1,1,3602,1463,2139,104,49,55,636,234,402,3,2,1
218025,Undergraduate students,8185,2885,5300,73,31,42,95,32,63,3491,1012,2479,179,61,118,2,1,1,3602,1463,2139,104,49,55,636,234,402,3,2,1
218043,Total students enrolled for credit,140,17,123,0,0,0,0,0,0,54,6,48,4,1,3,0,0,0,78,9,69,1,0,1,3,1,2,0,0,0
218043,Undergraduate students,140,17,123,0,0,0,0,0,0,54,6,48,4,1,3,0,0,0,78,9,69,1,0,1,3,1,2,0,0,0
218061,Total students enrolled for credit,4476,1322,3154,21,9,12,61,28,33,1794,392,1402,92,30,62,2,2,0,2283,770,1513,127,36,91,29,9,20,67,46,21
218061,Undergraduate students,3879,1207,2672,14,6,8,47,23,24,1653,368,1285,79,27,52,1,1,0,1889,698,1191,115,35,80,19,7,12,62,42,20
218061,Graduate student,597,115,482,7,3,4,14,5,9,141,24,117,13,3,10,1,1,0,394,72,322,12,1,11,10,2,8,5,4,1
218070,Total students enrolled for credit,3261,1250,2011,6,1,5,51,16,35,192,91,101,153,64,89,0,0,0,2567,937,1630,76,35,41,92,39,53,124,67,57
218070,Undergraduate students,2863,1187,1676,5,1,4,47,16,31,157,85,72,143,60,83,0,0,0,2230,884,1346,73,35,38,84,39,45,124,67,57
218070,Graduate student,398,63,335,1,0,1,4,0,4,35,6,29,10,4,6,0,0,0,337,53,284,3,0,3,8,0,8,0,0,0
218113,Total students enrolled for credit,15978,6480,9498,41,18,23,297,126,171,3504,1202,2302,1358,575,783,21,11,10,9737,4158,5579,491,183,308,445,179,266,84,28,56
218113,Undergraduate students,15978,6480,9498,41,18,23,297,126,171,3504,1202,2302,1358,575,783,21,11,10,9737,4158,5579,491,183,308,445,179,266,84,28,56
218140,Total students enrolled for credit,9019,3357,5662,48,19,29,100,42,58,1871,599,1272,373,143,230,7,6,1,6244,2408,3836,282,104,178,85,32,53,9,4,5
218140,Undergraduate students,9019,3357,5662,48,19,29,100,42,58,1871,599,1272,373,143,230,7,6,1,6244,2408,3836,282,104,178,85,32,53,9,4,5
218159,Total students enrolled for credit,207,7,200,0,0,0,0,0,0,70,3,67,7,0,7,1,0,1,123,4,119,4,0,4,2,0,2,0,0,0
218159,Undergraduate students,207,7,200,0,0,0,0,0,0,70,3,67,7,0,7,1,0,1,123,4,119,4,0,4,2,0,2,0,0,0
218195,Total students enrolled for credit,191,15,176,0,0,0,0,0,0,87,10,77,10,1,9,1,0,1,92,4,88,1,0,1,0,0,0,0,0,0
218195,Undergraduate students,191,15,176,0,0,0,0,0,0,87,10,77,10,1,9,1,0,1,92,4,88,1,0,1,0,0,0,0,0,0
218229,Total students enrolled for credit,3017,917,2100,8,2,6,21,10,11,833,214,619,41,12,29,3,0,3,1801,531,1270,65,16,49,101,34,67,144,98,46
218229,Undergraduate students,2887,895,1992,8,2,6,19,10,9,815,210,605,41,12,29,2,0,2,1704,518,1186,62,16,46,94,31,63,142,96,46
218229,Graduate student,130,22,108,0,0,0,2,0,2,18,4,14,0,0,0,1,0,1,97,13,84,3,0,3,7,3,4,2,2,0
218238,Total students enrolled for credit,3290,1421,1869,13,4,9,16,8,8,1536,579,957,104,51,53,1,1,0,1401,663,738,77,38,39,37,13,24,105,64,41
218238,Undergraduate students,3206,1386,1820,13,4,9,14,7,7,1500,565,935,104,51,53,1,1,0,1362,646,716,76,37,39,31,11,20,105,64,41
218238,Graduate student,84,35,49,0,0,0,2,1,1,36,14,22,0,0,0,0,0,0,39,17,22,1,1,0,6,2,4,0,0,0
218335,Total students enrolled for credit,3454,1245,2209,8,3,5,190,74,116,299,78,221,135,51,84,0,0,0,2491,903,1588,105,48,57,168,58,110,58,30,28
218335,Undergraduate students,394,75,319,0,0,0,9,3,6,33,8,25,16,2,14,0,0,0,285,53,232,19,4,15,31,5,26,1,0,1
218335,Graduate student,3060,1170,1890,8,3,5,181,71,110,266,70,196,119,49,70,0,0,0,2206,850,1356,86,44,42,137,53,84,57,30,27
218353,Total students enrolled for credit,14388,5609,8779,53,31,22,290,131,159,5153,1652,3501,618,266,352,25,9,16,6932,2972,3960,526,196,330,791,352,439,0,0,0
218353,Undergraduate students,14388,5609,8779,53,31,22,290,131,159,5153,1652,3501,618,266,352,25,9,16,6932,2972,3960,526,196,330,791,352,439,0,0,0
218399,Total students enrolled for credit,862,359,503,1,1,0,1,1,0,848,355,493,4,1,3,0,0,0,1,0,1,7,1,6,0,0,0,0,0,0
218399,Undergraduate students,862,359,503,1,1,0,1,1,0,848,355,493,4,1,3,0,0,0,1,0,1,7,1,6,0,0,0,0,0,0
218414,Total students enrolled for credit,1116,596,520,4,3,1,7,4,3,289,208,81,44,19,25,0,0,0,637,296,341,37,20,17,52,22,30,46,24,22
218414,Undergraduate students,1116,596,520,4,3,1,7,4,3,289,208,81,44,19,25,0,0,0,637,296,341,37,20,17,52,22,30,46,24,22
218441,Total students enrolled for credit,2709,1391,1318,6,4,2,18,12,6,256,186,70,74,34,40,4,3,1,2043,1003,1040,64,27,37,237,118,119,7,4,3
218441,Undergraduate students,2356,1241,1115,6,4,2,17,11,6,205,161,44,70,32,38,4,3,1,1847,920,927,60,26,34,141,81,60,6,3,3
218441,Graduate student,353,150,203,0,0,0,1,1,0,51,25,26,4,2,2,0,0,0,196,83,113,4,1,3,96,37,59,1,1,0
218487,Total students enrolled for credit,3533,1257,2276,20,6,14,27,9,18,1941,631,1310,64,20,44,3,1,2,1400,560,840,22,8,14,56,22,34,0,0,0
218487,Undergraduate students,3533,1257,2276,20,6,14,27,9,18,1941,631,1310,64,20,44,3,1,2,1400,560,840,22,8,14,56,22,34,0,0,0
218520,Total students enrolled for credit,6589,2353,4236,14,4,10,59,32,27,2171,561,1610,290,115,175,4,1,3,3893,1576,2317,157,64,93,1,0,1,0,0,0
218520,Undergraduate students,6589,2353,4236,14,4,10,59,32,27,2171,561,1610,290,115,175,4,1,3,3893,1576,2317,157,64,93,1,0,1,0,0,0
218539,Total students enrolled for credit,1434,623,811,2,1,1,36,17,19,198,116,82,42,19,23,0,0,0,996,403,593,28,14,14,11,5,6,121,48,73
218539,Undergraduate students,1135,522,613,2,1,1,9,5,4,147,99,48,36,17,19,0,0,0,789,334,455,24,13,11,8,5,3,120,48,72
218539,Graduate student,299,101,198,0,0,0,27,12,15,51,17,34,6,2,4,0,0,0,207,69,138,4,1,3,3,0,3,1,0,1
218645,Total students enrolled for credit,4081,1430,2651,20,8,12,41,19,22,1003,274,729,170,59,111,5,3,2,2450,855,1595,151,62,89,80,43,37,161,107,54
218645,Undergraduate students,3673,1348,2325,20,8,12,39,19,20,937,262,675,160,58,102,4,3,1,2160,805,1355,146,61,85,54,28,26,153,104,49
218645,Graduate student,408,82,326,0,0,0,2,0,2,66,12,54,10,1,9,1,0,1,290,50,240,5,1,4,26,15,11,8,3,5
218654,Total students enrolled for credit,2270,780,1490,7,1,6,26,10,16,516,132,384,148,51,97,2,1,1,1326,498,828,91,31,60,122,42,80,32,14,18
218654,Undergraduate students,2270,780,1490,7,1,6,26,10,16,516,132,384,148,51,97,2,1,1,1326,498,828,91,31,60,122,42,80,32,14,18
218663,Total students enrolled for credit,36813,16425,20388,66,25,41,1022,471,551,3755,1332,2423,1466,650,816,41,20,21,26692,11971,14721,1216,494,722,463,226,237,2092,1236,856
218663,Undergraduate students,26791,12490,14301,48,20,28,737,344,393,2510,1034,1476,1171,536,635,32,16,16,20087,9415,10672,984,405,579,273,139,134,949,581,368
218663,Graduate student,10022,3935,6087,18,5,13,285,127,158,1245,298,947,295,114,181,9,4,5,6605,2556,4049,232,89,143,190,87,103,1143,655,488
218672,Total students enrolled for credit,2590,1069,1521,5,2,3,47,21,26,398,132,266,99,52,47,3,0,3,1714,703,1011,81,33,48,225,119,106,18,7,11
218672,Undergraduate students,2590,1069,1521,5,2,3,47,21,26,398,132,266,99,52,47,3,0,3,1714,703,1011,81,33,48,225,119,106,18,7,11
218681,Total students enrolled for credit,1297,488,809,4,2,2,10,5,5,453,158,295,34,16,18,2,0,2,704,266,438,43,16,27,21,7,14,26,18,8
218681,Undergraduate students,1297,488,809,4,2,2,10,5,5,453,158,295,34,16,18,2,0,2,704,266,438,43,16,27,21,7,14,26,18,8
218690,Total students enrolled for credit,1088,479,609,4,2,2,18,12,6,282,100,182,47,28,19,0,0,0,529,257,272,37,19,18,167,59,108,4,2,2
218690,Undergraduate students,1088,479,609,4,2,2,18,12,6,282,100,182,47,28,19,0,0,0,529,257,272,37,19,18,167,59,108,4,2,2
218706,Total students enrolled for credit,1074,436,638,2,1,1,13,6,7,224,86,138,28,5,23,0,0,0,698,293,405,34,13,21,75,32,43,0,0,0
218706,Undergraduate students,1074,436,638,2,1,1,13,6,7,224,86,138,28,5,23,0,0,0,698,293,405,34,13,21,75,32,43,0,0,0
218724,Total students enrolled for credit,11988,5393,6595,39,17,22,93,48,45,2311,1163,1148,486,206,280,12,8,4,8174,3559,4615,523,221,302,107,53,54,243,118,125
218724,Undergraduate students,10624,5024,5600,33,14,19,87,45,42,2126,1110,1016,463,196,267,10,7,3,7078,3283,3795,512,215,297,100,52,48,215,102,113
218724,Graduate student,1364,369,995,6,3,3,6,3,3,185,53,132,23,10,13,2,1,1,1096,276,820,11,6,5,7,1,6,28,16,12
218733,Total students enrolled for credit,3208,1516,1692,8,4,4,15,7,8,3012,1444,1568,14,0,14,1,1,0,130,45,85,7,2,5,13,8,5,8,5,3
218733,Undergraduate students,2760,1406,1354,7,3,4,13,7,6,2635,1351,1284,12,0,12,1,1,0,74,33,41,7,2,5,6,5,1,5,4,1
218733,Graduate student,448,110,338,1,1,0,2,0,2,377,93,284,2,0,2,0,0,0,56,12,44,0,0,0,7,3,4,3,1,2
218742,Total students enrolled for credit,7040,2381,4659,15,4,11,176,76,100,1794,463,1331,340,128,212,5,4,1,4099,1452,2647,233,82,151,304,129,175,74,43,31
218742,Undergraduate students,6462,2295,4167,13,4,9,175,76,99,1719,453,1266,329,126,203,4,4,0,3652,1390,2262,224,81,143,278,120,158,68,41,27
218742,Graduate student,578,86,492,2,0,2,1,0,1,75,10,65,11,2,9,1,0,1,447,62,385,9,1,8,26,9,17,6,2,4
218751,Total students enrolled for credit,437,226,211,1,1,0,9,4,5,17,10,7,83,41,42,1,1,0,290,152,138,0,0,0,24,12,12,12,5,7
218751,Graduate student,437,226,211,1,1,0,9,4,5,17,10,7,83,41,42,1,1,0,290,152,138,0,0,0,24,12,12,12,5,7
218821,Total students enrolled for credit,778,410,368,1,0,1,6,3,3,258,134,124,54,31,23,0,0,0,437,232,205,17,6,11,0,0,0,5,4,1
218821,Undergraduate students,778,410,368,1,0,1,6,3,3,258,134,124,54,31,23,0,0,0,437,232,205,17,6,11,0,0,0,5,4,1
218830,Total students enrolled for credit,6572,2672,3900,20,6,14,216,105,111,1453,470,983,472,202,270,5,2,3,4110,1771,2339,173,61,112,122,55,67,1,0,1
218830,Undergraduate students,6572,2672,3900,20,6,14,216,105,111,1453,470,983,472,202,270,5,2,3,4110,1771,2339,173,61,112,122,55,67,1,0,1
218858,Total students enrolled for credit,4757,1561,3196,6,1,5,31,10,21,2134,620,1514,160,61,99,2,1,1,2262,816,1446,78,22,56,84,30,54,0,0,0
218858,Undergraduate students,4757,1561,3196,6,1,5,31,10,21,2134,620,1514,160,61,99,2,1,1,2262,816,1446,78,22,56,84,30,54,0,0,0
218867,Total students enrolled for credit,37,2,35,0,0,0,1,0,1,13,2,11,1,0,1,0,0,0,22,0,22,0,0,0,0,0,0,0,0,0
218867,Undergraduate students,37,2,35,0,0,0,1,0,1,13,2,11,1,0,1,0,0,0,22,0,22,0,0,0,0,0,0,0,0,0
218885,Total students enrolled for credit,7906,3800,4106,16,12,4,110,62,48,841,283,558,340,167,173,7,4,3,6254,3113,3141,257,121,136,81,38,43,0,0,0
218885,Undergraduate students,7906,3800,4106,16,12,4,110,62,48,841,283,558,340,167,173,7,4,3,6254,3113,3141,257,121,136,81,38,43,0,0,0
218894,Total students enrolled for credit,18925,7570,11355,98,46,52,369,165,204,5261,1726,3535,1075,451,624,58,21,37,11150,4785,6365,574,243,331,340,133,207,0,0,0
218894,Undergraduate students,18925,7570,11355,98,46,52,369,165,204,5261,1726,3535,1075,451,624,58,21,37,11150,4785,6365,574,243,331,340,133,207,0,0,0
218919,Total students enrolled for credit,481,231,250,2,1,1,1,1,0,442,198,244,5,5,0,1,1,0,7,7,0,4,4,0,16,12,4,3,2,1
218919,Undergraduate students,481,231,250,2,1,1,1,1,0,442,198,244,5,5,0,1,1,0,7,7,0,4,4,0,16,12,4,3,2,1
218955,Total students enrolled for credit,920,340,580,2,2,0,3,2,1,682,258,424,3,0,3,0,0,0,221,77,144,0,0,0,9,1,8,0,0,0
218955,Undergraduate students,920,340,580,2,2,0,3,2,1,682,258,424,3,0,3,0,0,0,221,77,144,0,0,0,9,1,8,0,0,0
218964,Total students enrolled for credit,7223,2166,5057,21,4,17,87,32,55,1948,543,1405,310,79,231,8,2,6,4446,1353,3093,201,62,139,3,2,1,199,89,110
218964,Undergraduate students,5706,1822,3884,21,4,17,73,29,44,1651,487,1164,272,72,200,7,2,5,3385,1110,2275,184,57,127,3,2,1,110,59,51
218964,Graduate student,1517,344,1173,0,0,0,14,3,11,297,56,241,38,7,31,1,0,1,1061,243,818,17,5,12,0,0,0,89,30,59
218973,Total students enrolled for credit,1737,832,905,3,1,2,44,16,28,132,82,50,58,32,26,3,2,1,1388,651,737,58,23,35,19,7,12,32,18,14
218973,Undergraduate students,1737,832,905,3,1,2,44,16,28,132,82,50,58,32,26,3,2,1,1388,651,737,58,23,35,19,7,12,32,18,14
218991,Total students enrolled for credit,6359,2605,3754,45,20,25,69,27,42,1551,535,1016,381,159,222,5,2,3,3686,1647,2039,523,173,350,98,42,56,1,0,1
218991,Undergraduate students,6359,2605,3754,45,20,25,69,27,42,1551,535,1016,381,159,222,5,2,3,3686,1647,2039,523,173,350,98,42,56,1,0,1
219000,Total students enrolled for credit,2152,779,1373,8,2,6,19,8,11,44,24,20,60,27,33,0,0,0,1797,603,1194,36,22,14,16,6,10,172,87,85
219000,Undergraduate students,1743,704,1039,6,2,4,17,8,9,39,20,19,48,22,26,0,0,0,1424,540,884,31,21,10,11,5,6,167,86,81
219000,Graduate student,409,75,334,2,0,2,2,0,2,5,4,1,12,5,7,0,0,0,373,63,310,5,1,4,5,1,4,5,1,4
219037,Total students enrolled for credit,122,3,119,14,0,14,4,0,4,3,0,3,8,1,7,2,0,2,85,2,83,5,0,5,1,0,1,0,0,0
219037,Undergraduate students,122,3,119,14,0,14,4,0,4,3,0,3,8,1,7,2,0,2,85,2,83,5,0,5,1,0,1,0,0,0
219046,Total students enrolled for credit,6021,2149,3872,195,63,132,51,19,32,86,55,31,271,119,152,11,3,8,4775,1674,3101,226,91,135,315,86,229,91,39,52
219046,Undergraduate students,5196,1964,3232,180,59,121,48,17,31,82,53,29,255,117,138,10,2,8,4219,1550,2669,219,90,129,99,41,58,84,35,49
219046,Graduate student,825,185,640,15,4,11,3,2,1,4,2,2,16,2,14,1,1,0,556,124,432,7,1,6,216,45,171,7,4,3
219082,Total students enrolled for credit,4826,2610,2216,45,16,29,105,63,42,222,161,61,178,107,71,8,5,3,3884,2008,1876,135,77,58,65,38,27,184,135,49
219082,Undergraduate students,4118,2192,1926,40,12,28,73,42,31,172,118,54,159,93,66,6,4,2,3434,1784,1650,128,73,55,39,21,18,67,45,22
219082,Graduate student,708,418,290,5,4,1,32,21,11,50,43,7,19,14,5,2,1,1,450,224,226,7,4,3,26,17,9,117,90,27
219091,Total students enrolled for credit,1176,475,701,11,4,7,8,0,8,16,12,4,46,28,18,0,0,0,1042,402,640,35,18,17,5,1,4,13,10,3
219091,Undergraduate students,1001,411,590,9,4,5,7,0,7,14,10,4,41,25,16,0,0,0,884,345,539,33,17,16,0,0,0,13,10,3
219091,Graduate student,175,64,111,2,0,2,1,0,1,2,2,0,5,3,2,0,0,0,158,57,101,2,1,1,5,1,4,0,0,0
219125,Total students enrolled for credit,120,6,114,17,2,15,1,0,1,2,0,2,2,0,2,0,0,0,83,2,81,15,2,13,0,0,0,0,0,0
219125,Undergraduate students,120,6,114,17,2,15,1,0,1,2,0,2,2,0,2,0,0,0,83,2,81,15,2,13,0,0,0,0,0,0
219143,Total students enrolled for credit,2443,1239,1204,47,23,24,19,10,9,11,4,7,38,16,22,8,4,4,2251,1149,1102,3,0,3,63,32,31,3,1,2
219143,Undergraduate students,2443,1239,1204,47,23,24,19,10,9,11,4,7,38,16,22,8,4,4,2251,1149,1102,3,0,3,63,32,31,3,1,2
219170,Total students enrolled for credit,30,6,24,0,0,0,0,0,0,0,0,0,0,0,0,0,0,0,30,6,24,0,0,0,0,0,0,0,0,0
219170,Undergraduate students,30,6,24,0,0,0,0,0,0,0,0,0,0,0,0,0,0,0,30,6,24,0,0,0,0,0,0,0,0,0
219189,Total students enrolled for credit,1579,1054,525,42,22,20,16,13,3,9,7,2,29,22,7,1,1,0,1432,964,468,27,12,15,21,11,10,2,2,0
219189,Undergraduate students,1579,1054,525,42,22,20,16,13,3,9,7,2,29,22,7,1,1,0,1432,964,468,27,12,15,21,11,10,2,2,0
219198,Total students enrolled for credit,1758,704,1054,49,20,29,19,6,13,44,29,15,64,47,17,5,2,3,1543,594,949,0,0,0,34,6,28,0,0,0
219198,Undergraduate students,1442,606,836,41,16,25,17,6,11,40,27,13,64,47,17,5,2,3,1269,508,761,0,0,0,6,0,6,0,0,0
219198,Graduate student,316,98,218,8,4,4,2,0,2,4,2,2,0,0,0,0,0,0,274,86,188,0,0,0,28,6,22,0,0,0
219204,Total students enrolled for credit,2708,685,2023,82,14,68,20,6,14,941,211,730,174,52,122,9,2,7,1175,297,878,22,6,16,279,96,183,6,1,5
219204,Undergraduate students,2708,685,2023,82,14,68,20,6,14,941,211,730,174,52,122,9,2,7,1175,297,878,22,6,16,279,96,183,6,1,5
219213,Total students enrolled for credit,607,125,482,46,9,37,9,3,6,62,20,42,9,1,8,2,2,0,451,85,366,9,1,8,18,4,14,1,0,1
219213,Undergraduate students,607,125,482,46,9,37,9,3,6,62,20,42,9,1,8,2,2,0,451,85,366,9,1,8,18,4,14,1,0,1
219240,Total students enrolled for credit,274,168,106,2,1,1,6,5,1,19,15,4,4,2,2,0,0,0,232,138,94,2,1,1,0,0,0,9,6,3
219240,Graduate student,274,168,106,2,1,1,6,5,1,19,15,4,4,2,2,0,0,0,232,138,94,2,1,1,0,0,0,9,6,3
219259,Total students enrolled for credit,4895,1957,2938,76,25,51,58,21,37,68,46,22,125,53,72,3,2,1,4174,1644,2530,113,43,70,27,11,16,251,112,139
219259,Undergraduate students,4204,1783,2421,73,24,49,56,20,36,64,43,21,116,51,65,3,2,1,3517,1483,2034,113,43,70,19,8,11,243,109,134
219259,Graduate student,691,174,517,3,1,2,2,1,1,4,3,1,9,2,7,0,0,0,657,161,496,0,0,0,8,3,5,8,3,5
219277,Total students enrolled for credit,1808,605,1203,1702,570,1132,0,0,0,6,3,3,10,3,7,2,1,1,78,24,54,7,2,5,3,2,1,0,0,0
219277,Undergraduate students,1760,590,1170,1657,557,1100,0,0,0,5,2,3,10,3,7,2,1,1,77,23,54,7,2,5,2,2,0,0,0,0
219277,Graduate student,48,15,33,45,13,32,0,0,0,1,1,0,0,0,0,0,0,0,1,1,0,0,0,0,1,0,1,0,0,0
219295,Total students enrolled for credit,984,324,660,21,6,15,18,7,11,140,63,77,67,37,30,6,1,5,692,198,494,0,0,0,36,10,26,4,2,2
219295,Undergraduate students,984,324,660,21,6,15,18,7,11,140,63,77,67,37,30,6,1,5,692,198,494,0,0,0,36,10,26,4,2,2
219338,Total students enrolled for credit,17,3,14,1,0,1,0,0,0,0,0,0,0,0,0,0,0,0,16,3,13,0,0,0,0,0,0,0,0,0
219338,Undergraduate students,17,3,14,1,0,1,0,0,0,0,0,0,0,0,0,0,0,0,16,3,13,0,0,0,0,0,0,0,0,0
219347,Total students enrolled for credit,3360,2522,838,60,36,24,45,28,17,65,61,4,160,121,39,4,4,0,2636,1988,648,118,92,26,58,36,22,214,156,58
219347,Undergraduate students,2885,2180,705,53,33,20,37,22,15,43,42,1,143,109,34,4,4,0,2360,1792,568,101,77,24,46,29,17,98,72,26
219347,Graduate student,475,342,133,7,3,4,8,6,2,22,19,3,17,12,5,0,0,0,276,196,80,17,15,2,12,7,5,116,84,32
219356,Total students enrolled for credit,15209,6969,8240,174,60,114,176,85,91,322,187,135,345,164,181,13,7,6,12657,5559,7098,336,141,195,101,46,55,1085,720,365
219356,Undergraduate students,13103,6058,7045,139,50,89,137,65,72,281,162,119,316,152,164,10,6,4,11315,5110,6205,305,130,175,57,27,30,543,356,187
219356,Graduate student,2106,911,1195,35,10,25,39,20,19,41,25,16,29,12,17,3,1,2,1342,449,893,31,11,20,44,19,25,542,364,178
219374,Total students enrolled for credit,1029,320,709,876,276,600,0,0,0,2,1,1,0,0,0,1,1,0,150,42,108,0,0,0,0,0,0,0,0,0
219374,Undergraduate students,887,285,602,808,262,546,0,0,0,1,1,0,0,0,0,1,1,0,77,21,56,0,0,0,0,0,0,0,0,0
219374,Graduate student,142,35,107,68,14,54,0,0,0,1,0,1,0,0,0,0,0,0,73,21,52,0,0,0,0,0,0,0,0,0
219383,Total students enrolled for credit,1943,730,1213,12,4,8,20,9,11,85,61,24,13,4,9,2,1,1,1682,604,1078,61,19,42,43,17,26,25,11,14
219383,Undergraduate students,1471,565,906,12,4,8,19,8,11,76,54,22,12,3,9,2,1,1,1240,454,786,56,18,38,33,12,21,21,11,10
219383,Graduate student,472,165,307,0,0,0,1,1,0,9,7,2,1,1,0,0,0,0,442,150,292,5,1,4,10,5,5,4,0,4
219392,Total students enrolled for credit,23,3,20,0,0,0,0,0,0,0,0,0,0,0,0,0,0,0,23,3,20,0,0,0,0,0,0,0,0,0
219392,Undergraduate students,23,3,20,0,0,0,0,0,0,0,0,0,0,0,0,0,0,0,23,3,20,0,0,0,0,0,0,0,0,0
219408,Total students enrolled for credit,248,87,161,216,77,139,0,0,0,1,0,1,0,0,0,0,0,0,30,9,21,1,1,0,0,0,0,0,0,0
219408,Undergraduate students,248,87,161,216,77,139,0,0,0,1,0,1,0,0,0,0,0,0,30,9,21,1,1,0,0,0,0,0,0,0
219426,Total students enrolled for credit,2704,1262,1442,17,9,8,75,37,38,79,49,30,100,54,46,5,3,2,2290,1058,1232,27,10,17,111,42,69,0,0,0
219426,Undergraduate students,2704,1262,1442,17,9,8,75,37,38,79,49,30,100,54,46,5,3,2,2290,1058,1232,27,10,17,111,42,69,0,0,0
219453,Total students enrolled for credit,159,4,155,4,0,4,10,4,6,2,0,2,2,0,2,0,0,0,139,0,139,2,0,2,0,0,0,0,0,0
219453,Undergraduate students,159,4,155,4,0,4,10,4,6,2,0,2,2,0,2,0,0,0,139,0,139,2,0,2,0,0,0,0,0,0
219471,Total students enrolled for credit,13267,5007,8260,279,79,200,196,78,118,373,214,159,409,139,270,11,6,5,10861,4008,6853,344,132,212,454,149,305,340,202,138
219471,Undergraduate students,9416,3580,5836,202,56,146,138,62,76,299,176,123,321,103,218,8,4,4,7828,2899,4929,283,105,178,143,66,77,194,109,85
219471,Graduate student,3851,1427,2424,77,23,54,58,16,42,74,38,36,88,36,52,3,2,1,3033,1109,1924,61,27,34,311,83,228,146,93,53
219480,Total students enrolled for credit,1504,688,816,175,73,102,18,6,12,22,14,8,65,31,34,8,3,5,1126,532,594,67,18,49,23,11,12,0,0,0
219480,Undergraduate students,1504,688,816,175,73,102,18,6,12,22,14,8,65,31,34,8,3,5,1126,532,594,67,18,49,23,11,12,0,0,0
219505,Total students enrolled for credit,159,107,52,0,0,0,1,1,0,144,97,47,3,0,3,0,0,0,2,1,1,0,0,0,1,0,1,8,8,0
219505,Undergraduate students,159,107,52,0,0,0,1,1,0,144,97,47,3,0,3,0,0,0,2,1,1,0,0,0,1,0,1,8,8,0
219587,Total students enrolled for credit,80,1,79,0,0,0,0,0,0,2,0,2,1,0,1,0,0,0,75,1,74,2,0,2,0,0,0,0,0,0
219587,Undergraduate students,80,1,79,0,0,0,0,0,0,2,0,2,1,0,1,0,0,0,75,1,74,2,0,2,0,0,0,0,0,0
219596,Total students enrolled for credit,660,420,240,1,1,0,2,2,0,34,16,18,25,21,4,2,1,1,589,373,216,6,5,1,1,1,0,0,0,0
219596,Undergraduate students,660,420,240,1,1,0,2,2,0,34,16,18,25,21,4,2,1,1,589,373,216,6,5,1,1,1,0,0,0,0
219602,Total students enrolled for credit,12144,5035,7109,39,15,24,187,84,103,2445,953,1492,773,356,417,33,16,17,7584,3159,4425,689,284,405,331,140,191,63,28,35
219602,Undergraduate students,10991,4693,6298,39,15,24,178,81,97,2298,920,1378,728,344,384,33,16,17,6717,2888,3829,643,270,373,300,134,166,55,25,30
219602,Graduate student,1153,342,811,0,0,0,9,3,6,147,33,114,45,12,33,0,0,0,867,271,596,46,14,32,31,6,25,8,3,5
219639,Total students enrolled for credit,1202,108,1094,0,0,0,29,1,28,518,32,486,47,9,38,0,0,0,585,64,521,11,1,10,12,1,11,0,0,0
219639,Undergraduate students,1202,108,1094,0,0,0,29,1,28,518,32,486,47,9,38,0,0,0,585,64,521,11,1,10,12,1,11,0,0,0
219709,Total students enrolled for credit,8246,3055,5191,22,11,11,251,96,155,408,159,249,360,125,235,7,5,2,6500,2406,4094,262,95,167,324,115,209,112,43,69
219709,Undergraduate students,6636,2463,4173,22,11,11,153,53,100,328,130,198,327,116,211,6,4,2,5297,1969,3328,228,83,145,185,62,123,90,35,55
219709,Graduate student,1610,592,1018,0,0,0,98,43,55,80,29,51,33,9,24,1,1,0,1203,437,766,34,12,22,139,53,86,22,8,14
219718,Total students enrolled for credit,7470,3061,4409,40,21,19,60,26,34,2825,855,1970,151,73,78,13,8,5,3921,1859,2062,107,33,74,282,138,144,71,48,23
219718,Undergraduate students,5889,2507,3382,36,19,17,39,19,20,2136,688,1448,136,64,72,11,7,4,3207,1543,1664,77,22,55,179,99,80,68,46,22
219718,Graduate student,1581,554,1027,4,2,2,21,7,14,689,167,522,15,9,6,2,1,1,714,316,398,30,11,19,103,39,64,3,2,1
219790,Total students enrolled for credit,2066,944,1122,7,5,2,15,7,8,99,42,57,33,17,16,4,3,1,1697,761,936,26,11,15,159,74,85,26,24,2
219790,Undergraduate students,1840,849,991,7,5,2,12,7,5,83,38,45,29,15,14,4,3,1,1504,678,826,23,10,13,152,69,83,26,24,2
219790,Graduate student,226,95,131,0,0,0,3,0,3,16,4,12,4,2,2,0,0,0,193,83,110,3,1,2,7,5,2,0,0,0
219806,Total students enrolled for credit,3063,1167,1896,13,8,5,13,2,11,228,131,97,70,33,37,1,1,0,2411,833,1578,48,24,24,107,42,65,172,93,79
219806,Undergraduate students,1934,814,1120,9,6,3,12,2,10,151,108,43,48,23,25,0,0,0,1549,595,954,41,21,20,31,13,18,93,46,47
219806,Graduate student,1129,353,776,4,2,2,1,0,1,77,23,54,22,10,12,1,1,0,862,238,624,7,3,4,76,29,47,79,47,32
219824,Total students enrolled for credit,11237,4661,6576,30,15,15,203,94,109,1474,553,921,560,237,323,10,6,4,8481,3558,4923,390,153,237,40,20,20,49,25,24
219824,Undergraduate students,11237,4661,6576,30,15,15,203,94,109,1474,553,921,560,237,323,10,6,4,8481,3558,4923,390,153,237,40,20,20,49,25,24
219833,Total students enrolled for credit,2597,1250,1347,9,5,4,121,54,67,748,237,511,154,79,75,0,0,0,1057,551,506,55,21,34,180,87,93,273,216,57
219833,Undergraduate students,1919,919,1000,8,5,3,103,46,57,606,199,407,132,66,66,0,0,0,765,433,332,53,20,33,164,81,83,88,69,19
219833,Graduate student,678,331,347,1,0,1,18,8,10,142,38,104,22,13,9,0,0,0,292,118,174,2,1,1,16,6,10,185,147,38
219842,Total students enrolled for credit,537,357,180,3,3,0,13,13,0,82,45,37,192,125,67,0,0,0,206,141,65,4,1,3,0,0,0,37,29,8
219842,Undergraduate students,179,116,63,1,1,0,6,6,0,15,8,7,122,80,42,0,0,0,24,15,9,1,0,1,0,0,0,10,6,4
219842,Graduate student,358,241,117,2,2,0,7,7,0,67,37,30,70,45,25,0,0,0,182,126,56,3,1,2,0,0,0,27,23,4
219851,Total students enrolled for credit,31,2,29,0,0,0,0,0,0,9,0,9,3,1,2,0,0,0,17,1,16,2,0,2,0,0,0,0,0,0
219851,Undergraduate students,31,2,29,0,0,0,0,0,0,9,0,9,3,1,2,0,0,0,17,1,16,2,0,2,0,0,0,0,0,0
219879,Total students enrolled for credit,4270,1762,2508,5,3,2,62,31,31,239,96,143,172,69,103,4,0,4,3539,1453,2086,91,43,48,152,64,88,6,3,3
219879,Undergraduate students,4270,1762,2508,5,3,2,62,31,31,239,96,143,172,69,103,4,0,4,3539,1453,2086,91,43,48,152,64,88,6,3,3
219888,Total students enrolled for credit,7392,2847,4545,15,4,11,104,41,63,470,164,306,345,133,212,6,3,3,6151,2383,3768,206,73,133,82,40,42,13,6,7
219888,Undergraduate students,7392,2847,4545,15,4,11,104,41,63,470,164,306,345,133,212,6,3,3,6151,2383,3768,206,73,133,82,40,42,13,6,7
219903,Total students enrolled for credit,2452,214,2238,26,3,23,29,5,24,1735,128,1607,93,8,85,7,2,5,492,62,430,62,5,57,8,1,7,0,0,0
219903,Undergraduate students,2452,214,2238,26,3,23,29,5,24,1735,128,1607,93,8,85,7,2,5,492,62,430,62,5,57,8,1,7,0,0,0
219921,Total students enrolled for credit,434,346,88,0,0,0,0,0,0,99,58,41,5,4,1,0,0,0,328,282,46,1,1,0,1,1,0,0,0,0
219921,Undergraduate students,434,346,88,0,0,0,0,0,0,99,58,41,5,4,1,0,0,0,328,282,46,1,1,0,1,1,0,0,0,0
219949,Total students enrolled for credit,2278,943,1335,20,10,10,30,14,16,309,154,155,59,22,37,0,0,0,1337,503,834,0,0,0,462,205,257,61,35,26
219949,Undergraduate students,1830,765,1065,17,8,9,19,10,9,220,117,103,45,19,26,0,0,0,1070,395,675,0,0,0,410,188,222,49,28,21
219949,Graduate student,448,178,270,3,2,1,11,4,7,89,37,52,14,3,11,0,0,0,267,108,159,0,0,0,52,17,35,12,7,5
219976,Total students enrolled for credit,6003,2249,3754,14,5,9,183,74,109,593,181,412,326,115,211,3,2,1,4525,1734,2791,134,44,90,106,37,69,119,57,62
219976,Undergraduate students,3705,1460,2245,7,2,5,111,48,63,254,96,158,241,88,153,2,1,1,2840,1119,1721,92,35,57,62,26,36,96,45,51
219976,Graduate student,2298,789,1509,7,3,4,72,26,46,339,85,254,85,27,58,1,1,0,1685,615,1070,42,9,33,44,11,33,23,12,11
219994,Total students enrolled for credit,1008,615,393,3,3,0,8,2,6,93,44,49,65,42,23,2,2,0,790,497,293,33,17,16,14,8,6,0,0,0
219994,Undergraduate students,1008,615,393,3,3,0,8,2,6,93,44,49,65,42,23,2,2,0,790,497,293,33,17,16,14,8,6,0,0,0
220002,Total students enrolled for credit,404,118,286,5,2,3,8,7,1,222,71,151,20,3,17,0,0,0,122,28,94,15,4,11,12,3,9,0,0,0
220002,Undergraduate students,404,118,286,5,2,3,8,7,1,222,71,151,20,3,17,0,0,0,122,28,94,15,4,11,12,3,9,0,0,0
220057,Total students enrolled for credit,3534,1222,2312,11,6,5,32,11,21,569,167,402,89,29,60,1,1,0,2730,971,1759,70,25,45,26,10,16,6,2,4
220057,Undergraduate students,3534,1222,2312,11,6,5,32,11,21,569,167,402,89,29,60,1,1,0,2730,971,1759,70,25,45,26,10,16,6,2,4
220075,Total students enrolled for credit,16026,6713,9313,36,14,22,264,115,149,960,425,535,323,130,193,13,5,8,12961,5263,7698,384,163,221,305,139,166,780,459,321
220075,Undergraduate students,12499,5437,7062,28,10,18,181,85,96,772,360,412,279,116,163,11,5,6,10197,4337,5860,325,140,185,160,75,85,546,309,237
220075,Graduate student,3527,1276,2251,8,4,4,83,30,53,188,65,123,44,14,30,2,0,2,2764,926,1838,59,23,36,145,64,81,234,150,84
220118,Total students enrolled for credit,463,58,405,0,0,0,5,0,5,170,18,152,31,4,27,8,1,7,244,35,209,5,0,5,0,0,0,0,0,0
220118,Undergraduate students,463,58,405,0,0,0,5,0,5,170,18,152,31,4,27,8,1,7,244,35,209,5,0,5,0,0,0,0,0,0
220127,Total students enrolled for credit,814,391,423,0,0,0,0,0,0,36,8,28,20,8,12,1,0,1,630,322,308,5,3,2,122,50,72,0,0,0
220127,Undergraduate students,814,391,423,0,0,0,0,0,0,36,8,28,20,8,12,1,0,1,630,322,308,5,3,2,122,50,72,0,0,0
220163,Total students enrolled for credit,71,3,68,0,0,0,0,0,0,7,1,6,1,1,0,0,0,0,62,1,61,1,0,1,0,0,0,0,0,0
220163,Undergraduate students,71,3,68,0,0,0,0,0,0,7,1,6,1,1,0,0,0,0,62,1,61,1,0,1,0,0,0,0,0,0
220181,Total students enrolled for credit,777,267,510,1,0,1,3,2,1,633,198,435,14,6,8,0,0,0,5,1,4,14,1,13,84,45,39,23,14,9
220181,Undergraduate students,738,251,487,0,0,0,3,2,1,615,189,426,10,4,6,0,0,0,4,1,3,12,1,11,71,40,31,23,14,9
220181,Graduate student,39,16,23,1,0,1,0,0,0,18,9,9,4,2,2,0,0,0,1,0,1,2,0,2,13,5,8,0,0,0
220206,Total students enrolled for credit,371,204,167,1,1,0,7,4,3,21,15,6,17,6,11,0,0,0,292,152,140,3,1,2,0,0,0,30,25,5
220206,Undergraduate students,350,185,165,1,1,0,7,4,3,21,15,6,13,4,9,0,0,0,275,135,140,3,1,2,0,0,0,30,25,5
220206,Graduate student,21,19,2,0,0,0,0,0,0,0,0,0,4,2,2,0,0,0,17,17,0,0,0,0,0,0,0,0,0,0
220215,Total students enrolled for credit,2166,846,1320,5,4,1,14,2,12,335,98,237,28,17,11,3,2,1,1424,603,821,21,9,12,300,88,212,36,23,13
220215,Undergraduate students,1484,618,866,4,4,0,14,2,12,73,30,43,23,13,10,3,2,1,1228,502,726,20,9,11,88,37,51,31,19,12
220215,Graduate student,682,228,454,1,0,1,0,0,0,262,68,194,5,4,1,0,0,0,196,101,95,1,0,1,212,51,161,5,4,1
220251,Total students enrolled for credit,350,204,146,1,1,0,1,0,1,8,3,5,1,0,1,0,0,0,323,187,136,2,1,1,14,12,2,0,0,0
220251,Undergraduate students,350,204,146,1,1,0,1,0,1,8,3,5,1,0,1,0,0,0,323,187,136,2,1,1,14,12,2,0,0,0
220279,Total students enrolled for credit,763,491,272,0,0,0,0,0,0,47,29,18,26,16,10,0,0,0,687,444,243,3,2,1,0,0,0,0,0,0
220279,Undergraduate students,763,491,272,0,0,0,0,0,0,47,29,18,26,16,10,0,0,0,687,444,243,3,2,1,0,0,0,0,0,0
220312,Total students enrolled for credit,302,137,165,2,0,2,0,0,0,40,29,11,14,5,9,0,0,0,224,91,133,11,4,7,6,4,2,5,4,1
220312,Undergraduate students,302,137,165,2,0,2,0,0,0,40,29,11,14,5,9,0,0,0,224,91,133,11,4,7,6,4,2,5,4,1
220321,Total students enrolled for credit,662,358,304,5,3,2,2,2,0,45,16,29,20,8,12,2,0,2,564,319,245,12,3,9,12,7,5,0,0,0
220321,Undergraduate students,662,358,304,5,3,2,2,2,0,45,16,29,20,8,12,2,0,2,564,319,245,12,3,9,12,7,5,0,0,0
220394,Total students enrolled for credit,281,130,151,1,1,0,2,0,2,1,1,0,0,0,0,1,0,1,275,128,147,1,0,1,0,0,0,0,0,0
220394,Undergraduate students,281,130,151,1,1,0,2,0,2,1,1,0,0,0,0,1,0,1,275,128,147,1,0,1,0,0,0,0,0,0
220400,Total students enrolled for credit,6331,2373,3958,11,3,8,51,26,25,969,320,649,173,74,99,1,0,1,4776,1787,2989,249,137,112,94,22,72,7,4,3
220400,Undergraduate students,6331,2373,3958,11,3,8,51,26,25,969,320,649,173,74,99,1,0,1,4776,1787,2989,249,137,112,94,22,72,7,4,3
220464,Total students enrolled for credit,104,42,62,0,0,0,1,0,1,26,10,16,1,0,1,0,0,0,76,32,44,0,0,0,0,0,0,0,0,0
220464,Undergraduate students,104,42,62,0,0,0,1,0,1,26,10,16,1,0,1,0,0,0,76,32,44,0,0,0,0,0,0,0,0,0
220473,Total students enrolled for credit,1404,758,646,4,1,3,22,10,12,65,38,27,40,24,16,0,0,0,1146,626,520,22,15,7,63,28,35,42,16,26
220473,Undergraduate students,960,507,453,2,0,2,6,4,2,38,20,18,29,19,10,0,0,0,815,428,387,14,10,4,45,22,23,11,4,7
220473,Graduate student,444,251,193,2,1,1,16,6,10,27,18,9,11,5,6,0,0,0,331,198,133,8,5,3,18,6,12,31,12,19
220491,Total students enrolled for credit,290,17,273,0,0,0,3,0,3,95,4,91,21,3,18,0,0,0,158,9,149,5,0,5,6,1,5,2,0,2
220491,Undergraduate students,290,17,273,0,0,0,3,0,3,95,4,91,21,3,18,0,0,0,158,9,149,5,0,5,6,1,5,2,0,2
220516,Total students enrolled for credit,3521,1246,2275,4,0,4,18,10,8,230,92,138,83,36,47,2,1,1,2898,970,1928,66,24,42,127,66,61,93,47,46
220516,Undergraduate students,2942,1084,1858,4,0,4,16,9,7,186,73,113,78,35,43,2,1,1,2403,844,1559,57,21,36,112,59,53,84,42,42
220516,Graduate student,579,162,417,0,0,0,2,1,1,44,19,25,5,1,4,0,0,0,495,126,369,9,3,6,15,7,8,9,5,4
220552,Total students enrolled for credit,2599,693,1906,17,5,12,94,30,64,264,69,195,77,28,49,1,1,0,2083,548,1535,43,8,35,20,4,16,0,0,0
220552,Undergraduate students,1830,420,1410,10,0,10,26,7,19,197,45,152,55,16,39,0,0,0,1492,343,1149,33,6,27,17,3,14,0,0,0
220552,Graduate student,769,273,496,7,5,2,68,23,45,67,24,43,22,12,10,1,1,0,591,205,386,10,2,8,3,1,2,0,0,0
220598,Total students enrolled for credit,1608,863,745,1,1,0,2,1,1,1440,771,669,5,4,1,0,0,0,7,3,4,18,9,9,134,74,60,1,0,1
220598,Undergraduate students,1608,863,745,1,1,0,2,1,1,1440,771,669,5,4,1,0,0,0,7,3,4,18,9,9,134,74,60,1,0,1
220604,Total students enrolled for credit,1104,371,733,0,0,0,0,0,0,1081,358,723,6,3,3,0,0,0,2,2,0,0,0,0,0,0,0,15,8,7
220604,Undergraduate students,1104,371,733,0,0,0,0,0,0,1081,358,723,6,3,3,0,0,0,2,2,0,0,0,0,0,0,0,15,8,7
220613,Total students enrolled for credit,6059,2489,3570,25,11,14,57,18,39,332,158,174,245,123,122,10,8,2,4468,1785,2683,16,8,8,689,283,406,217,95,122
220613,Undergraduate students,5427,2196,3231,22,10,12,49,13,36,285,141,144,135,58,77,10,8,2,4087,1610,2477,9,6,3,653,269,384,177,81,96
220613,Graduate student,632,293,339,3,1,2,8,5,3,47,17,30,110,65,45,0,0,0,381,175,206,7,2,5,36,14,22,40,14,26
220631,Total students enrolled for credit,4847,1770,3077,41,17,24,314,143,171,256,100,156,24,13,11,1,0,1,3622,1262,2360,0,0,0,589,235,354,0,0,0
220631,Undergraduate students,1884,555,1329,23,10,13,27,9,18,108,45,63,1,0,1,0,0,0,1587,420,1167,0,0,0,138,71,67,0,0,0
220631,Graduate student,2963,1215,1748,18,7,11,287,134,153,148,55,93,23,13,10,1,0,1,2035,842,1193,0,0,0,451,164,287,0,0,0
220640,Total students enrolled for credit,786,406,380,0,0,0,10,5,5,14,3,11,8,5,3,2,1,1,715,365,350,30,20,10,7,7,0,0,0,0
220640,Undergraduate students,786,406,380,0,0,0,10,5,5,14,3,11,8,5,3,2,1,1,715,365,350,30,20,10,7,7,0,0,0,0
220701,Total students enrolled for credit,1039,394,645,3,2,1,6,3,3,121,56,65,25,11,14,2,0,2,746,272,474,14,6,8,64,13,51,58,31,27
220701,Undergraduate students,1023,390,633,3,2,1,6,3,3,120,56,64,25,11,14,2,0,2,736,270,466,14,6,8,60,12,48,57,30,27
220701,Graduate student,16,4,12,0,0,0,0,0,0,1,0,1,0,0,0,0,0,0,10,2,8,0,0,0,4,1,3,1,1,0
220710,Total students enrolled for credit,1247,552,695,5,2,3,14,3,11,153,109,44,44,24,20,3,3,0,925,367,558,56,23,33,4,1,3,43,20,23
220710,Undergraduate students,1247,552,695,5,2,3,14,3,11,153,109,44,44,24,20,3,3,0,925,367,558,56,23,33,4,1,3,43,20,23
220756,Total students enrolled for credit,254,210,44,0,0,0,2,2,0,19,16,3,4,4,0,0,0,0,221,181,40,8,7,1,0,0,0,0,0,0
220756,Undergraduate students,254,210,44,0,0,0,2,2,0,19,16,3,4,4,0,0,0,0,221,181,40,8,7,1,0,0,0,0,0,0
220765,Total students enrolled for credit,482,88,394,2,0,2,14,1,13,173,52,121,26,8,18,0,0,0,253,23,230,2,0,2,12,4,8,0,0,0
220765,Undergraduate students,482,88,394,2,0,2,14,1,13,173,52,121,26,8,18,0,0,0,253,23,230,2,0,2,12,4,8,0,0,0
220792,Total students enrolled for credit,839,365,474,3,2,1,52,30,22,671,264,407,38,17,21,0,0,0,75,52,23,0,0,0,0,0,0,0,0,0
220792,Graduate student,839,365,474,3,2,1,52,30,22,671,264,407,38,17,21,0,0,0,75,52,23,0,0,0,0,0,0,0,0,0
220808,Total students enrolled for credit,409,140,269,2,0,2,4,1,3,135,61,74,28,8,20,0,0,0,222,64,158,12,4,8,3,0,3,3,2,1
220808,Undergraduate students,362,126,236,2,0,2,4,1,3,122,56,66,26,8,18,0,0,0,194,56,138,11,4,7,2,0,2,1,1,0
220808,Graduate student,47,14,33,0,0,0,0,0,0,13,5,8,2,0,2,0,0,0,28,8,20,1,0,1,1,0,1,2,1,1
220853,Total students enrolled for credit,1536,1023,513,5,4,1,19,18,1,1159,736,423,71,46,25,3,2,1,239,196,43,9,2,7,31,19,12,0,0,0
220853,Undergraduate students,1536,1023,513,5,4,1,19,18,1,1159,736,423,71,46,25,3,2,1,239,196,43,9,2,7,31,19,12,0,0,0
220862,Total students enrolled for credit,24809,10227,14582,55,25,30,918,439,479,8450,2699,5751,1097,477,620,24,12,12,12508,5719,6789,850,349,501,111,46,65,796,461,335
220862,Undergraduate students,19875,8237,11638,48,22,26,697,351,346,7244,2379,4865,933,401,532,20,10,10,9812,4574,5238,737,297,440,111,46,65,273,157,116
220862,Graduate student,4934,1990,2944,7,3,4,221,88,133,1206,320,886,164,76,88,4,2,2,2696,1145,1551,113,52,61,0,0,0,523,304,219
220871,Total students enrolled for credit,315,152,163,0,0,0,11,3,8,170,73,97,7,6,1,0,0,0,121,64,57,0,0,0,6,6,0,0,0,0
220871,Graduate student,315,152,163,0,0,0,11,3,8,170,73,97,7,6,1,0,0,0,121,64,57,0,0,0,6,6,0,0,0,0
220978,Total students enrolled for credit,26214,11816,14398,68,30,38,803,374,429,4994,1881,3113,1163,498,665,14,8,6,16967,7790,9177,772,335,437,56,26,30,1377,874,503
220978,Undergraduate students,23050,10618,12432,59,28,31,689,316,373,4673,1785,2888,1077,457,620,13,8,5,14721,6973,7748,714,314,400,55,26,29,1049,711,338
220978,Graduate student,3164,1198,1966,9,2,7,114,58,56,321,96,225,86,41,45,1,0,1,2246,817,1429,58,21,37,1,0,1,328,163,165
220996,Total students enrolled for credit,231,113,118,0,0,0,1,0,1,17,9,8,8,2,6,0,0,0,195,97,98,9,5,4,1,0,1,0,0,0
220996,Graduate student,231,113,118,0,0,0,1,0,1,17,9,8,8,2,6,0,0,0,195,97,98,9,5,4,1,0,1,0,0,0
221050,Total students enrolled for credit,1079,804,275,0,0,0,1,0,1,18,12,6,53,42,11,0,0,0,996,742,254,7,4,3,4,4,0,0,0,0
221050,Undergraduate students,1079,804,275,0,0,0,1,0,1,18,12,6,53,42,11,0,0,0,996,742,254,7,4,3,4,4,0,0,0,0
221096,Total students enrolled for credit,7198,2998,4200,17,5,12,172,79,93,711,303,408,418,186,232,6,6,0,5606,2316,3290,188,69,119,60,22,38,20,12,8
221096,Undergraduate students,7198,2998,4200,17,5,12,172,79,93,711,303,408,418,186,232,6,6,0,5606,2316,3290,188,69,119,60,22,38,20,12,8
221102,Total students enrolled for credit,828,459,369,1,1,0,35,28,7,142,60,82,39,21,18,2,2,0,588,339,249,21,8,13,0,0,0,0,0,0
221102,Undergraduate students,828,459,369,1,1,0,35,28,7,142,60,82,39,21,18,2,2,0,588,339,249,21,8,13,0,0,0,0,0,0
221148,Total students enrolled for credit,2328,2229,99,1,1,0,6,6,0,451,427,24,93,90,3,1,1,0,1025,980,45,52,45,7,699,679,20,0,0,0
221148,Undergraduate students,2328,2229,99,1,1,0,6,6,0,451,427,24,93,90,3,1,1,0,1025,980,45,52,45,7,699,679,20,0,0,0
221157,Total students enrolled for credit,194,5,189,0,0,0,0,0,0,83,2,81,9,1,8,0,0,0,102,2,100,0,0,0,0,0,0,0,0,0
221157,Undergraduate students,194,5,189,0,0,0,0,0,0,83,2,81,9,1,8,0,0,0,102,2,100,0,0,0,0,0,0,0,0,0
221184,Total students enrolled for credit,12162,5001,7161,31,16,15,431,189,242,3436,1253,2183,703,293,410,23,13,10,6878,2964,3914,445,177,268,133,63,70,82,33,49
221184,Undergraduate students,12162,5001,7161,31,16,15,431,189,242,3436,1253,2183,703,293,410,23,13,10,6878,2964,3914,445,177,268,133,63,70,82,33,49
221236,Total students enrolled for credit,587,394,193,1,1,0,2,2,0,72,45,27,19,15,4,0,0,0,479,325,154,8,4,4,6,2,4,0,0,0
221236,Undergraduate students,587,394,193,1,1,0,2,2,0,72,45,27,19,15,4,0,0,0,479,325,154,8,4,4,6,2,4,0,0,0
221254,Total students enrolled for credit,190,21,169,2,0,2,5,1,4,13,1,12,4,1,3,0,0,0,157,17,140,6,0,6,1,1,0,2,0,2
221254,Undergraduate students,190,21,169,2,0,2,5,1,4,13,1,12,4,1,3,0,0,0,157,17,140,6,0,6,1,1,0,2,0,2
221281,Total students enrolled for credit,496,207,289,1,0,1,1,0,1,33,13,20,7,5,2,0,0,0,437,186,251,16,3,13,1,0,1,0,0,0
221281,Undergraduate students,496,207,289,1,0,1,1,0,1,33,13,20,7,5,2,0,0,0,437,186,251,16,3,13,1,0,1,0,0,0
221333,Total students enrolled for credit,1436,918,518,7,7,0,109,102,7,154,96,58,61,38,23,13,11,2,1035,622,413,57,42,15,0,0,0,0,0,0
221333,Undergraduate students,1436,918,518,7,7,0,109,102,7,154,96,58,61,38,23,13,11,2,1035,622,413,57,42,15,0,0,0,0,0,0
221351,Total students enrolled for credit,2133,942,1191,7,3,4,124,53,71,165,76,89,112,46,66,1,1,0,1507,673,834,90,36,54,51,16,35,76,38,38
221351,Undergraduate students,2102,921,1181,7,3,4,123,52,71,164,75,89,109,45,64,1,1,0,1484,657,827,89,35,54,50,16,34,75,37,38
221351,Graduate student,31,21,10,0,0,0,1,1,0,1,1,0,3,1,2,0,0,0,23,16,7,1,1,0,1,0,1,1,1,0
221388,Total students enrolled for credit,355,142,213,1,0,1,1,0,1,130,38,92,3,1,2,0,0,0,202,101,101,2,0,2,16,2,14,0,0,0
221388,Undergraduate students,355,142,213,1,0,1,1,0,1,130,38,92,3,1,2,0,0,0,202,101,101,2,0,2,16,2,14,0,0,0
221397,Total students enrolled for credit,7227,2402,4825,18,7,11,66,19,47,175,52,123,190,73,117,5,2,3,6090,2009,4081,169,66,103,494,161,333,20,13,7
221397,Undergraduate students,7227,2402,4825,18,7,11,66,19,47,175,52,123,190,73,117,5,2,3,6090,2009,4081,169,66,103,494,161,333,20,13,7
221430,Total students enrolled for credit,773,592,181,5,3,2,5,2,3,36,21,15,6,4,2,0,0,0,691,543,148,18,13,5,12,6,6,0,0,0
221430,Undergraduate students,773,592,181,5,3,2,5,2,3,36,21,15,6,4,2,0,0,0,691,543,148,18,13,5,12,6,6,0,0,0
221485,Total students enrolled for credit,12453,4807,7646,40,16,24,346,136,210,7255,2425,4830,608,247,361,14,5,9,3714,1767,1947,256,101,155,49,22,27,171,88,83
221485,Undergraduate students,12453,4807,7646,40,16,24,346,136,210,7255,2425,4830,608,247,361,14,5,9,3714,1767,1947,256,101,155,49,22,27,171,88,83
221494,Total students enrolled for credit,908,608,300,3,3,0,2,0,2,53,29,24,96,68,28,1,1,0,713,497,216,16,8,8,24,2,22,0,0,0
221494,Undergraduate students,908,608,300,3,3,0,2,0,2,53,29,24,96,68,28,1,1,0,713,497,216,16,8,8,24,2,22,0,0,0
221519,Total students enrolled for credit,2035,973,1062,3,1,2,32,12,20,83,42,41,102,45,57,0,0,0,1671,799,872,67,35,32,7,6,1,70,33,37
221519,Undergraduate students,1835,867,968,2,0,2,32,12,20,76,37,39,100,44,56,0,0,0,1502,713,789,60,32,28,3,2,1,60,27,33
221519,Graduate student,200,106,94,1,1,0,0,0,0,7,5,2,2,1,1,0,0,0,169,86,83,7,3,4,4,4,0,10,6,4
221582,Total students enrolled for credit,504,322,182,1,1,0,0,0,0,0,0,0,7,6,1,0,0,0,488,312,176,4,3,1,4,0,4,0,0,0
221582,Undergraduate students,504,322,182,1,1,0,0,0,0,0,0,0,7,6,1,0,0,0,488,312,176,4,3,1,4,0,4,0,0,0
221591,Total students enrolled for credit,632,403,229,1,1,0,1,0,1,5,5,0,12,10,2,1,1,0,588,378,210,4,3,1,20,5,15,0,0,0
221591,Undergraduate students,632,403,229,1,1,0,1,0,1,5,5,0,12,10,2,1,1,0,588,378,210,4,3,1,20,5,15,0,0,0
221607,Total students enrolled for credit,358,208,150,0,0,0,3,2,1,15,5,10,26,23,3,0,0,0,310,175,135,4,3,1,0,0,0,0,0,0
221607,Undergraduate students,358,208,150,0,0,0,3,2,1,15,5,10,26,23,3,0,0,0,310,175,135,4,3,1,0,0,0,0,0,0
221616,Total students enrolled for credit,846,577,269,4,3,1,2,1,1,181,104,77,29,24,5,0,0,0,587,412,175,33,25,8,10,8,2,0,0,0
221616,Undergraduate students,846,577,269,4,3,1,2,1,1,181,104,77,29,24,5,0,0,0,587,412,175,33,25,8,10,8,2,0,0,0
221625,Total students enrolled for credit,1332,530,802,4,1,3,15,5,10,193,36,157,41,18,23,4,3,1,1022,439,583,20,7,13,11,11,0,22,10,12
221625,Undergraduate students,1332,530,802,4,1,3,15,5,10,193,36,157,41,18,23,4,3,1,1022,439,583,20,7,13,11,11,0,22,10,12
221634,Total students enrolled for credit,326,186,140,1,0,1,0,0,0,163,79,84,17,14,3,0,0,0,132,89,43,11,3,8,2,1,1,0,0,0
221634,Undergraduate students,326,186,140,1,0,1,0,0,0,163,79,84,17,14,3,0,0,0,132,89,43,11,3,8,2,1,1,0,0,0
221643,Total students enrolled for credit,14241,6777,7464,41,16,25,293,140,153,904,430,474,531,231,300,23,10,13,11777,5624,6153,453,198,255,2,1,1,217,127,90
221643,Undergraduate students,14241,6777,7464,41,16,25,293,140,153,904,430,474,531,231,300,23,10,13,11777,5624,6153,453,198,255,2,1,1,217,127,90
221661,Total students enrolled for credit,3289,1313,1976,11,5,6,282,122,160,390,142,248,671,254,417,25,10,15,1643,666,977,139,55,84,0,0,0,128,59,69
221661,Undergraduate students,2754,1164,1590,7,3,4,260,116,144,306,122,184,615,236,379,21,9,12,1303,572,731,135,54,81,0,0,0,107,52,55
221661,Graduate student,535,149,386,4,2,2,22,6,16,84,20,64,56,18,38,4,1,3,340,94,246,4,1,3,0,0,0,21,7,14
221670,Total students enrolled for credit,532,199,333,4,4,0,53,18,35,15,3,12,5,3,2,0,0,0,428,163,265,17,5,12,2,1,1,8,2,6
221670,Graduate student,532,199,333,4,4,0,53,18,35,15,3,12,5,3,2,0,0,0,428,163,265,17,5,12,2,1,1,8,2,6
221731,Total students enrolled for credit,1186,445,741,0,0,0,7,3,4,88,54,34,51,33,18,0,0,0,932,308,624,27,11,16,29,5,24,52,31,21
221731,Undergraduate students,1151,431,720,0,0,0,7,3,4,88,54,34,51,33,18,0,0,0,899,295,604,27,11,16,27,4,23,52,31,21
221731,Graduate student,35,14,21,0,0,0,0,0,0,0,0,0,0,0,0,0,0,0,33,13,20,0,0,0,2,1,1,0,0,0
221740,Total students enrolled for credit,12844,5750,7094,30,13,17,282,114,168,1347,557,790,476,198,278,8,3,5,9690,4318,5372,617,285,332,139,73,66,255,189,66
221740,Undergraduate students,11164,5037,6127,27,13,14,237,100,137,1195,499,696,429,176,253,6,2,4,8437,3789,4648,534,248,286,103,55,48,196,155,41
221740,Graduate student,1680,713,967,3,0,3,45,14,31,152,58,94,47,22,25,2,1,1,1253,529,724,83,37,46,36,18,18,59,34,25
221759,Total students enrolled for credit,30680,15334,15346,73,35,38,976,525,451,1977,893,1084,1127,542,585,25,11,14,23305,11603,11702,821,367,454,966,459,507,1410,899,511
221759,Undergraduate students,23803,12053,11750,52,26,26,826,449,377,1611,753,858,878,419,459,18,7,11,18629,9478,9151,693,320,373,656,332,324,440,269,171
221759,Graduate student,6877,3281,3596,21,9,12,150,76,74,366,140,226,249,123,126,7,4,3,4676,2125,2551,128,47,81,310,127,183,970,630,340
221768,Total students enrolled for credit,7789,3177,4612,18,7,11,52,22,30,1047,373,674,188,72,116,0,0,0,6091,2477,3614,185,76,109,0,0,0,208,150,58
221768,Undergraduate students,7188,2976,4212,18,7,11,49,21,28,984,360,624,176,66,110,0,0,0,5584,2302,3282,174,74,100,0,0,0,203,146,57
221768,Graduate student,601,201,400,0,0,0,3,1,2,63,13,50,12,6,6,0,0,0,507,175,332,11,2,9,0,0,0,5,4,1
221795,Total students enrolled for credit,167,135,32,0,0,0,1,1,0,9,8,1,3,2,1,0,0,0,150,120,30,0,0,0,4,4,0,0,0,0
221795,Undergraduate students,167,135,32,0,0,0,1,1,0,9,8,1,3,2,1,0,0,0,150,120,30,0,0,0,4,4,0,0,0,0
221829,Total students enrolled for credit,348,12,336,2,0,2,11,5,6,9,0,9,8,0,8,6,0,6,312,7,305,0,0,0,0,0,0,0,0,0
221829,Undergraduate students,348,12,336,2,0,2,11,5,6,9,0,9,8,0,8,6,0,6,312,7,305,0,0,0,0,0,0,0,0,0
221838,Total students enrolled for credit,9820,2938,6882,8,2,6,96,20,76,6628,1724,4904,97,36,61,1,1,0,1722,343,1379,262,71,191,89,21,68,917,720,197
221838,Undergraduate students,8012,2612,5400,8,2,6,65,15,50,5840,1629,4211,86,32,54,0,0,0,1028,248,780,194,61,133,66,19,47,725,606,119
221838,Graduate student,1808,326,1482,0,0,0,31,5,26,788,95,693,11,4,7,1,1,0,694,95,599,68,10,58,23,2,21,192,114,78
221847,Total students enrolled for credit,11507,6222,5285,15,10,5,186,111,75,447,290,157,309,179,130,6,5,1,9272,4715,4557,349,203,146,102,66,36,821,643,178
221847,Undergraduate students,10215,5611,4604,13,10,3,175,103,72,395,263,132,286,170,116,4,4,0,8267,4286,3981,320,185,135,93,62,31,662,528,134
221847,Graduate student,1292,611,681,2,0,2,11,8,3,52,27,25,23,9,14,2,1,1,1005,429,576,29,18,11,9,4,5,159,115,44
221892,Total students enrolled for credit,4147,1507,2640,17,6,11,48,15,33,953,284,669,347,121,226,7,1,6,2372,932,1440,88,34,54,257,79,178,58,35,23
221892,Undergraduate students,2455,976,1479,9,4,5,29,10,19,367,124,243,285,101,184,4,1,3,1510,624,886,57,27,30,142,55,87,52,30,22
221892,Graduate student,1692,531,1161,8,2,6,19,5,14,586,160,426,62,20,42,3,0,3,862,308,554,31,7,24,115,24,91,6,5,1
221908,Total students enrolled for credit,7608,3630,3978,22,13,9,48,21,27,203,108,95,187,84,103,7,3,4,6886,3281,3605,177,77,100,66,38,28,12,5,7
221908,Undergraduate students,7608,3630,3978,22,13,9,48,21,27,203,108,95,187,84,103,7,3,4,6886,3281,3605,177,77,100,66,38,28,12,5,7
221953,Total students enrolled for credit,2180,972,1208,14,6,8,11,3,8,270,181,89,55,30,25,1,1,0,1656,655,1001,32,18,14,74,30,44,67,48,19
221953,Undergraduate students,1883,867,1016,9,4,5,9,3,6,256,177,79,51,27,24,1,1,0,1397,567,830,31,17,14,63,23,40,66,48,18
221953,Graduate student,297,105,192,5,2,3,2,0,2,14,4,10,4,3,1,0,0,0,259,88,171,1,1,0,11,7,4,1,0,1
221971,Total students enrolled for credit,4366,1447,2919,28,11,17,109,46,63,953,209,744,105,39,66,7,2,5,2974,1069,1905,0,0,0,184,67,117,6,4,2
221971,Undergraduate students,2853,952,1901,23,8,15,63,20,43,557,121,436,68,26,42,2,1,1,2016,734,1282,0,0,0,122,41,81,2,1,1
221971,Graduate student,1513,495,1018,5,3,2,46,26,20,396,88,308,37,13,24,5,1,4,958,335,623,0,0,0,62,26,36,4,3,1
221999,Total students enrolled for credit,13397,5985,7412,40,21,19,1145,622,523,1043,427,616,955,393,562,21,8,13,7740,3298,4442,536,221,315,530,269,261,1387,726,661
221999,Undergraduate students,7006,3461,3545,31,17,14,867,492,375,647,292,355,638,286,352,13,5,8,3606,1780,1826,346,149,197,351,183,168,507,257,250
221999,Graduate student,6391,2524,3867,9,4,5,278,130,148,396,135,261,317,107,210,8,3,5,4134,1518,2616,190,72,118,179,86,93,880,469,411
222053,Total students enrolled for credit,11544,4728,6816,46,18,28,176,75,101,967,383,584,602,237,365,10,4,6,8946,3629,5317,323,116,207,315,130,185,159,136,23
222053,Undergraduate students,11544,4728,6816,46,18,28,176,75,101,967,383,584,602,237,365,10,4,6,8946,3629,5317,323,116,207,315,130,185,159,136,23
222062,Total students enrolled for credit,7285,2841,4444,22,10,12,75,33,42,159,76,83,232,94,138,4,1,3,6593,2534,4059,149,69,80,9,3,6,42,21,21
222062,Undergraduate students,7285,2841,4444,22,10,12,75,33,42,159,76,83,232,94,138,4,1,3,6593,2534,4059,149,69,80,9,3,6,42,21,21
222099,Total students enrolled for credit,370,19,351,0,0,0,3,1,2,165,8,157,8,0,8,0,0,0,190,10,180,4,0,4,0,0,0,0,0,0
222099,Undergraduate students,370,19,351,0,0,0,3,1,2,165,8,157,8,0,8,0,0,0,190,10,180,4,0,4,0,0,0,0,0,0
222105,Total students enrolled for credit,401,390,11,0,0,0,12,12,0,186,181,5,27,27,0,0,0,0,173,167,6,3,3,0,0,0,0,0,0,0
222105,Undergraduate students,401,390,11,0,0,0,12,12,0,186,181,5,27,27,0,0,0,0,173,167,6,3,3,0,0,0,0,0,0,0
222178,Total students enrolled for credit,5566,2229,3337,19,8,11,55,20,35,718,283,435,865,305,560,6,3,3,3396,1348,2048,225,104,121,84,47,37,198,111,87
222178,Undergraduate students,3806,1583,2223,13,6,7,42,15,27,350,172,178,623,236,387,4,3,1,2420,971,1449,190,91,99,9,3,6,155,86,69
222178,Graduate student,1760,646,1114,6,2,4,13,5,8,368,111,257,242,69,173,2,0,2,976,377,599,35,13,22,75,44,31,43,25,18
222567,Total students enrolled for credit,8818,3842,4976,62,30,32,570,251,319,1216,544,672,2641,1128,1513,24,17,7,4069,1754,2315,0,0,0,126,62,64,110,56,54
222567,Undergraduate students,8818,3842,4976,62,30,32,570,251,319,1216,544,672,2641,1128,1513,24,17,7,4069,1754,2315,0,0,0,126,62,64,110,56,54
222576,Total students enrolled for credit,13023,4872,8151,70,24,46,341,145,196,677,253,424,5113,1859,3254,8,3,5,6433,2447,3986,237,83,154,144,58,86,0,0,0
222576,Undergraduate students,13023,4872,8151,70,24,46,341,145,196,677,253,424,5113,1859,3254,8,3,5,6433,2447,3986,237,83,154,144,58,86,0,0,0
222628,Total students enrolled for credit,2159,756,1403,8,3,5,129,68,61,624,173,451,200,53,147,2,1,1,994,357,637,0,0,0,50,15,35,152,86,66
222628,Undergraduate students,358,132,226,2,1,1,27,15,12,96,26,70,35,7,28,1,0,1,162,68,94,0,0,0,10,1,9,25,14,11
222628,Graduate student,1801,624,1177,6,2,4,102,53,49,528,147,381,165,46,119,1,1,0,832,289,543,0,0,0,40,14,26,127,72,55
222822,Total students enrolled for credit,6953,2643,4310,34,13,21,65,25,40,930,312,618,1661,706,955,8,4,4,4057,1509,2548,195,74,121,1,0,1,2,0,2
222822,Undergraduate students,6953,2643,4310,34,13,21,65,25,40,930,312,618,1661,706,955,8,4,4,4057,1509,2548,195,74,121,1,0,1,2,0,2
222831,Total students enrolled for credit,11025,4633,6392,45,17,28,150,73,77,780,385,395,3302,1330,1972,10,6,4,5829,2472,3357,264,122,142,309,87,222,336,141,195
222831,Undergraduate students,8728,3920,4808,36,15,21,118,60,58,568,314,254,2874,1211,1663,10,6,4,4561,2064,2497,242,109,133,8,6,2,311,135,176
222831,Graduate student,2297,713,1584,9,2,7,32,13,19,212,71,141,428,119,309,0,0,0,1268,408,860,22,13,9,301,81,220,25,6,19
222877,Total students enrolled for credit,234,138,96,5,2,3,1,0,1,63,39,24,27,21,6,1,1,0,134,73,61,0,0,0,2,1,1,1,1,0
222877,Undergraduate students,210,122,88,5,2,3,1,0,1,58,37,21,26,20,6,0,0,0,117,61,56,0,0,0,2,1,1,1,1,0
222877,Graduate student,24,16,8,0,0,0,0,0,0,5,2,3,1,1,0,1,1,0,17,12,5,0,0,0,0,0,0,0,0,0
222886,Total students enrolled for credit,359,30,329,0,0,0,8,2,6,163,18,145,83,4,79,0,0,0,102,5,97,0,0,0,1,1,0,2,0,2
222886,Undergraduate students,359,30,329,0,0,0,8,2,6,163,18,145,83,4,79,0,0,0,102,5,97,0,0,0,1,1,0,2,0,2
222938,Total students enrolled for credit,1934,1014,920,19,13,6,61,35,26,657,349,308,612,322,290,16,11,5,435,221,214,0,0,0,48,26,22,86,37,49
222938,Undergraduate students,1934,1014,920,19,13,6,61,35,26,657,349,308,612,322,290,16,11,5,435,221,214,0,0,0,48,26,22,86,37,49
222983,Total students enrolled for credit,1304,630,674,13,11,2,177,69,108,103,57,46,248,117,131,2,0,2,681,340,341,39,19,20,1,1,0,40,16,24
222983,Undergraduate students,1288,626,662,13,11,2,177,69,108,102,57,45,246,117,129,2,0,2,670,337,333,38,19,19,1,1,0,39,15,24
222983,Graduate student,16,4,12,0,0,0,0,0,0,1,0,1,2,0,2,0,0,0,11,3,8,1,0,1,0,0,0,1,1,0
222992,Total students enrolled for credit,64105,28715,35390,485,252,233,4326,1938,2388,4830,1941,2889,21630,9238,12392,126,68,58,28761,13397,15364,2454,1194,1260,522,233,289,971,454,517
222992,Undergraduate students,64105,28715,35390,485,252,233,4326,1938,2388,4830,1941,2889,21630,9238,12392,126,68,58,28761,13397,15364,2454,1194,1260,522,233,289,971,454,517
223001,Total students enrolled for credit,173,71,102,1,0,1,4,3,1,12,6,6,8,7,1,0,0,0,141,52,89,5,2,3,0,0,0,2,1,1
223001,Graduate student,173,71,102,1,0,1,4,3,1,12,6,6,8,7,1,0,0,0,141,52,89,5,2,3,0,0,0,2,1,1
223056,Total students enrolled for credit,118,6,112,0,0,0,1,0,1,5,0,5,41,2,39,0,0,0,66,4,62,2,0,2,3,0,3,0,0,0
223056,Undergraduate students,118,6,112,0,0,0,1,0,1,5,0,5,41,2,39,0,0,0,66,4,62,2,0,2,3,0,3,0,0,0
223083,Total students enrolled for credit,1114,214,900,11,2,9,51,16,35,90,11,79,447,84,363,9,2,7,449,91,358,57,8,49,0,0,0,0,0,0
223083,Undergraduate students,1106,213,893,11,2,9,51,16,35,90,11,79,442,84,358,9,2,7,447,91,356,56,7,49,0,0,0,0,0,0
223083,Graduate student,8,1,7,0,0,0,0,0,0,0,0,0,5,0,5,0,0,0,2,0,2,1,1,0,0,0,0,0,0,0
223117,Total students enrolled for credit,209,168,41,1,1,0,9,8,1,47,37,10,36,30,6,0,0,0,108,87,21,2,1,1,0,0,0,6,4,2
223117,Undergraduate students,104,85,19,0,0,0,2,2,0,21,16,5,29,24,5,0,0,0,48,39,9,1,1,0,0,0,0,3,3,0
223117,Graduate student,105,83,22,1,1,0,7,6,1,26,21,5,7,6,1,0,0,0,60,48,12,1,0,1,0,0,0,3,1,2
223223,Total students enrolled for credit,1635,772,863,3,3,0,400,196,204,65,23,42,172,92,80,2,1,1,774,353,421,3,0,3,8,4,4,208,100,108
223223,Graduate student,1635,772,863,3,3,0,400,196,204,65,23,42,172,92,80,2,1,1,774,353,421,3,0,3,8,4,4,208,100,108
223232,Total students enrolled for credit,18094,7994,10100,64,28,36,1002,464,538,1201,470,731,2486,1021,1465,10,5,5,11585,5142,6443,796,349,447,144,82,62,806,433,373
223232,Undergraduate students,14951,6288,8663,51,21,30,902,409,493,1005,379,626,2205,867,1338,6,2,4,9488,4013,5475,690,299,391,44,21,23,560,277,283
223232,Graduate student,3143,1706,1437,13,7,6,100,55,45,196,91,105,281,154,127,4,3,1,2097,1129,968,106,50,56,100,61,39,246,156,90
223320,Total students enrolled for credit,6636,2610,4026,11,4,7,39,22,17,141,60,81,4732,1827,2905,1,0,1,1648,668,980,34,20,14,29,8,21,1,1,0
223320,Undergraduate students,6636,2610,4026,11,4,7,39,22,17,141,60,81,4732,1827,2905,1,0,1,1648,668,980,34,20,14,29,8,21,1,1,0
223427,Total students enrolled for credit,27977,13246,14731,108,57,51,866,461,405,2482,1261,1221,5727,2581,3146,25,13,12,17267,8101,9166,934,444,490,401,222,179,167,106,61
223427,Undergraduate students,27977,13246,14731,108,57,51,866,461,405,2482,1261,1221,5727,2581,3146,25,13,12,17267,8101,9166,934,444,490,401,222,179,167,106,61
223463,Total students enrolled for credit,1458,444,1014,4,2,2,18,9,9,535,164,371,616,177,439,1,0,1,230,74,156,52,17,35,2,1,1,0,0,0
223463,Undergraduate students,1458,444,1014,4,2,2,18,9,9,535,164,371,616,177,439,1,0,1,230,74,156,52,17,35,2,1,1,0,0,0
223472,Total students enrolled for credit,387,39,348,3,0,3,3,2,1,40,3,37,144,12,132,4,0,4,143,20,123,21,0,21,29,2,27,0,0,0
223472,Undergraduate students,387,39,348,3,0,3,3,2,1,40,3,37,144,12,132,4,0,4,143,20,123,21,0,21,29,2,27,0,0,0
223506,Total students enrolled for credit,6346,3220,3126,15,9,6,76,40,36,447,236,211,2450,1209,1241,0,0,0,3055,1582,1473,202,90,112,96,51,45,5,3,2
223506,Undergraduate students,6346,3220,3126,15,9,6,76,40,36,447,236,211,2450,1209,1241,0,0,0,3055,1582,1473,202,90,112,96,51,45,5,3,2
223524,Total students enrolled for credit,25090,10450,14640,119,48,71,2915,1409,1506,4327,1489,2838,8623,3422,5201,32,17,15,7346,3259,4087,388,146,242,1206,587,619,134,73,61
223524,Undergraduate students,25090,10450,14640,119,48,71,2915,1409,1506,4327,1489,2838,8623,3422,5201,32,17,15,7346,3259,4087,388,146,242,1206,587,619,134,73,61
223773,Total students enrolled for credit,14373,5452,8921,71,36,35,789,389,400,5777,2066,3711,3787,1467,2320,12,7,5,3115,1136,1979,241,82,159,540,243,297,41,26,15
223773,Undergraduate students,14373,5452,8921,71,36,35,789,389,400,5777,2066,3711,3787,1467,2320,12,7,5,3115,1136,1979,241,82,159,540,243,297,41,26,15
223816,Total students enrolled for credit,32309,17769,14540,258,133,125,1056,575,481,8758,4587,4171,7206,3870,3336,468,254,214,12062,7013,5049,1318,646,672,1052,621,431,131,70,61
223816,Undergraduate students,32309,17769,14540,258,133,125,1056,575,481,8758,4587,4171,7206,3870,3336,468,254,214,12062,7013,5049,1318,646,672,1052,621,431,131,70,61
223852,Total students enrolled for credit,46,0,46,0,0,0,0,0,0,3,0,3,12,0,12,0,0,0,31,0,31,0,0,0,0,0,0,0,0,0
223852,Undergraduate students,46,0,46,0,0,0,0,0,0,3,0,3,12,0,12,0,0,0,31,0,31,0,0,0,0,0,0,0,0,0
223898,Total students enrolled for credit,4503,1796,2707,24,6,18,94,38,56,426,222,204,1006,373,633,8,4,4,2756,1079,1677,131,46,85,10,5,5,48,23,25
223898,Undergraduate students,4503,1796,2707,24,6,18,94,38,56,426,222,204,1006,373,633,8,4,4,2756,1079,1677,131,46,85,10,5,5,48,23,25
223922,Total students enrolled for credit,2969,1581,1388,36,24,12,17,9,8,316,234,82,566,260,306,5,3,2,1550,745,805,6,3,3,387,239,148,86,64,22
223922,Undergraduate students,2969,1581,1388,36,24,12,17,9,8,316,234,82,566,260,306,5,3,2,1550,745,805,6,3,3,387,239,148,86,64,22
224004,Total students enrolled for credit,3119,1099,2020,15,5,10,77,22,55,474,167,307,966,336,630,7,4,3,1250,434,816,50,21,29,258,101,157,22,9,13
224004,Undergraduate students,1979,720,1259,11,4,7,61,18,43,238,85,153,613,218,395,6,4,2,836,300,536,31,12,19,170,75,95,13,4,9
224004,Graduate student,1140,379,761,4,1,3,16,4,12,236,82,154,353,118,235,1,0,1,414,134,280,19,9,10,88,26,62,9,5,4
224013,Total students enrolled for credit,35,1,34,3,0,3,0,0,0,0,0,0,2,1,1,0,0,0,30,0,30,0,0,0,0,0,0,0,0,0
224013,Undergraduate students,35,1,34,3,0,3,0,0,0,0,0,0,2,1,1,0,0,0,30,0,30,0,0,0,0,0,0,0,0,0
224110,Total students enrolled for credit,14011,6110,7901,116,50,66,450,217,233,1310,533,777,2984,1259,1725,21,8,13,8347,3688,4659,488,225,263,98,46,52,197,84,113
224110,Undergraduate students,14011,6110,7901,116,50,66,450,217,233,1310,533,777,2984,1259,1725,21,8,13,8347,3688,4659,488,225,263,98,46,52,197,84,113
224147,Total students enrolled for credit,13649,5464,8185,37,17,20,383,174,209,787,296,491,6130,2302,3828,6,2,4,5322,2191,3131,245,90,155,130,62,68,609,330,279
224147,Undergraduate students,10798,4464,6334,26,12,14,258,121,137,620,240,380,5198,2023,3175,3,1,2,4088,1760,2328,206,80,126,99,49,50,300,178,122
224147,Graduate student,2851,1000,1851,11,5,6,125,53,72,167,56,111,932,279,653,3,1,2,1234,431,803,39,10,29,31,13,18,309,152,157
224156,Total students enrolled for credit,451,26,425,2,0,2,8,0,8,84,4,80,103,6,97,1,0,1,218,14,204,28,2,26,4,0,4,3,0,3
224156,Undergraduate students,451,26,425,2,0,2,8,0,8,84,4,80,103,6,97,1,0,1,218,14,204,28,2,26,4,0,4,3,0,3
224226,Total students enrolled for credit,6326,2535,3791,44,17,27,134,59,75,1177,376,801,857,321,536,13,6,7,3317,1390,1927,0,0,0,0,0,0,784,366,418
224226,Undergraduate students,3845,1606,2239,31,12,19,66,30,36,565,200,365,609,241,368,11,5,6,2163,912,1251,0,0,0,0,0,0,400,206,194
224226,Graduate student,2481,929,1552,13,5,8,68,29,39,612,176,436,248,80,168,2,1,1,1154,478,676,0,0,0,0,0,0,384,160,224
224244,Total students enrolled for credit,279,158,121,2,2,0,2,1,1,71,39,32,42,21,21,1,0,1,128,72,56,14,10,4,16,11,5,3,2,1
224244,Undergraduate students,271,157,114,2,2,0,2,1,1,69,39,30,41,21,20,1,0,1,124,71,53,14,10,4,15,11,4,3,2,1
224244,Graduate student,8,1,7,0,0,0,0,0,0,2,0,2,1,0,1,0,0,0,4,1,3,0,0,0,1,0,1,0,0,0
224271,Total students enrolled for credit,204,80,124,2,1,1,3,0,3,65,34,31,48,12,36,1,0,1,83,33,50,2,0,2,0,0,0,0,0,0
224271,Undergraduate students,204,80,124,2,1,1,3,0,3,65,34,31,48,12,36,1,0,1,83,33,50,2,0,2,0,0,0,0,0,0
224305,Total students enrolled for credit,2874,1840,1034,12,8,4,210,144,66,340,201,139,135,93,42,5,4,1,1599,1034,565,69,39,30,172,101,71,332,216,116
224305,Graduate student,2874,1840,1034,12,8,4,210,144,66,340,201,139,135,93,42,5,4,1,1599,1034,565,69,39,30,172,101,71,332,216,116
224323,Total students enrolled for credit,2742,1399,1343,10,5,5,215,112,103,228,127,101,472,216,256,6,0,6,1463,752,711,65,31,34,46,18,28,237,138,99
224323,Undergraduate students,1505,672,833,8,4,4,81,36,45,33,21,12,321,135,186,3,0,3,935,414,521,41,19,22,31,10,21,52,33,19
224323,Graduate student,1237,727,510,2,1,1,134,76,58,195,106,89,151,81,70,3,0,3,528,338,190,24,12,12,15,8,7,185,105,80
224350,Total students enrolled for credit,16192,7158,9034,34,16,18,292,127,165,501,252,249,10627,4617,6010,28,15,13,4034,1843,2191,602,260,342,48,18,30,26,10,16
224350,Undergraduate students,16192,7158,9034,34,16,18,292,127,165,501,252,249,10627,4617,6010,28,15,13,4034,1843,2191,602,260,342,48,18,30,26,10,16
224527,Total students enrolled for credit,1572,736,836,4,3,1,3,2,1,351,184,167,137,53,84,6,5,1,995,451,544,49,27,22,11,5,6,16,6,10
224527,Undergraduate students,1415,670,745,4,3,1,3,2,1,291,167,124,127,50,77,5,4,1,914,409,505,47,26,21,11,5,6,13,4,9
224527,Graduate student,157,66,91,0,0,0,0,0,0,60,17,43,10,3,7,1,1,0,81,42,39,2,1,1,0,0,0,3,2,1
224545,Total students enrolled for credit,2572,961,1611,15,6,9,34,18,16,393,105,288,280,100,180,5,2,3,1600,612,988,93,43,50,52,28,24,100,47,53
224545,Undergraduate students,1953,763,1190,11,4,7,27,14,13,294,79,215,241,87,154,5,2,3,1162,472,690,81,39,42,48,27,21,84,39,45
224545,Graduate student,619,198,421,4,2,2,7,4,3,99,26,73,39,13,26,0,0,0,438,140,298,12,4,8,4,1,3,16,8,8
224554,Total students enrolled for credit,16132,6349,9783,116,61,55,525,257,268,3104,1148,1956,2636,989,1647,22,8,14,7797,2914,4883,789,335,454,228,86,142,915,551,364
224554,Undergraduate students,9389,3774,5615,96,51,45,164,76,88,1981,809,1172,1806,694,1112,15,6,9,4511,1740,2771,585,264,321,86,46,40,145,88,57
224554,Graduate student,6743,2575,4168,20,10,10,361,181,180,1123,339,784,830,295,535,7,2,5,3286,1174,2112,204,71,133,142,40,102,770,463,307
224572,Total students enrolled for credit,26871,10570,16301,93,40,53,1612,762,850,6025,1971,4054,11235,4420,6815,54,32,22,6236,2667,3569,389,149,240,1160,488,672,67,41,26
224572,Undergraduate students,26871,10570,16301,93,40,53,1612,762,850,6025,1971,4054,11235,4420,6815,54,32,22,6236,2667,3569,389,149,240,1160,488,672,67,41,26
224615,Total students enrolled for credit,18750,6298,12452,84,27,57,1271,517,754,4589,1351,3238,8255,2718,5537,14,6,8,3429,1242,2187,261,92,169,784,316,468,63,29,34
224615,Undergraduate students,18750,6298,12452,84,27,57,1271,517,754,4589,1351,3238,8255,2718,5537,14,6,8,3429,1242,2187,261,92,169,784,316,468,63,29,34
224642,Total students enrolled for credit,39117,17220,21897,110,48,62,286,125,161,1018,503,515,33011,14302,18709,65,31,34,3096,1443,1653,66,26,40,630,280,350,835,462,373
224642,Undergraduate students,39117,17220,21897,110,48,62,286,125,161,1018,503,515,33011,14302,18709,65,31,34,3096,1443,1653,66,26,40,630,280,350,835,462,373
224660,Total students enrolled for credit,857,509,348,1,0,1,8,7,1,89,57,32,568,317,251,5,2,3,166,115,51,12,5,7,8,6,2,0,0,0
224660,Undergraduate students,857,509,348,1,0,1,8,7,1,89,57,32,568,317,251,5,2,3,166,115,51,12,5,7,8,6,2,0,0,0
224679,Total students enrolled for credit,1530,1317,213,5,4,1,5,5,0,67,61,6,1162,976,186,6,4,2,255,240,15,19,16,3,11,11,0,0,0,0
224679,Undergraduate students,1530,1317,213,5,4,1,5,5,0,67,61,6,1162,976,186,6,4,2,255,240,15,19,16,3,11,11,0,0,0,0
224712,Total students enrolled for credit,126,47,79,2,1,1,0,0,0,12,3,9,4,0,4,0,0,0,102,41,61,6,2,4,0,0,0,0,0,0
224712,Graduate student,126,47,79,2,1,1,0,0,0,12,3,9,4,0,4,0,0,0,102,41,61,6,2,4,0,0,0,0,0,0
224758,Total students enrolled for credit,58,1,57,0,0,0,0,0,0,2,0,2,19,1,18,0,0,0,37,0,37,0,0,0,0,0,0,0,0,0
224758,Undergraduate students,58,1,57,0,0,0,0,0,0,2,0,2,19,1,18,0,0,0,37,0,37,0,0,0,0,0,0,0,0,0
224776,Total students enrolled for credit,1191,594,597,6,4,2,39,15,24,201,94,107,318,157,161,19,7,12,389,214,175,46,20,26,149,76,73,24,7,17
224776,Undergraduate students,1183,591,592,6,4,2,39,15,24,201,94,107,317,157,160,19,7,12,387,213,174,46,20,26,146,74,72,22,7,15
224776,Graduate student,8,3,5,0,0,0,0,0,0,0,0,0,1,0,1,0,0,0,2,1,1,0,0,0,3,2,1,2,0,2
224828,Total students enrolled for credit,98,5,93,0,0,0,1,0,1,4,1,3,3,0,3,14,0,14,74,4,70,1,0,1,1,0,1,0,0,0
224828,Undergraduate students,98,5,93,0,0,0,1,0,1,4,1,3,3,0,3,14,0,14,74,4,70,1,0,1,1,0,1,0,0,0
224891,Total students enrolled for credit,1894,800,1094,26,10,16,4,2,2,65,41,24,625,268,357,2,1,1,1037,426,611,0,0,0,41,21,20,94,31,63
224891,Undergraduate students,1894,800,1094,26,10,16,4,2,2,65,41,24,625,268,357,2,1,1,1037,426,611,0,0,0,41,21,20,94,31,63
224961,Total students enrolled for credit,3286,1372,1914,11,5,6,82,39,43,492,186,306,1108,448,660,7,4,3,1459,621,838,22,12,10,70,35,35,35,22,13
224961,Undergraduate students,3286,1372,1914,11,5,6,82,39,43,492,186,306,1108,448,660,7,4,3,1459,621,838,22,12,10,70,35,35,35,22,13
225070,Total students enrolled for credit,5662,2271,3391,270,112,158,89,35,54,445,182,263,709,281,428,5,2,3,3929,1568,2361,0,0,0,183,74,109,32,17,15
225070,Undergraduate students,5662,2271,3391,270,112,158,89,35,54,445,182,263,709,281,428,5,2,3,3929,1568,2361,0,0,0,183,74,109,32,17,15
225201,Total students enrolled for credit,1082,760,322,33,15,18,21,13,8,129,95,34,505,347,158,15,9,6,306,227,79,52,36,16,20,17,3,1,1,0
225201,Undergraduate students,1063,748,315,33,15,18,21,13,8,127,93,34,493,340,153,15,9,6,302,225,77,51,35,16,20,17,3,1,1,0
225201,Graduate student,19,12,7,0,0,0,0,0,0,2,2,0,12,7,5,0,0,0,4,2,2,1,1,0,0,0,0,0,0,0
225247,Total students enrolled for credit,2441,1110,1331,4,2,2,30,14,16,177,115,62,401,171,230,3,1,2,1606,683,923,84,45,39,78,44,34,58,35,23
225247,Undergraduate students,1882,849,1033,4,2,2,21,9,12,134,85,49,328,139,189,3,1,2,1240,533,707,78,42,36,35,14,21,39,24,15
225247,Graduate student,559,261,298,0,0,0,9,5,4,43,30,13,73,32,41,0,0,0,366,150,216,6,3,3,43,30,13,19,11,8
225308,Total students enrolled for credit,10261,4536,5725,50,26,24,88,41,47,1404,812,592,507,311,196,9,3,6,6224,2496,3728,1753,705,1048,219,139,80,7,3,4
225308,Undergraduate students,10261,4536,5725,50,26,24,88,41,47,1404,812,592,507,311,196,9,3,6,6224,2496,3728,1753,705,1048,219,139,80,7,3,4
225371,Total students enrolled for credit,6418,2647,3771,33,17,16,172,94,78,356,151,205,1377,556,821,22,10,12,4156,1687,2469,174,75,99,65,32,33,63,25,38
225371,Undergraduate students,6418,2647,3771,33,17,16,172,94,78,356,151,205,1377,556,821,22,10,12,4156,1687,2469,174,75,99,65,32,33,63,25,38
225399,Total students enrolled for credit,3885,1343,2542,12,5,7,318,121,197,859,242,617,1059,340,719,7,2,5,1078,420,658,114,42,72,274,94,180,164,77,87
225399,Undergraduate students,2654,968,1686,8,4,4,259,97,162,477,168,309,828,279,549,6,2,4,693,272,421,94,34,60,201,71,130,88,41,47
225399,Graduate student,1231,375,856,4,1,3,59,24,35,382,74,308,231,61,170,1,0,1,385,148,237,20,8,12,73,23,50,76,36,40
225414,Total students enrolled for credit,10640,4096,6544,28,7,21,714,331,383,887,255,632,3181,970,2211,15,7,8,3942,1524,2418,281,107,174,116,66,50,1476,829,647
225414,Undergraduate students,7038,2534,4504,21,5,16,454,221,233,595,173,422,2621,809,1812,12,7,5,2938,1135,1803,212,82,130,86,52,34,99,50,49
225414,Graduate student,3602,1562,2040,7,2,5,260,110,150,292,82,210,560,161,399,3,0,3,1004,389,615,69,25,44,30,14,16,1377,779,598
225423,Total students enrolled for credit,84374,35885,48489,158,76,82,8596,4140,4456,25136,9019,16117,26991,11401,15590,166,82,84,12433,6015,6418,1401,565,836,1398,636,762,8095,3951,4144
225423,Undergraduate students,84374,35885,48489,158,76,82,8596,4140,4456,25136,9019,16117,26991,11401,15590,166,82,84,12433,6015,6418,1401,565,836,1398,636,762,8095,3951,4144
225432,Total students enrolled for credit,17513,7009,10504,60,23,37,1606,879,727,4079,1367,2712,7450,2753,4697,25,8,17,3034,1421,1613,210,94,116,213,106,107,836,358,478
225432,Undergraduate students,15569,6162,9407,54,20,34,1413,769,644,3427,1128,2299,6930,2542,4388,23,7,16,2615,1208,1407,183,80,103,180,92,88,744,316,428
225432,Graduate student,1944,847,1097,6,3,3,193,110,83,652,239,413,520,211,309,2,1,1,419,213,206,27,14,13,33,14,19,92,42,50
225502,Total students enrolled for credit,5188,1847,3341,14,7,7,442,200,242,918,310,608,1682,554,1128,8,6,2,1809,637,1172,132,53,79,25,9,16,158,71,87
225502,Undergraduate students,3683,1308,2375,12,6,6,258,110,148,602,213,389,1378,452,926,7,5,2,1270,453,817,88,38,50,14,5,9,54,26,28
225502,Graduate student,1505,539,966,2,1,1,184,90,94,316,97,219,304,102,202,1,1,0,539,184,355,44,15,29,11,4,7,104,45,59
225511,Total students enrolled for credit,50293,25446,24847,70,34,36,9956,5070,4886,4949,2149,2800,14515,6927,7588,91,52,39,13646,7385,6261,1493,739,754,762,347,415,4811,2743,2068
225511,Undergraduate students,40813,20690,20123,45,24,21,8764,4570,4194,4225,1905,2320,13413,6448,6965,84,50,34,10566,5828,4738,1365,680,685,519,235,284,1832,950,882
225511,Graduate student,9480,4756,4724,25,10,15,1192,500,692,724,244,480,1102,479,623,7,2,5,3080,1557,1523,128,59,69,243,112,131,2979,1793,1186
225520,Total students enrolled for credit,5738,2313,3425,32,17,15,45,27,18,200,102,98,2640,1013,1627,7,2,5,2627,1078,1549,125,40,85,33,22,11,29,12,17
225520,Undergraduate students,5738,2313,3425,32,17,15,45,27,18,200,102,98,2640,1013,1627,7,2,5,2627,1078,1549,125,40,85,33,22,11,29,12,17
225548,Total students enrolled for credit,1269,687,582,7,3,4,6,4,2,112,77,35,260,135,125,5,4,1,746,378,368,3,2,1,130,84,46,0,0,0
225548,Undergraduate students,1151,614,537,6,3,3,6,4,2,108,75,33,232,119,113,5,4,1,663,325,338,3,2,1,128,82,46,0,0,0
225548,Graduate student,118,73,45,1,0,1,0,0,0,4,2,2,28,16,12,0,0,0,83,53,30,0,0,0,2,2,0,0,0,0
225575,Total students enrolled for credit,1141,460,681,4,0,4,4,0,4,738,297,441,284,114,170,0,0,0,67,33,34,3,0,3,9,2,7,32,14,18
225575,Undergraduate students,1072,436,636,4,0,4,4,0,4,695,280,415,272,110,162,0,0,0,55,30,25,3,0,3,7,2,5,32,14,18
225575,Graduate student,69,24,45,0,0,0,0,0,0,43,17,26,12,4,8,0,0,0,12,3,9,0,0,0,2,0,2,0,0,0
225627,Total students enrolled for credit,11331,4806,6525,30,17,13,434,192,242,999,490,509,5686,2101,3585,44,25,19,2568,1214,1354,218,101,117,712,304,408,640,362,278
225627,Undergraduate students,7968,3314,4654,20,12,8,162,83,79,647,313,334,4379,1580,2799,27,15,12,1615,747,868,145,66,79,508,206,302,465,292,173
225627,Graduate student,3363,1492,1871,10,5,5,272,109,163,352,177,175,1307,521,786,17,10,7,953,467,486,73,35,38,204,98,106,175,70,105
225779,Total students enrolled for credit,61,15,46,0,0,0,0,0,0,1,0,1,58,14,44,0,0,0,2,1,1,0,0,0,0,0,0,0,0,0
225779,Undergraduate students,61,15,46,0,0,0,0,0,0,1,0,1,58,14,44,0,0,0,2,1,1,0,0,0,0,0,0,0,0,0
225788,Total students enrolled for credit,110,38,72,0,0,0,0,0,0,6,3,3,100,32,68,0,0,0,4,3,1,0,0,0,0,0,0,0,0,0
225788,Undergraduate students,110,38,72,0,0,0,0,0,0,6,3,3,100,32,68,0,0,0,4,3,1,0,0,0,0,0,0,0,0,0
225876,Total students enrolled for credit,934,388,546,2,1,1,19,3,16,144,58,86,282,123,159,0,0,0,380,135,245,33,15,18,17,9,8,57,44,13
225876,Undergraduate students,934,388,546,2,1,1,19,3,16,144,58,86,282,123,159,0,0,0,380,135,245,33,15,18,17,9,8,57,44,13
225885,Total students enrolled for credit,969,480,489,3,3,0,3,1,2,801,377,424,93,59,34,0,0,0,47,32,15,0,0,0,18,6,12,4,2,2
225885,Undergraduate students,969,480,489,3,3,0,3,1,2,801,377,424,93,59,34,0,0,0,47,32,15,0,0,0,18,6,12,4,2,2
225991,Total students enrolled for credit,121,68,53,0,0,0,2,2,0,50,23,27,19,12,7,2,1,1,24,16,8,8,5,3,15,8,7,1,1,0
225991,Undergraduate students,121,68,53,0,0,0,2,2,0,50,23,27,19,12,7,2,1,1,24,16,8,8,5,3,15,8,7,1,1,0
226019,Total students enrolled for credit,7980,3412,4568,35,16,19,96,42,54,1710,686,1024,1351,568,783,3,2,1,4254,1843,2411,257,122,135,155,68,87,119,65,54
226019,Undergraduate students,7980,3412,4568,35,16,19,96,42,54,1710,686,1024,1351,568,783,3,2,1,4254,1843,2411,257,122,135,155,68,87,119,65,54
226091,Total students enrolled for credit,20864,7731,13133,70,25,45,672,293,379,4611,1343,3268,3345,1188,2157,15,5,10,9747,3476,6271,447,170,277,713,246,467,1244,985,259
226091,Undergraduate students,11312,4689,6623,43,17,26,520,246,274,2787,960,1827,1783,782,1001,12,5,7,5165,2231,2934,278,123,155,548,208,340,176,117,59
226091,Graduate student,9552,3042,6510,27,8,19,152,47,105,1824,383,1441,1562,406,1156,3,0,3,4582,1245,3337,169,47,122,165,38,127,1068,868,200
226107,Total students enrolled for credit,3064,970,2094,31,16,15,55,25,30,601,129,472,201,83,118,3,0,3,2157,709,1448,0,0,0,16,8,8,0,0,0
226107,Undergraduate students,3064,970,2094,31,16,15,55,25,30,601,129,472,201,83,118,3,0,3,2157,709,1448,0,0,0,16,8,8,0,0,0
226116,Total students enrolled for credit,3013,1322,1691,13,7,6,170,83,87,856,350,506,865,386,479,2,1,1,1046,461,585,47,22,25,0,0,0,14,12,2
226116,Undergraduate students,3013,1322,1691,13,7,6,170,83,87,856,350,506,865,386,479,2,1,1,1046,461,585,47,22,25,0,0,0,14,12,2
226125,Total students enrolled for credit,211,28,183,0,0,0,0,0,0,0,0,0,211,28,183,0,0,0,0,0,0,0,0,0,0,0,0,0,0,0
226125,Undergraduate students,211,28,183,0,0,0,0,0,0,0,0,0,211,28,183,0,0,0,0,0,0,0,0,0,0,0,0,0,0,0
226134,Total students enrolled for credit,11814,5225,6589,4,1,3,38,25,13,15,7,8,11437,5026,6411,2,0,2,143,70,73,0,0,0,47,30,17,128,66,62
226134,Undergraduate students,11814,5225,6589,4,1,3,38,25,13,15,7,8,11437,5026,6411,2,0,2,143,70,73,0,0,0,47,30,17,128,66,62
226152,Total students enrolled for credit,8459,3381,5078,7,5,2,49,27,22,34,22,12,7843,3038,4805,2,1,1,184,83,101,25,8,17,20,11,9,295,186,109
226152,Undergraduate students,7371,2952,4419,7,5,2,35,18,17,25,18,7,6978,2755,4223,2,1,1,154,70,84,24,8,16,17,9,8,129,68,61
226152,Graduate student,1088,429,659,0,0,0,14,9,5,9,4,5,865,283,582,0,0,0,30,13,17,1,0,1,3,2,1,166,118,48
226204,Total students enrolled for credit,10236,5798,4438,30,19,11,124,64,60,1759,1050,709,3915,2117,1798,0,0,0,4016,2345,1671,228,120,108,130,65,65,34,18,16
226204,Undergraduate students,10236,5798,4438,30,19,11,124,64,60,1759,1050,709,3915,2117,1798,0,0,0,4016,2345,1671,228,120,108,130,65,65,34,18,16
226231,Total students enrolled for credit,3969,1797,2172,18,11,7,56,28,28,619,152,467,306,120,186,0,0,0,2347,1205,1142,306,112,194,192,83,109,125,86,39
226231,Undergraduate students,3210,1596,1614,13,9,4,46,24,22,366,101,265,244,104,140,0,0,0,2037,1110,927,226,96,130,169,81,88,109,71,38
226231,Graduate student,759,201,558,5,2,3,10,4,6,253,51,202,62,16,46,0,0,0,310,95,215,80,16,64,23,2,21,16,15,1
226277,Total students enrolled for credit,1391,1340,51,7,7,0,16,16,0,225,216,9,570,549,21,3,3,0,446,433,13,28,28,0,95,87,8,1,1,0
226277,Undergraduate students,1391,1340,51,7,7,0,16,16,0,225,216,9,570,549,21,3,3,0,446,433,13,28,28,0,95,87,8,1,1,0
226374,Total students enrolled for credit,88,73,15,0,0,0,0,0,0,13,11,2,65,56,9,0,0,0,10,6,4,0,0,0,0,0,0,0,0,0
226374,Undergraduate students,88,73,15,0,0,0,0,0,0,13,11,2,65,56,9,0,0,0,10,6,4,0,0,0,0,0,0,0,0,0
226383,Total students enrolled for credit,2239,769,1470,24,12,12,19,5,14,131,49,82,481,157,324,7,2,5,1533,523,1010,0,0,0,0,0,0,44,21,23
226383,Undergraduate students,1651,645,1006,23,11,12,10,5,5,86,42,44,376,139,237,6,2,4,1124,430,694,0,0,0,0,0,0,26,16,10
226383,Graduate student,588,124,464,1,1,0,9,0,9,45,7,38,105,18,87,1,0,1,409,93,316,0,0,0,0,0,0,18,5,13
226408,Total students enrolled for credit,5575,2338,3237,19,8,11,154,70,84,1030,367,663,1586,650,936,8,3,5,2695,1200,1495,23,10,13,36,17,19,24,13,11
226408,Undergraduate students,5575,2338,3237,19,8,11,154,70,84,1030,367,663,1586,650,936,8,3,5,2695,1200,1495,23,10,13,36,17,19,24,13,11
226471,Total students enrolled for credit,4232,1621,2611,26,12,14,62,19,43,620,255,365,799,278,521,14,6,8,2257,802,1455,107,36,71,72,31,41,275,182,93
226471,Undergraduate students,3500,1290,2210,26,12,14,54,17,37,521,224,297,718,243,475,14,6,8,1963,703,1260,96,34,62,64,27,37,44,24,20
226471,Graduate student,732,331,401,0,0,0,8,2,6,99,31,68,81,35,46,0,0,0,294,99,195,11,2,9,8,4,4,231,158,73
226578,Total students enrolled for credit,13752,4667,9085,45,14,31,396,189,207,1654,484,1170,3612,1183,2429,10,5,5,7485,2603,4882,428,144,284,121,45,76,1,0,1
226578,Undergraduate students,13752,4667,9085,45,14,31,396,189,207,1654,484,1170,3612,1183,2429,10,5,5,7485,2603,4882,428,144,284,121,45,76,1,0,1
226587,Total students enrolled for credit,1283,723,560,12,6,6,11,6,5,198,125,73,308,169,139,2,1,1,616,331,285,36,20,16,16,2,14,84,63,21
226587,Undergraduate students,1281,723,558,12,6,6,11,6,5,197,125,72,308,169,139,2,1,1,615,331,284,36,20,16,16,2,14,84,63,21
226587,Graduate student,2,0,2,0,0,0,0,0,0,1,0,1,0,0,0,0,0,0,1,0,1,0,0,0,0,0,0,0,0,0
226675,Total students enrolled for credit,382,61,321,1,1,0,10,4,6,18,5,13,97,21,76,0,0,0,221,24,197,11,0,11,24,6,18,0,0,0
226675,Undergraduate students,382,61,321,1,1,0,10,4,6,18,5,13,97,21,76,0,0,0,221,24,197,11,0,11,24,6,18,0,0,0
226806,Total students enrolled for credit,10103,4159,5944,39,22,17,463,215,248,585,230,355,3854,1578,2276,13,3,10,4762,1956,2806,166,61,105,199,88,111,22,6,16
226806,Undergraduate students,10103,4159,5944,39,22,17,463,215,248,585,230,355,3854,1578,2276,13,3,10,4762,1956,2806,166,61,105,199,88,111,22,6,16
226833,Total students enrolled for credit,7024,2894,4130,47,16,31,214,96,118,962,427,535,1187,490,697,16,11,5,3677,1441,2236,243,90,153,39,21,18,639,302,337
226833,Undergraduate students,6094,2584,3510,43,15,28,189,89,100,874,397,477,1099,469,630,14,10,4,3117,1267,1850,227,80,147,33,17,16,498,240,258
226833,Graduate student,930,310,620,4,1,3,25,7,18,88,30,58,88,21,67,2,1,1,560,174,386,16,10,6,6,4,2,141,62,79
226860,Total students enrolled for credit,60,3,57,0,0,0,3,0,3,6,0,6,31,2,29,0,0,0,20,1,19,0,0,0,0,0,0,0,0,0
226860,Undergraduate students,60,3,57,0,0,0,3,0,3,6,0,6,31,2,29,0,0,0,20,1,19,0,0,0,0,0,0,0,0,0
226879,Total students enrolled for credit,226,39,187,3,0,3,4,0,4,101,20,81,46,14,32,0,0,0,56,4,52,11,0,11,5,1,4,0,0,0
226879,Undergraduate students,226,39,187,3,0,3,4,0,4,101,20,81,46,14,32,0,0,0,56,4,52,11,0,11,5,1,4,0,0,0
226903,Total students enrolled for credit,727,205,522,4,3,1,2,1,1,76,19,57,384,87,297,0,0,0,93,29,64,9,4,5,159,62,97,0,0,0
226903,Undergraduate students,727,205,522,4,3,1,2,1,1,76,19,57,384,87,297,0,0,0,93,29,64,9,4,5,159,62,97,0,0,0
226930,Total students enrolled for credit,17102,7052,10050,51,20,31,1077,500,577,3849,1359,2490,8887,3678,5209,6,2,4,2178,981,1197,185,69,116,621,276,345,248,167,81
226930,Undergraduate students,17102,7052,10050,51,20,31,1077,500,577,3849,1359,2490,8887,3678,5209,6,2,4,2178,981,1197,185,69,116,621,276,345,248,167,81
227003,Total students enrolled for credit,298,159,139,2,2,0,6,2,4,49,29,20,179,99,80,1,1,0,45,23,22,8,1,7,8,2,6,0,0,0
227003,Undergraduate students,298,159,139,2,2,0,6,2,4,49,29,20,179,99,80,1,1,0,45,23,22,8,1,7,8,2,6,0,0,0
227058,Total students enrolled for credit,227,2,225,1,0,1,4,0,4,108,0,108,78,2,76,0,0,0,23,0,23,0,0,0,4,0,4,9,0,9
227058,Undergraduate students,227,2,225,1,0,1,4,0,4,108,0,108,78,2,76,0,0,0,23,0,23,0,0,0,4,0,4,9,0,9
227146,Total students enrolled for credit,13331,5675,7656,91,47,44,138,54,84,2533,1109,1424,2816,1200,1616,39,20,19,7318,3032,4286,184,85,99,41,23,18,171,105,66
227146,Undergraduate students,13331,5675,7656,91,47,44,138,54,84,2533,1109,1424,2816,1200,1616,39,20,19,7318,3032,4286,184,85,99,41,23,18,171,105,66
227155,Total students enrolled for credit,51,3,48,0,0,0,0,0,0,2,1,1,49,2,47,0,0,0,0,0,0,0,0,0,0,0,0,0,0,0
227155,Undergraduate students,51,3,48,0,0,0,0,0,0,2,1,1,49,2,47,0,0,0,0,0,0,0,0,0,0,0,0,0,0,0
227182,Total students enrolled for credit,110542,45934,64608,247,118,129,7504,3545,3959,17471,6216,11255,37468,15425,22043,0,0,0,37276,16016,21260,3700,1566,2134,2928,1299,1629,3948,1749,2199
227182,Undergraduate students,110542,45934,64608,247,118,129,7504,3545,3959,17471,6216,11255,37468,15425,22043,0,0,0,37276,16016,21260,3700,1566,2134,2928,1299,1629,3948,1749,2199
227191,Total students enrolled for credit,19051,8565,10486,77,33,44,3229,1723,1506,3511,1365,2146,6519,2717,3802,74,35,39,4281,2042,2239,298,123,175,915,435,480,147,92,55
227191,Undergraduate students,19051,8565,10486,77,33,44,3229,1723,1506,3511,1365,2146,6519,2717,3802,74,35,39,4281,2042,2239,298,123,175,915,435,480,147,92,55
227216,Total students enrolled for credit,43725,20482,23243,138,60,78,2379,1114,1265,5114,2236,2878,9269,4215,5054,40,22,18,20348,9583,10765,3157,1373,1784,397,233,164,2883,1646,1237
227216,Undergraduate students,35099,17020,18079,112,51,61,2047,1006,1041,4474,2006,2468,8147,3782,4365,32,19,13,16084,8037,8047,2518,1135,1383,282,183,99,1403,801,602
227216,Graduate student,8626,3462,5164,26,9,17,332,108,224,640,230,410,1122,433,689,8,3,5,4264,1546,2718,639,238,401,115,50,65,1480,845,635
227225,Total students enrolled for credit,4476,1834,2642,34,19,15,74,34,40,553,245,308,1130,471,659,7,2,5,2443,962,1481,100,35,65,18,11,7,117,55,62
227225,Undergraduate students,4476,1834,2642,34,19,15,74,34,40,553,245,308,1130,471,659,7,2,5,2443,962,1481,100,35,65,18,11,7,117,55,62
227289,Total students enrolled for credit,188,128,60,0,0,0,12,10,2,20,11,9,51,36,15,0,0,0,67,40,27,2,2,0,3,0,3,33,29,4
227289,Graduate student,188,128,60,0,0,0,12,10,2,20,11,9,51,36,15,0,0,0,67,40,27,2,2,0,3,0,3,33,29,4
227298,Total students enrolled for credit,410,386,24,1,1,0,13,13,0,120,111,9,73,69,4,4,4,0,190,179,11,9,9,0,0,0,0,0,0,0
227298,Undergraduate students,410,386,24,1,1,0,13,13,0,120,111,9,73,69,4,4,4,0,190,179,11,9,9,0,0,0,0,0,0,0
227304,Total students enrolled for credit,8523,3450,5073,41,20,21,110,50,60,517,250,267,5024,1955,3069,7,3,4,2671,1090,1581,4,1,3,80,40,40,69,41,28
227304,Undergraduate students,8523,3450,5073,41,20,21,110,50,60,517,250,267,5024,1955,3069,7,3,4,2671,1090,1581,4,1,3,80,40,40,69,41,28
227313,Total students enrolled for credit,362,9,353,2,0,2,2,0,2,188,6,182,85,1,84,0,0,0,67,2,65,10,0,10,8,0,8,0,0,0
227313,Undergraduate students,362,9,353,2,0,2,2,0,2,188,6,182,85,1,84,0,0,0,67,2,65,10,0,10,8,0,8,0,0,0
227322,Total students enrolled for credit,409,11,398,1,0,1,1,0,1,75,4,71,109,3,106,0,0,0,201,3,198,6,1,5,16,0,16,0,0,0
227322,Undergraduate students,409,11,398,1,0,1,1,0,1,75,4,71,109,3,106,0,0,0,201,3,198,6,1,5,16,0,16,0,0,0
227331,Total students enrolled for credit,4037,953,3084,22,2,20,30,10,20,668,112,556,2179,570,1609,8,1,7,894,205,689,62,13,49,156,30,126,18,10,8
227331,Undergraduate students,1462,453,1009,4,1,3,5,0,5,133,47,86,1078,310,768,2,0,2,161,65,96,25,8,17,42,14,28,12,8,4
227331,Graduate student,2575,500,2075,18,1,17,25,10,15,535,65,470,1101,260,841,6,1,5,733,140,593,37,5,32,114,16,98,6,2,4
227368,Total students enrolled for credit,32508,13940,18568,6,2,4,437,197,240,206,103,103,28710,12130,16580,19,10,9,1014,504,510,105,51,54,1147,465,682,864,478,386
227368,Undergraduate students,27807,12165,15642,4,0,4,349,166,183,138,75,63,25211,10906,14305,17,8,9,737,380,357,82,42,40,676,274,402,593,314,279
227368,Graduate student,4701,1775,2926,2,2,0,88,31,57,68,28,40,3499,1224,2275,2,2,0,277,124,153,23,9,14,471,191,280,271,164,107
227377,Total students enrolled for credit,6966,2983,3983,1,1,0,37,21,16,9,4,5,6561,2790,3771,0,0,0,211,108,103,12,4,8,68,26,42,67,29,38
227377,Undergraduate students,6966,2983,3983,1,1,0,37,21,16,9,4,5,6561,2790,3771,0,0,0,211,108,103,12,4,8,68,26,42,67,29,38
227386,Total students enrolled for credit,3510,1080,2430,14,2,12,22,16,6,802,146,656,395,123,272,0,0,0,2162,751,1411,49,12,37,0,0,0,66,30,36
227386,Undergraduate students,3510,1080,2430,14,2,12,22,16,6,802,146,656,395,123,272,0,0,0,2162,751,1411,49,12,37,0,0,0,66,30,36
227401,Total students enrolled for credit,6895,2755,4140,126,49,77,87,34,53,772,298,474,1036,444,592,5,3,2,4773,1885,2888,77,33,44,3,0,3,16,9,7
227401,Undergraduate students,6895,2755,4140,126,49,77,87,34,53,772,298,474,1036,444,592,5,3,2,4773,1885,2888,77,33,44,3,0,3,16,9,7
227429,Total students enrolled for credit,714,315,399,1,0,1,0,0,0,556,245,311,139,67,72,0,0,0,9,2,7,4,0,4,0,0,0,5,1,4
227429,Undergraduate students,714,315,399,1,0,1,0,0,0,556,245,311,139,67,72,0,0,0,9,2,7,4,0,4,0,0,0,5,1,4
227526,Total students enrolled for credit,9861,3899,5962,36,15,21,283,153,130,8084,3013,5071,743,323,420,8,3,5,266,136,130,85,35,50,34,12,22,322,209,113
227526,Undergraduate students,8105,3313,4792,33,14,19,213,127,86,6793,2648,4145,656,296,360,8,3,5,183,106,77,80,34,46,13,6,7,126,79,47
227526,Graduate student,1756,586,1170,3,1,2,70,26,44,1291,365,926,87,27,60,0,0,0,83,30,53,5,1,4,21,6,15,196,130,66
227687,Total students enrolled for credit,3031,1320,1711,21,6,15,22,14,8,160,93,67,369,169,200,0,0,0,2144,876,1268,231,113,118,11,5,6,73,44,29
227687,Undergraduate students,3031,1320,1711,21,6,15,22,14,8,160,93,67,369,169,200,0,0,0,2144,876,1268,231,113,118,11,5,6,73,44,29
227748,Total students enrolled for credit,472,435,37,4,4,0,33,32,1,129,116,13,142,131,11,2,2,0,106,97,9,42,40,2,12,11,1,2,2,0
227748,Undergraduate students,472,435,37,4,4,0,33,32,1,129,116,13,142,131,11,2,2,0,106,97,9,42,40,2,12,11,1,2,2,0
227757,Total students enrolled for credit,7251,4150,3101,10,5,5,1234,629,605,375,192,183,764,426,338,5,4,1,2709,1643,1066,229,115,114,196,107,89,1729,1029,700
227757,Undergraduate students,4036,2119,1917,5,2,3,969,467,502,281,146,135,579,326,253,3,2,1,1481,841,640,159,76,83,67,27,40,492,232,260
227757,Graduate student,3215,2031,1184,5,3,2,265,162,103,94,46,48,185,100,85,2,2,0,1228,802,426,70,39,31,129,80,49,1237,797,440
227766,Total students enrolled for credit,33497,14842,18655,118,46,72,5000,2400,2600,6607,2620,3987,10287,4323,5964,44,19,25,8789,4171,4618,526,215,311,1966,954,1012,160,94,66
227766,Undergraduate students,33497,14842,18655,118,46,72,5000,2400,2600,6607,2620,3987,10287,4323,5964,44,19,25,8789,4171,4618,526,215,311,1966,954,1012,160,94,66
227836,Total students enrolled for credit,738,228,510,0,0,0,0,0,0,0,0,0,723,224,499,0,0,0,9,1,8,0,0,0,6,3,3,0,0,0
227836,Undergraduate students,738,228,510,0,0,0,0,0,0,0,0,0,723,224,499,0,0,0,9,1,8,0,0,0,6,3,3,0,0,0
227845,Total students enrolled for credit,4989,1928,3061,21,7,14,158,47,111,226,68,158,1937,707,1230,8,2,6,1954,768,1186,166,56,110,134,50,84,385,223,162
227845,Undergraduate students,4300,1708,2592,19,6,13,136,41,95,177,55,122,1758,641,1117,6,1,5,1605,665,940,144,49,95,95,39,56,360,211,149
227845,Graduate student,689,220,469,2,1,1,22,6,16,49,13,36,179,66,113,2,1,1,349,103,246,22,7,15,39,11,28,25,12,13
227854,Total students enrolled for credit,21599,8936,12663,60,29,31,551,216,335,2113,868,1245,12123,4937,7186,29,9,20,5675,2393,3282,744,320,424,188,89,99,116,75,41
227854,Undergraduate students,21599,8936,12663,60,29,31,551,216,335,2113,868,1245,12123,4937,7186,29,9,20,5675,2393,3282,744,320,424,188,89,99,116,75,41
227863,Total students enrolled for credit,3799,1371,2428,5,1,4,316,120,196,429,98,331,1420,459,961,5,2,3,1099,460,639,64,24,40,89,36,53,372,171,201
227863,Undergraduate students,1979,828,1151,5,1,4,214,76,138,129,48,81,820,327,493,3,2,1,537,261,276,51,18,33,45,18,27,175,77,98
227863,Graduate student,1820,543,1277,0,0,0,102,44,58,300,50,250,600,132,468,2,0,2,562,199,363,13,6,7,44,18,26,197,94,103
227881,Total students enrolled for credit,23049,8673,14376,112,44,68,423,169,254,3984,1375,2609,4917,1716,3201,32,14,18,12095,4748,7347,681,244,437,443,180,263,362,183,179
227881,Undergraduate students,19784,7646,12138,106,42,64,343,135,208,3585,1274,2311,4245,1523,2722,31,14,17,10211,4143,6068,615,223,392,408,164,244,240,128,112
227881,Graduate student,3265,1027,2238,6,2,4,80,34,46,399,101,298,672,193,479,1,0,1,1884,605,1279,66,21,45,35,16,19,122,55,67
227924,Total students enrolled for credit,34787,14489,20298,79,38,41,936,418,518,2574,1120,1454,20800,8360,12440,42,23,19,8925,3921,5004,1160,474,686,18,9,9,253,126,127
227924,Undergraduate students,34787,14489,20298,79,38,41,936,418,518,2574,1120,1454,20800,8360,12440,42,23,19,8925,3921,5004,1160,474,686,18,9,9,253,126,127
227979,Total students enrolled for credit,42202,18139,24063,82,30,52,2274,1133,1141,4573,1689,2884,21999,9274,12725,56,21,35,11184,5029,6155,806,350,456,445,210,235,783,403,380
227979,Undergraduate students,42202,18139,24063,82,30,52,2274,1133,1141,4573,1689,2884,21999,9274,12725,56,21,35,11184,5029,6155,806,350,456,445,210,235,783,403,380
228042,Total students enrolled for credit,1497,595,902,5,2,3,17,4,13,62,19,43,512,197,315,0,0,0,815,345,470,32,10,22,44,15,29,10,3,7
228042,Undergraduate students,1382,558,824,4,1,3,17,4,13,55,15,40,484,189,295,0,0,0,749,326,423,30,10,20,33,10,23,10,3,7
228042,Graduate student,115,37,78,1,1,0,0,0,0,7,4,3,28,8,20,0,0,0,66,19,47,2,0,2,11,5,6,0,0,0
228088,Total students enrolled for credit,47,1,46,0,0,0,0,0,0,0,0,0,33,1,32,0,0,0,14,0,14,0,0,0,0,0,0,0,0,0
228088,Undergraduate students,47,1,46,0,0,0,0,0,0,0,0,0,33,1,32,0,0,0,14,0,14,0,0,0,0,0,0,0,0,0
228149,Total students enrolled for credit,3832,1860,1972,17,9,8,92,40,52,153,76,77,2163,949,1214,2,1,1,847,440,407,20,8,12,148,68,80,390,269,121
228149,Undergraduate students,2432,1149,1283,8,6,2,47,19,28,79,39,40,1617,695,922,2,1,1,342,175,167,18,8,10,87,39,48,232,167,65
228149,Graduate student,1400,711,689,9,3,6,45,21,24,74,37,37,546,254,292,0,0,0,505,265,240,2,0,2,61,29,32,158,102,56
228158,Total students enrolled for credit,13022,5747,7275,52,24,28,226,115,111,756,334,422,5387,2155,3232,6,4,2,6182,2910,3272,206,90,116,64,30,34,143,85,58
228158,Undergraduate students,13022,5747,7275,52,24,28,226,115,111,756,334,422,5387,2155,3232,6,4,2,6182,2910,3272,206,90,116,64,30,34,143,85,58
228185,Total students enrolled for credit,64,49,15,0,0,0,0,0,0,5,5,0,57,43,14,0,0,0,2,1,1,0,0,0,0,0,0,0,0,0
228185,Undergraduate students,64,49,15,0,0,0,0,0,0,5,5,0,57,43,14,0,0,0,2,1,1,0,0,0,0,0,0,0,0,0
228194,Total students enrolled for credit,1012,546,466,4,1,3,72,26,46,83,27,56,211,111,100,0,0,0,564,339,225,25,15,10,53,27,26,0,0,0
228194,Graduate student,1012,546,466,4,1,3,72,26,46,83,27,56,211,111,100,0,0,0,564,339,225,25,15,10,53,27,26,0,0,0
228200,Total students enrolled for credit,636,290,346,0,0,0,0,0,0,3,3,0,623,282,341,1,1,0,8,3,5,0,0,0,1,1,0,0,0,0
228200,Undergraduate students,636,290,346,0,0,0,0,0,0,3,3,0,623,282,341,1,1,0,8,3,5,0,0,0,1,1,0,0,0,0
228219,Total students enrolled for credit,660,173,487,0,0,0,1,0,1,0,0,0,650,170,480,0,0,0,9,3,6,0,0,0,0,0,0,0,0,0
228219,Undergraduate students,660,173,487,0,0,0,1,0,1,0,0,0,650,170,480,0,0,0,9,3,6,0,0,0,0,0,0,0,0,0
228246,Total students enrolled for credit,13012,6771,6241,40,16,24,833,428,405,865,400,465,1426,647,779,8,4,4,7469,3842,3627,360,180,180,103,59,44,1908,1195,713
228246,Undergraduate students,6917,3474,3443,23,8,15,456,221,235,357,183,174,779,372,407,4,1,3,4441,2229,2212,267,134,133,14,8,6,576,318,258
228246,Graduate student,6095,3297,2798,17,8,9,377,207,170,508,217,291,647,275,372,4,3,1,3028,1613,1415,93,46,47,89,51,38,1332,877,455
228282,Total students enrolled for credit,138,11,127,0,0,0,0,0,0,12,2,10,81,6,75,0,0,0,45,3,42,0,0,0,0,0,0,0,0,0
228282,Undergraduate students,138,11,127,0,0,0,0,0,0,12,2,10,81,6,75,0,0,0,45,3,42,0,0,0,0,0,0,0,0,0
228316,Total students enrolled for credit,8157,3399,4758,69,26,43,19,9,10,103,76,27,6936,2792,4144,3,2,1,931,444,487,30,21,9,66,29,37,0,0,0
228316,Undergraduate students,8157,3399,4758,69,26,43,19,9,10,103,76,27,6936,2792,4144,3,2,1,931,444,487,30,21,9,66,29,37,0,0,0
228325,Total students enrolled for credit,2522,1229,1293,89,47,42,23,11,12,316,198,118,469,211,258,15,7,8,1515,715,800,61,20,41,16,6,10,18,14,4
228325,Undergraduate students,2083,1003,1080,84,43,41,16,7,9,260,167,93,406,188,218,12,6,6,1219,556,663,57,19,38,16,6,10,13,11,2
228325,Graduate student,439,226,213,5,4,1,7,4,3,56,31,25,63,23,40,3,1,2,296,159,137,4,1,3,0,0,0,5,3,2
228343,Total students enrolled for credit,1536,650,886,6,3,3,58,15,43,83,49,34,326,133,193,3,2,1,954,399,555,53,29,24,15,8,7,38,12,26
228343,Undergraduate students,1536,650,886,6,3,3,58,15,43,83,49,34,326,133,193,3,2,1,954,399,555,53,29,24,15,8,7,38,12,26
228431,Total students enrolled for credit,14493,5197,9296,67,23,44,185,68,117,2693,922,1771,2341,811,1530,11,3,8,8460,3071,5389,485,190,295,110,46,64,141,63,78
228431,Undergraduate students,12149,4513,7636,61,22,39,153,58,95,2322,839,1483,2097,744,1353,7,2,5,6933,2610,4323,409,166,243,89,40,49,78,32,46
228431,Graduate student,2344,684,1660,6,1,5,32,10,22,371,83,288,244,67,177,4,1,3,1527,461,1066,76,24,52,21,6,15,63,31,32
228459,Total students enrolled for credit,43018,18200,24818,124,63,61,995,432,563,3982,1656,2326,14819,6048,8771,62,25,37,20742,9006,11736,1448,586,862,206,92,114,640,292,348
228459,Undergraduate students,37449,16210,21239,107,56,51,831,377,454,3562,1538,2024,13448,5569,7879,59,25,34,17775,7922,9853,1308,545,763,141,71,70,218,107,111
228459,Graduate student,5569,1990,3579,17,7,10,164,55,109,420,118,302,1371,479,892,3,0,3,2967,1084,1883,140,41,99,65,21,44,422,185,237
228468,Total students enrolled for credit,1015,409,606,2,1,1,40,21,19,153,63,90,428,162,266,20,14,6,238,96,142,37,18,19,25,7,18,72,27,45
228468,Undergraduate students,975,399,576,2,1,1,38,20,18,149,62,87,412,160,252,20,14,6,227,92,135,35,18,17,22,6,16,70,26,44
228468,Graduate student,40,10,30,0,0,0,2,1,1,4,1,3,16,2,14,0,0,0,11,4,7,2,0,2,3,1,2,2,1,1
228486,Total students enrolled for credit,150,77,73,2,0,2,0,0,0,114,53,61,18,15,3,0,0,0,2,0,2,4,2,2,5,3,2,5,4,1
228486,Undergraduate students,150,77,73,2,0,2,0,0,0,114,53,61,18,15,3,0,0,0,2,0,2,4,2,2,5,3,2,5,4,1
228501,Total students enrolled for credit,3760,1527,2233,18,9,9,12,2,10,220,167,53,2352,829,1523,2,1,1,1054,466,588,57,33,24,42,18,24,3,2,1
228501,Undergraduate students,2749,1123,1626,14,7,7,8,1,7,168,133,35,1822,649,1173,2,1,1,660,293,367,40,25,15,34,14,20,1,0,1
228501,Graduate student,1011,404,607,4,2,2,4,1,3,52,34,18,530,180,350,0,0,0,394,173,221,17,8,9,8,4,4,2,2,0
228529,Total students enrolled for credit,14978,5827,9151,87,39,48,195,78,117,1333,519,814,2718,995,1723,15,8,7,9969,3924,6045,466,164,302,120,64,56,75,36,39
228529,Undergraduate students,12853,5036,7817,78,36,42,161,60,101,1098,434,664,2456,904,1552,14,7,7,8507,3381,5126,405,146,259,89,49,40,45,19,26
228529,Graduate student,2125,791,1334,9,3,6,34,18,16,235,85,150,262,91,171,1,1,0,1462,543,919,61,18,43,31,15,16,30,17,13
228547,Total students enrolled for credit,76569,32300,44269,296,131,165,4918,2360,2558,13997,5231,8766,23087,9409,13678,146,77,69,30337,13421,16916,2028,856,1172,1029,475,554,731,340,391
228547,Undergraduate students,76569,32300,44269,296,131,165,4918,2360,2558,13997,5231,8766,23087,9409,13678,146,77,69,30337,13421,16916,2028,856,1172,1029,475,554,731,340,391
228608,Total students enrolled for credit,6716,2302,4414,44,13,31,133,47,86,1068,364,704,1770,600,1170,27,13,14,3525,1212,2313,23,11,12,120,38,82,6,4,2
228608,Undergraduate students,6716,2302,4414,44,13,31,133,47,86,1068,364,704,1770,600,1170,27,13,14,3525,1212,2313,23,11,12,120,38,82,6,4,2
228635,Total students enrolled for credit,2456,1212,1244,3,1,2,433,197,236,69,29,40,207,112,95,1,0,1,821,352,469,48,18,30,219,116,103,655,387,268
228635,Graduate student,2456,1212,1244,3,1,2,433,197,236,69,29,40,207,112,95,1,0,1,821,352,469,48,18,30,219,116,103,655,387,268
228644,Total students enrolled for credit,3848,1605,2243,7,3,4,454,165,289,182,73,109,1173,445,728,3,1,2,1636,763,873,120,44,76,137,58,79,136,53,83
228644,Undergraduate students,1319,540,779,4,2,2,93,29,64,50,26,24,512,188,324,1,1,0,571,268,303,48,13,35,30,12,18,10,1,9
228644,Graduate student,2529,1065,1464,3,1,2,361,136,225,132,47,85,661,257,404,2,0,2,1065,495,570,72,31,41,107,46,61,126,52,74
228653,Total students enrolled for credit,3808,1147,2661,4,2,2,629,220,409,318,75,243,639,203,436,5,3,2,1805,479,1326,93,38,55,159,44,115,156,83,73
228653,Undergraduate students,968,164,804,1,0,1,158,46,112,88,24,64,190,28,162,3,2,1,454,52,402,23,2,21,31,7,24,20,3,17
228653,Graduate student,2840,983,1857,3,2,1,471,174,297,230,51,179,449,175,274,2,1,1,1351,427,924,70,36,34,128,37,91,136,80,56
228699,Total students enrolled for credit,5669,2196,3473,37,14,23,68,32,36,1192,351,841,401,155,246,6,3,3,3604,1490,2114,228,97,131,86,31,55,47,23,24
228699,Undergraduate students,5669,2196,3473,37,14,23,68,32,36,1192,351,841,401,155,246,6,3,3,3604,1490,2114,228,97,131,86,31,55,47,23,24
228705,Total students enrolled for credit,10692,5823,4869,11,6,5,91,55,36,505,323,182,6491,2970,3521,11,5,6,1494,832,662,47,20,27,42,26,16,2000,1586,414
228705,Undergraduate students,7706,3986,3720,7,4,3,63,38,25,438,285,153,5685,2729,2956,10,4,6,1189,689,500,38,18,20,30,19,11,246,200,46
228705,Graduate student,2986,1837,1149,4,2,2,28,17,11,67,38,29,806,241,565,1,1,0,305,143,162,9,2,7,12,7,5,1754,1386,368
228723,Total students enrolled for credit,70245,36742,33503,162,95,67,4528,2463,2065,2358,1056,1302,13942,6909,7033,74,35,39,41026,21167,19859,1906,938,968,390,220,170,5859,3859,2000
228723,Undergraduate students,53515,27592,25923,140,87,53,3314,1843,1471,1694,784,910,12077,6039,6038,59,28,31,33667,17399,16268,1618,797,821,94,56,38,852,559,293
228723,Graduate student,16730,9150,7580,22,8,14,1214,620,594,664,272,392,1865,870,995,15,7,8,7359,3768,3591,288,141,147,296,164,132,5007,3300,1707
228769,Total students enrolled for credit,59019,21090,37929,171,54,117,5425,2285,3140,8881,2268,6613,13032,4487,8545,112,30,82,23009,7113,15896,1801,657,1144,418,132,286,6170,4064,2106
228769,Undergraduate students,42966,15193,27773,138,46,92,4486,2019,2467,6842,1891,4951,10838,3931,6907,96,28,68,17080,5630,11450,1454,555,899,195,60,135,1837,1033,804
228769,Graduate student,16053,5897,10156,33,8,25,939,266,673,2039,377,1662,2194,556,1638,16,2,14,5929,1483,4446,347,102,245,223,72,151,4333,3031,1302
228778,Total students enrolled for credit,55008,26722,28286,85,52,33,9603,4915,4688,2166,833,1333,11020,4895,6125,70,29,41,23845,11493,12352,1797,801,996,704,350,354,5718,3354,2364
228778,Undergraduate students,42827,20408,22419,64,41,23,8682,4477,4205,1780,684,1096,9712,4308,5404,62,26,36,18186,8688,9498,1537,675,862,382,198,184,2422,1311,1111
228778,Graduate student,12181,6314,5867,21,11,10,921,438,483,386,149,237,1308,587,721,8,3,5,5659,2805,2854,260,126,134,322,152,170,3296,2043,1253
228787,Total students enrolled for credit,29645,16823,12822,68,35,33,6294,3385,2909,1504,751,753,4034,2137,1897,46,23,23,9289,5533,3756,983,518,465,667,343,324,6760,4098,2662
228787,Undergraduate students,18764,10698,8066,46,26,20,5415,2942,2473,1132,586,546,3505,1873,1632,45,23,22,6736,4188,2548,803,435,368,394,198,196,688,427,261
228787,Graduate student,10881,6125,4756,22,9,13,879,443,436,372,165,207,529,264,265,1,0,1,2553,1345,1208,180,83,97,273,145,128,6072,3671,2401
228796,Total students enrolled for credit,28878,13330,15548,47,21,26,298,123,175,839,415,424,22893,10177,12716,43,28,15,2418,1181,1237,211,108,103,169,91,78,1960,1186,774
228796,Undergraduate students,24386,11375,13011,35,16,19,221,94,127,660,359,301,20118,9066,11052,35,23,12,1679,861,818,209,107,102,130,77,53,1299,772,527
228796,Graduate student,4492,1955,2537,12,5,7,77,29,48,179,56,123,2775,1111,1664,8,5,3,739,320,419,2,1,1,39,14,25,661,414,247
228802,Total students enrolled for credit,12052,4849,7203,40,17,23,466,211,255,1363,453,910,1989,844,1145,9,5,4,7022,2738,4284,570,222,348,235,115,120,358,244,114
228802,Undergraduate students,8110,3566,4544,27,13,14,281,139,142,793,289,504,1453,658,795,5,3,2,4811,2090,2721,429,182,247,161,89,72,150,103,47
228802,Graduate student,3942,1283,2659,13,4,9,185,72,113,570,164,406,536,186,350,4,2,2,2211,648,1563,141,40,101,74,26,48,208,141,67
228866,Total students enrolled for credit,323,162,161,2,0,2,28,14,14,47,13,34,49,29,20,1,1,0,169,91,78,10,5,5,11,4,7,6,5,1
228866,Graduate student,323,162,161,2,0,2,28,14,14,47,13,34,49,29,20,1,1,0,169,91,78,10,5,5,11,4,7,6,5,1
228875,Total students enrolled for credit,10955,4431,6524,87,39,48,318,114,204,554,241,313,1336,540,796,24,13,11,7713,3050,4663,68,17,51,299,141,158,556,276,280
228875,Undergraduate students,9258,3703,5555,77,34,43,261,97,164,470,208,262,1155,462,693,19,9,10,6612,2578,4034,33,13,20,184,83,101,447,219,228
228875,Graduate student,1697,728,969,10,5,5,57,17,40,84,33,51,181,78,103,5,4,1,1101,472,629,35,4,31,115,58,57,109,57,52
228884,Total students enrolled for credit,1061,631,430,1,0,1,2,2,0,905,525,380,82,57,25,0,0,0,26,19,7,20,11,9,4,4,0,21,13,8
228884,Undergraduate students,1061,631,430,1,0,1,2,2,0,905,525,380,82,57,25,0,0,0,26,19,7,20,11,9,4,4,0,21,13,8
228909,Total students enrolled for credit,2590,1092,1498,22,11,11,669,301,368,241,70,171,331,146,185,13,6,7,1110,474,636,0,0,0,38,12,26,166,72,94
228909,Graduate student,2590,1092,1498,22,11,11,669,301,368,241,70,171,331,146,185,13,6,7,1110,474,636,0,0,0,38,12,26,166,72,94
228981,Total students enrolled for credit,1382,662,720,4,2,2,10,5,5,127,85,42,434,208,226,1,0,1,754,338,416,11,3,8,35,18,17,6,3,3
228981,Undergraduate students,1331,637,694,4,2,2,9,5,4,126,85,41,423,203,220,1,0,1,717,319,398,11,3,8,34,17,17,6,3,3
228981,Graduate student,51,25,26,0,0,0,1,0,1,1,0,1,11,5,6,0,0,0,37,19,18,0,0,0,1,1,0,0,0,0
229018,Total students enrolled for credit,9148,3762,5386,59,32,27,343,157,186,540,233,307,3695,1468,2227,19,11,8,3531,1450,2081,104,44,60,816,340,476,41,27,14
229018,Undergraduate students,7594,3230,4364,47,25,22,297,140,157,434,195,239,3162,1316,1846,16,9,7,2829,1188,1641,78,30,48,700,303,397,31,24,7
229018,Graduate student,1554,532,1022,12,7,5,46,17,29,106,38,68,533,152,381,3,2,1,702,262,440,26,14,12,116,37,79,10,3,7
229027,Total students enrolled for credit,32871,16191,16680,52,22,30,1706,848,858,2818,1208,1610,16904,7941,8963,60,32,28,8490,4545,3945,987,482,505,555,287,268,1299,826,473
229027,Undergraduate students,27880,14003,13877,46,22,24,1515,755,760,2516,1094,1422,14994,7245,7749,53,28,25,6952,3842,3110,895,444,451,236,132,104,673,441,232
229027,Graduate student,4991,2188,2803,6,0,6,191,93,98,302,114,188,1910,696,1214,7,4,3,1538,703,835,92,38,54,319,155,164,626,385,241
229036,Total students enrolled for credit,632,59,573,2,0,2,9,2,7,226,20,206,276,29,247,0,0,0,80,4,76,9,0,9,30,4,26,0,0,0
229036,Undergraduate students,632,59,573,2,0,2,9,2,7,226,20,206,276,29,247,0,0,0,80,4,76,9,0,9,30,4,26,0,0,0
229063,Total students enrolled for credit,10674,4681,5993,84,35,49,404,167,237,8130,3261,4869,683,317,366,9,3,6,393,178,215,4,1,3,35,17,18,932,702,230
229063,Undergraduate students,8075,3641,4434,77,33,44,156,66,90,6374,2606,3768,435,198,237,7,3,4,230,105,125,3,0,3,32,15,17,761,615,146
229063,Graduate student,2599,1040,1559,7,2,5,248,101,147,1756,655,1101,248,119,129,2,0,2,163,73,90,1,1,0,3,2,1,171,87,84
229115,Total students enrolled for credit,40105,21325,18780,129,64,65,948,546,402,2422,1339,1083,8995,4550,4445,45,25,20,22881,11988,10893,930,472,458,302,166,136,3453,2175,1278
229115,Undergraduate students,32154,17553,14601,110,56,54,791,468,323,2058,1188,870,7877,4082,3795,43,23,20,18692,10092,8600,735,384,351,170,123,47,1678,1137,541
229115,Graduate student,7951,3772,4179,19,8,11,157,78,79,364,151,213,1118,468,650,2,2,0,4189,1896,2293,195,88,107,132,43,89,1775,1038,737
229160,Total students enrolled for credit,2952,1317,1635,20,8,12,57,16,41,409,173,236,685,270,415,2,2,0,1138,471,667,142,45,97,110,47,63,389,285,104
229160,Undergraduate students,2157,1054,1103,14,6,8,25,7,18,308,153,155,569,233,336,0,0,0,725,324,401,111,37,74,56,32,24,349,262,87
229160,Graduate student,795,263,532,6,2,4,32,9,23,101,20,81,116,37,79,2,2,0,413,147,266,31,8,23,54,15,39,40,23,17
229179,Total students enrolled for credit,18819,2319,16500,73,9,64,1685,273,1412,3404,284,3120,4357,530,3827,28,3,25,8142,1056,7086,626,82,544,209,27,182,295,55,240
229179,Undergraduate students,12020,1499,10521,44,8,36,1003,168,835,2212,161,2051,3309,392,2917,17,1,16,4791,680,4111,460,66,394,100,17,83,84,6,78
229179,Graduate student,6799,820,5979,29,1,28,682,105,577,1192,123,1069,1048,138,910,11,2,9,3351,376,2975,166,16,150,109,10,99,211,49,162
229267,Total students enrolled for credit,2652,1236,1416,8,2,6,156,73,83,123,66,57,575,242,333,0,0,0,1432,684,748,119,54,65,66,25,41,173,90,83
229267,Undergraduate students,2406,1135,1271,7,2,5,144,65,79,100,57,43,499,222,277,0,0,0,1316,629,687,114,51,63,57,22,35,169,87,82
229267,Graduate student,246,101,145,1,0,1,12,8,4,23,9,14,76,20,56,0,0,0,116,55,61,5,3,2,9,3,6,4,3,1
229300,Total students enrolled for credit,6132,1926,4206,11,3,8,1081,354,727,655,130,525,1042,286,756,12,4,8,2340,760,1580,147,40,107,215,83,132,629,266,363
229300,Undergraduate students,969,145,824,2,1,1,165,37,128,112,12,100,274,35,239,5,2,3,353,48,305,27,6,21,16,2,14,15,2,13
229300,Graduate student,5163,1781,3382,9,2,7,916,317,599,543,118,425,768,251,517,7,2,5,1987,712,1275,120,34,86,199,81,118,614,264,350
229337,Total students enrolled for credit,7332,2009,5323,25,8,17,841,363,478,426,110,316,1228,387,841,15,2,13,3219,867,2352,179,52,127,1389,215,1174,10,5,5
229337,Undergraduate students,2750,377,2373,11,2,9,82,21,61,159,24,135,458,86,372,2,0,2,986,134,852,74,12,62,976,98,878,2,0,2
229337,Graduate student,4582,1632,2950,14,6,8,759,342,417,267,86,181,770,301,469,13,2,11,2233,733,1500,105,40,65,413,117,296,8,5,3
229355,Total students enrolled for credit,16046,6739,9307,190,90,100,286,128,158,3398,1444,1954,3250,1350,1900,60,34,26,8789,3655,5134,1,0,1,0,0,0,72,38,34
229355,Undergraduate students,16046,6739,9307,190,90,100,286,128,158,3398,1444,1954,3250,1350,1900,60,34,26,8789,3655,5134,1,0,1,0,0,0,72,38,34
229416,Total students enrolled for credit,2256,2178,78,8,8,0,45,43,2,334,323,11,927,904,23,9,8,1,727,695,32,139,133,6,65,62,3,2,2,0
229416,Undergraduate students,2256,2178,78,8,8,0,45,43,2,334,323,11,927,904,23,9,8,1,727,695,32,139,133,6,65,62,3,2,2,0
229425,Total students enrolled for credit,285,8,277,0,0,0,0,0,0,0,0,0,276,7,269,0,0,0,0,0,0,0,0,0,0,0,0,9,1,8
229425,Undergraduate students,285,8,277,0,0,0,0,0,0,0,0,0,276,7,269,0,0,0,0,0,0,0,0,0,0,0,0,9,1,8
229504,Total students enrolled for credit,6527,2877,3650,65,27,38,127,68,59,627,243,384,1256,481,775,3,0,3,4218,1976,2242,157,57,100,57,21,36,17,4,13
229504,Undergraduate students,6527,2877,3650,65,27,38,127,68,59,627,243,384,1256,481,775,3,0,3,4218,1976,2242,157,57,100,57,21,36,17,4,13
229522,Total students enrolled for credit,201,30,171,0,0,0,0,0,0,22,7,15,110,18,92,0,0,0,62,3,59,7,2,5,0,0,0,0,0,0
229522,Undergraduate students,201,30,171,0,0,0,0,0,0,22,7,15,110,18,92,0,0,0,62,3,59,7,2,5,0,0,0,0,0,0
229540,Total students enrolled for credit,5402,1832,3570,14,5,9,109,43,66,313,92,221,2424,763,1661,4,2,2,2437,885,1552,76,28,48,25,14,11,0,0,0
229540,Undergraduate students,5402,1832,3570,14,5,9,109,43,66,313,92,221,2424,763,1661,4,2,2,2437,885,1552,76,28,48,25,14,11,0,0,0
229656,Total students enrolled for credit,508,24,484,1,0,1,1,0,1,18,2,16,446,20,426,0,0,0,38,1,37,1,1,0,3,0,3,0,0,0
229656,Undergraduate students,508,24,484,1,0,1,1,0,1,18,2,16,446,20,426,0,0,0,38,1,37,1,1,0,3,0,3,0,0,0
229780,Total students enrolled for credit,7637,3825,3812,84,45,39,181,87,94,1355,694,661,2044,879,1165,101,56,45,3185,1697,1488,343,175,168,232,115,117,112,77,35
229780,Undergraduate students,5603,2836,2767,63,35,28,122,58,64,991,512,479,1585,682,903,79,43,36,2238,1218,1020,240,119,121,185,98,87,100,71,29
229780,Graduate student,2034,989,1045,21,10,11,59,29,30,364,182,182,459,197,262,22,13,9,947,479,468,103,56,47,47,17,30,12,6,6
229799,Total students enrolled for credit,8188,3197,4991,47,18,29,85,30,55,248,96,152,1356,525,831,9,2,7,6037,2326,3711,188,79,109,98,40,58,120,81,39
229799,Undergraduate students,8188,3197,4991,47,18,29,85,30,55,248,96,152,1356,525,831,9,2,7,6037,2326,3711,188,79,109,98,40,58,120,81,39
229814,Total students enrolled for credit,11757,5179,6578,62,27,35,361,181,180,683,358,325,2807,1175,1632,19,9,10,7082,3059,4023,273,110,163,180,98,82,290,162,128
229814,Undergraduate students,8447,3676,4771,45,21,24,141,54,87,446,237,209,2257,953,1304,11,7,4,5052,2167,2885,205,79,126,139,73,66,151,85,66
229814,Graduate student,3310,1503,1807,17,6,11,220,127,93,237,121,116,550,222,328,8,2,6,2030,892,1138,68,31,37,41,25,16,139,77,62
229832,Total students enrolled for credit,4873,2481,2392,17,11,6,226,138,88,238,149,89,1190,596,594,5,2,3,3001,1474,1527,112,55,57,0,0,0,84,56,28
229832,Undergraduate students,4873,2481,2392,17,11,6,226,138,88,238,149,89,1190,596,594,5,2,3,3001,1474,1527,112,55,57,0,0,0,84,56,28
229841,Total students enrolled for credit,10063,4442,5621,36,22,14,1295,653,642,1355,556,799,3594,1493,2101,27,9,18,3602,1645,1957,142,60,82,8,3,5,4,1,3
229841,Undergraduate students,10063,4442,5621,36,22,14,1295,653,642,1355,556,799,3594,1493,2101,27,9,18,3602,1645,1957,142,60,82,8,3,5,4,1,3
229887,Total students enrolled for credit,1605,633,972,6,2,4,3,3,0,1300,482,818,59,35,24,1,0,1,31,14,17,6,3,3,21,8,13,178,86,92
229887,Undergraduate students,1605,633,972,6,2,4,3,3,0,1300,482,818,59,35,24,1,0,1,31,14,17,6,3,3,21,8,13,178,86,92
229957,Total students enrolled for credit,29,2,27,0,0,0,0,0,0,0,0,0,11,1,10,0,0,0,17,1,16,0,0,0,1,0,1,0,0,0
229957,Undergraduate students,29,2,27,0,0,0,0,0,0,0,0,0,11,1,10,0,0,0,17,1,16,0,0,0,1,0,1,0,0,0
230010,Total students enrolled for credit,2245,1172,1073,10,5,5,34,15,19,16,8,8,187,93,94,2,0,2,1785,920,865,22,14,8,189,117,72,0,0,0
230010,Undergraduate students,2245,1172,1073,10,5,5,34,15,19,16,8,8,187,93,94,2,0,2,1785,920,865,22,14,8,189,117,72,0,0,0
230038,Total students enrolled for credit,39582,20733,18849,129,70,59,722,368,354,201,119,82,2321,1143,1178,270,157,113,32486,17098,15388,1489,714,775,457,258,199,1507,806,701
230038,Undergraduate students,35807,18455,17352,117,66,51,670,339,331,180,107,73,2139,1044,1095,252,144,108,29489,15246,14243,1380,662,718,416,237,179,1164,610,554
230038,Graduate student,3775,2278,1497,12,4,8,52,29,23,21,12,9,182,99,83,18,13,5,2997,1852,1145,109,52,57,41,21,20,343,196,147
230047,Total students enrolled for credit,3914,1587,2327,21,7,14,114,43,71,17,11,6,179,67,112,334,130,204,1230,462,768,259,106,153,394,132,262,1366,629,737
230047,Undergraduate students,3914,1587,2327,21,7,14,114,43,71,17,11,6,179,67,112,334,130,204,1230,462,768,259,106,153,394,132,262,1366,629,737
230056,Total students enrolled for credit,445,126,319,4,1,3,10,2,8,27,12,15,39,11,28,2,0,2,361,100,261,0,0,0,2,0,2,0,0,0
230056,Undergraduate students,437,122,315,4,1,3,10,2,8,26,11,15,38,10,28,2,0,2,356,98,258,0,0,0,1,0,1,0,0,0
230056,Graduate student,8,4,4,0,0,0,0,0,0,1,1,0,1,1,0,0,0,0,5,2,3,0,0,0,1,0,1,0,0,0
230065,Total students enrolled for credit,265,8,257,2,0,2,8,1,7,2,0,2,51,1,50,4,1,3,198,5,193,0,0,0,0,0,0,0,0,0
230065,Undergraduate students,265,8,257,2,0,2,8,1,7,2,0,2,51,1,50,4,1,3,198,5,193,0,0,0,0,0,0,0,0,0
230135,Total students enrolled for credit,63,3,60,0,0,0,3,0,3,2,0,2,23,2,21,0,0,0,34,1,33,0,0,0,1,0,1,0,0,0
230135,Undergraduate students,63,3,60,0,0,0,3,0,3,2,0,2,23,2,21,0,0,0,34,1,33,0,0,0,1,0,1,0,0,0
230144,Total students enrolled for credit,33,2,31,1,0,1,0,0,0,0,0,0,4,1,3,0,0,0,25,1,24,0,0,0,3,0,3,0,0,0
230144,Undergraduate students,33,2,31,1,0,1,0,0,0,0,0,0,4,1,3,0,0,0,25,1,24,0,0,0,3,0,3,0,0,0
230162,Total students enrolled for credit,6017,3520,2497,72,35,37,67,36,31,117,57,60,687,382,305,39,23,16,4379,2552,1827,118,62,56,537,373,164,1,0,1
230162,Undergraduate students,6017,3520,2497,72,35,37,67,36,31,117,57,60,687,382,305,39,23,16,4379,2552,1827,118,62,56,537,373,164,1,0,1
230171,Total students enrolled for credit,11441,5168,6273,147,48,99,122,49,73,252,154,98,1270,551,719,172,105,67,8702,3864,4838,350,181,169,179,87,92,247,129,118
230171,Undergraduate students,11441,5168,6273,147,48,99,122,49,73,252,154,98,1270,551,719,172,105,67,8702,3864,4838,350,181,169,179,87,92,247,129,118
230199,Total students enrolled for credit,60,5,55,0,0,0,0,0,0,1,0,1,0,0,0,0,0,0,59,5,54,0,0,0,0,0,0,0,0,0
230199,Undergraduate students,60,5,55,0,0,0,0,0,0,1,0,1,0,0,0,0,0,0,59,5,54,0,0,0,0,0,0,0,0,0
230205,Total students enrolled for credit,46,1,45,1,0,1,0,0,0,0,0,0,1,1,0,1,0,1,43,0,43,0,0,0,0,0,0,0,0,0
230205,Undergraduate students,46,1,45,1,0,1,0,0,0,0,0,0,1,1,0,1,0,1,43,0,43,0,0,0,0,0,0,0,0,0
230214,Total students enrolled for credit,428,52,376,1,0,1,7,1,6,16,6,10,82,10,72,6,2,4,276,29,247,10,0,10,25,3,22,5,1,4
230214,Undergraduate students,428,52,376,1,0,1,7,1,6,16,6,10,82,10,72,6,2,4,276,29,247,10,0,10,25,3,22,5,1,4
230366,Total students enrolled for credit,518,108,410,7,1,6,21,5,16,34,8,26,112,27,85,10,0,10,323,64,259,11,3,8,0,0,0,0,0,0
230366,Undergraduate students,518,108,410,7,1,6,21,5,16,34,8,26,112,27,85,10,0,10,323,64,259,11,3,8,0,0,0,0,0,0
230418,Total students enrolled for credit,3024,1728,1296,11,7,4,44,23,21,50,33,17,416,231,185,74,37,37,1659,971,688,80,50,30,33,17,16,657,359,298
230418,Undergraduate students,3024,1728,1296,11,7,4,44,23,21,50,33,17,416,231,185,74,37,37,1659,971,688,80,50,30,33,17,16,657,359,298
230490,Total students enrolled for credit,3760,2324,1436,29,19,10,62,25,37,60,42,18,731,381,350,26,21,5,2810,1810,1000,40,24,16,0,0,0,2,2,0
230490,Undergraduate students,3760,2324,1436,29,19,10,62,25,37,60,42,18,731,381,350,26,21,5,2810,1810,1000,40,24,16,0,0,0,2,2,0
230597,Total students enrolled for credit,6380,2970,3410,92,44,48,70,31,39,70,50,20,330,158,172,142,94,48,5419,2448,2971,72,34,38,44,28,16,141,83,58
230597,Undergraduate students,6380,2970,3410,92,44,48,70,31,39,70,50,20,330,158,172,142,94,48,5419,2448,2971,72,34,38,44,28,16,141,83,58
230603,Total students enrolled for credit,15098,5901,9197,184,74,110,178,62,116,230,135,95,705,292,413,200,99,101,11512,4201,7311,45,21,24,1159,465,694,885,552,333
230603,Undergraduate students,13464,5254,8210,179,73,106,142,54,88,202,124,78,648,271,377,188,93,95,10200,3688,6512,43,19,24,990,386,604,872,546,326
230603,Graduate student,1634,647,987,5,1,4,36,8,28,28,11,17,57,21,36,12,6,6,1312,513,799,2,2,0,169,79,90,13,6,7
230621,Total students enrolled for credit,312,96,216,4,2,2,2,1,1,11,5,6,50,12,38,2,2,0,212,62,150,16,4,12,15,8,7,0,0,0
230621,Undergraduate students,312,96,216,4,2,2,2,1,1,11,5,6,50,12,38,2,2,0,212,62,150,16,4,12,15,8,7,0,0,0
230630,Total students enrolled for credit,217,121,96,9,4,5,3,2,1,5,2,3,25,10,15,3,1,2,140,84,56,21,11,10,11,7,4,0,0,0
230630,Undergraduate students,217,121,96,9,4,5,3,2,1,5,2,3,25,10,15,3,1,2,140,84,56,21,11,10,11,7,4,0,0,0
230676,Total students enrolled for credit,2190,1337,853,131,69,62,15,11,4,9,5,4,91,57,34,12,9,3,1925,1182,743,7,4,3,0,0,0,0,0,0
230676,Undergraduate students,2190,1337,853,131,69,62,15,11,4,9,5,4,91,57,34,12,9,3,1925,1182,743,7,4,3,0,0,0,0,0,0
230728,Total students enrolled for credit,34904,15869,19035,647,231,416,447,186,261,345,145,200,1998,760,1238,132,61,71,27922,12893,15029,695,301,394,1994,854,1140,724,438,286
230728,Undergraduate students,29784,13845,15939,625,222,403,323,128,195,279,126,153,1783,711,1072,112,52,60,24054,11365,12689,629,282,347,1629,744,885,350,215,135
230728,Graduate student,5120,2024,3096,22,9,13,124,58,66,66,19,47,215,49,166,20,9,11,3868,1528,2340,66,19,47,365,110,255,374,223,151
230737,Total students enrolled for credit,45411,24605,20806,262,141,121,547,275,272,396,244,152,4938,2498,2440,397,229,168,35359,19139,16220,1418,726,692,831,525,306,1263,828,435
230737,Undergraduate students,44947,24297,20650,260,140,120,540,273,267,395,243,152,4913,2482,2431,393,228,165,34984,18884,16100,1409,724,685,808,509,299,1245,814,431
230737,Graduate student,464,308,156,2,1,1,7,2,5,1,1,0,25,16,9,4,1,3,375,255,120,9,2,7,23,16,7,18,14,4
230746,Total students enrolled for credit,42203,20586,21617,354,165,189,1573,743,830,858,460,398,7143,3135,4008,558,260,298,28790,14250,14540,1176,553,623,1170,616,554,581,404,177
230746,Undergraduate students,42203,20586,21617,354,165,189,1573,743,830,858,460,398,7143,3135,4008,558,260,298,28790,14250,14540,1176,553,623,1170,616,554,581,404,177
230764,Total students enrolled for credit,37585,20183,17402,150,67,83,1952,942,1010,478,266,212,3903,1740,2163,139,85,54,24404,13397,11007,1589,783,806,2157,1145,1012,2813,1758,1055
230764,Undergraduate students,28686,15333,13353,124,57,67,1549,775,774,385,220,165,3320,1478,1842,122,76,46,18753,10311,8442,1317,667,650,1691,854,837,1425,895,530
230764,Graduate student,8899,4850,4049,26,10,16,403,167,236,93,46,47,583,262,321,17,9,8,5651,3086,2565,272,116,156,466,291,175,1388,863,525
230782,Total students enrolled for credit,33339,15303,18036,160,55,105,570,241,329,526,274,252,3367,1393,1974,180,85,95,24775,11483,13292,936,421,515,2334,1062,1272,491,289,202
230782,Undergraduate students,32248,14812,17436,157,53,104,561,236,325,518,270,248,3336,1378,1958,180,85,95,24203,11231,12972,924,416,508,1902,865,1037,467,278,189
230782,Graduate student,1091,491,600,3,2,1,9,5,4,8,4,4,31,15,16,0,0,0,572,252,320,12,5,7,432,197,235,24,11,13
230807,Total students enrolled for credit,3136,1365,1771,22,7,15,96,32,64,68,43,25,300,119,181,10,5,5,2196,957,1239,119,47,72,175,78,97,150,77,73
230807,Undergraduate students,2422,1049,1373,17,4,13,67,21,46,46,28,18,241,92,149,5,2,3,1676,729,947,104,45,59,145,64,81,121,64,57
230807,Graduate student,714,316,398,5,3,2,29,11,18,22,15,7,59,27,32,5,3,2,520,228,292,15,2,13,30,14,16,29,13,16
230816,Total students enrolled for credit,887,321,566,9,2,7,22,4,18,27,12,15,73,23,50,0,0,0,543,203,340,37,10,27,61,26,35,115,41,74
230816,Undergraduate students,782,286,496,8,2,6,16,4,12,23,11,12,69,21,48,0,0,0,468,178,290,37,10,27,52,21,31,109,39,70
230816,Graduate student,105,35,70,1,0,1,6,0,6,4,1,3,4,2,2,0,0,0,75,25,50,0,0,0,9,5,4,6,2,4
230834,Total students enrolled for credit,3284,1301,1983,16,12,4,31,11,20,43,32,11,66,32,34,1,0,1,2556,988,1568,65,31,34,442,158,284,64,37,27
230834,Undergraduate students,2138,1009,1129,12,10,2,23,9,14,40,29,11,49,29,20,1,0,1,1702,783,919,60,30,30,190,84,106,61,35,26
230834,Graduate student,1146,292,854,4,2,2,8,2,6,3,3,0,17,3,14,0,0,0,854,205,649,5,1,4,252,74,178,3,2,1
230852,Total students enrolled for credit,6508,3544,2964,27,14,13,194,114,80,602,243,359,484,279,205,12,5,7,3992,2197,1795,194,95,99,978,583,395,25,14,11
230852,Undergraduate students,5129,2947,2182,17,10,7,140,78,62,407,169,238,386,225,161,10,4,6,3189,1877,1312,154,75,79,802,496,306,24,13,11
230852,Graduate student,1379,597,782,10,4,6,54,36,18,195,74,121,98,54,44,2,1,1,803,320,483,40,20,20,176,87,89,1,1,0
230861,Total students enrolled for credit,8626,2766,5860,66,26,40,123,37,86,183,86,97,234,96,138,4,2,2,7105,2197,4908,444,157,287,226,69,157,241,96,145
230861,Undergraduate students,8626,2766,5860,66,26,40,123,37,86,183,86,97,234,96,138,4,2,2,7105,2197,4908,444,157,287,226,69,157,241,96,145
230889,Total students enrolled for credit,607,163,444,15,3,12,18,3,15,27,7,20,16,4,12,2,0,2,361,101,260,27,10,17,139,34,105,2,1,1
230889,Undergraduate students,236,63,173,9,1,8,7,2,5,4,2,2,5,1,4,0,0,0,144,40,104,17,7,10,49,10,39,1,0,1
230889,Graduate student,371,100,271,6,2,4,11,1,10,23,5,18,11,3,8,2,0,2,217,61,156,10,3,7,90,24,66,1,1,0
230898,Total students enrolled for credit,879,352,527,11,3,8,8,3,5,32,15,17,27,10,17,0,0,0,561,206,355,12,4,8,215,103,112,13,8,5
230898,Undergraduate students,559,252,307,7,3,4,5,2,3,27,15,12,15,6,9,0,0,0,317,131,186,8,3,5,168,85,83,12,7,5
230898,Graduate student,320,100,220,4,0,4,3,1,2,5,0,5,12,4,8,0,0,0,244,75,169,4,1,3,47,18,29,1,1,0
230913,Total students enrolled for credit,1884,604,1280,13,1,12,14,5,9,58,37,21,61,19,42,2,0,2,1498,458,1040,78,25,53,153,58,95,7,1,6
230913,Undergraduate students,1645,560,1085,13,1,12,11,5,6,53,34,19,53,17,36,2,0,2,1289,421,868,77,25,52,140,56,84,7,1,6
230913,Graduate student,239,44,195,0,0,0,3,0,3,5,3,2,8,2,6,0,0,0,209,37,172,1,0,1,13,2,11,0,0,0
230931,Total students enrolled for credit,1501,792,709,14,9,5,22,10,12,44,37,7,58,40,18,1,1,0,1228,620,608,44,26,18,80,45,35,10,4,6
230931,Undergraduate students,1330,771,559,13,9,4,22,10,12,44,37,7,55,39,16,1,1,0,1082,603,479,42,26,16,62,42,20,9,4,5
230931,Graduate student,171,21,150,1,0,1,0,0,0,0,0,0,3,1,2,0,0,0,146,17,129,2,0,2,18,3,15,1,0,1
230940,Total students enrolled for credit,390,180,210,1,1,0,4,2,2,6,1,5,7,4,3,0,0,0,165,72,93,8,4,4,197,95,102,2,1,1
230940,Undergraduate students,390,180,210,1,1,0,4,2,2,6,1,5,7,4,3,0,0,0,165,72,93,8,4,4,197,95,102,2,1,1
230959,Total students enrolled for credit,4682,2068,2614,11,6,5,258,101,157,155,73,82,401,172,229,2,2,0,2963,1341,1622,197,75,122,247,102,145,448,196,252
230959,Undergraduate students,3855,1802,2053,7,5,2,235,96,139,137,67,70,330,149,181,1,1,0,2368,1143,1225,179,71,108,209,91,118,389,179,210
230959,Graduate student,827,266,561,4,1,3,23,5,18,18,6,12,71,23,48,1,1,0,595,198,397,18,4,14,38,11,27,59,17,42
230977,Total students enrolled for credit,360,197,163,5,3,2,15,9,6,27,13,14,18,8,10,0,0,0,230,124,106,6,3,3,59,37,22,0,0,0
230977,Undergraduate students,360,197,163,5,3,2,15,9,6,27,13,14,18,8,10,0,0,0,230,124,106,6,3,3,59,37,22,0,0,0
230995,Total students enrolled for credit,4867,3766,1101,23,21,2,141,100,41,291,238,53,457,330,127,14,11,3,3455,2697,758,218,163,55,230,183,47,38,23,15
230995,Undergraduate students,3521,2783,738,17,17,0,95,72,23,158,129,29,313,238,75,9,6,3,2550,2027,523,185,136,49,160,135,25,34,23,11
230995,Graduate student,1346,983,363,6,4,2,46,28,18,133,109,24,144,92,52,5,5,0,905,670,235,33,27,6,70,48,22,4,0,4
231004,Total students enrolled for credit,98,3,95,0,0,0,1,0,1,2,0,2,4,0,4,0,0,0,90,3,87,0,0,0,1,0,1,0,0,0
231004,Undergraduate students,98,3,95,0,0,0,1,0,1,2,0,2,4,0,4,0,0,0,90,3,87,0,0,0,1,0,1,0,0,0
231059,Total students enrolled for credit,3313,1180,2133,5,2,3,39,14,25,47,25,22,101,42,59,1,0,1,2721,945,1776,45,15,30,227,64,163,127,73,54
231059,Undergraduate students,2126,940,1186,3,1,2,37,14,23,39,19,20,85,38,47,1,0,1,1746,754,992,38,14,24,64,32,32,113,68,45
231059,Graduate student,1187,240,947,2,1,1,2,0,2,8,6,2,16,4,12,0,0,0,975,191,784,7,1,6,163,32,131,14,5,9
231068,Total students enrolled for credit,390,117,273,27,8,19,7,2,5,2,0,2,11,3,8,0,0,0,209,54,155,18,7,11,44,15,29,72,28,44
231068,Graduate student,390,117,273,27,8,19,7,2,5,2,0,2,11,3,8,0,0,0,209,54,155,18,7,11,44,15,29,72,28,44
231077,Total students enrolled for credit,373,153,220,1,0,1,3,0,3,67,40,27,29,20,9,1,0,1,262,89,173,0,0,0,10,4,6,0,0,0
231077,Undergraduate students,238,105,133,1,0,1,2,0,2,61,38,23,26,20,6,1,0,1,146,46,100,0,0,0,1,1,0,0,0,0
231077,Graduate student,135,48,87,0,0,0,1,0,1,6,2,4,3,0,3,0,0,0,116,43,73,0,0,0,9,3,6,0,0,0
231086,Total students enrolled for credit,434,173,261,3,0,3,5,2,3,43,24,19,29,13,16,1,0,1,227,81,146,11,9,2,113,42,71,2,2,0
231086,Undergraduate students,434,173,261,3,0,3,5,2,3,43,24,19,29,13,16,1,0,1,227,81,146,11,9,2,113,42,71,2,2,0
231095,Total students enrolled for credit,191,94,97,4,1,3,2,1,1,5,4,1,3,1,2,0,0,0,124,56,68,0,0,0,53,31,22,0,0,0
231095,Undergraduate students,191,94,97,4,1,3,2,1,1,5,4,1,3,1,2,0,0,0,124,56,68,0,0,0,53,31,22,0,0,0
231147,Total students enrolled for credit,644,259,385,11,4,7,21,4,17,43,12,31,40,14,26,0,0,0,418,180,238,16,8,8,75,32,43,20,5,15
231147,Graduate student,644,259,385,11,4,7,21,4,17,43,12,31,40,14,26,0,0,0,418,180,238,16,8,8,75,32,43,20,5,15
231165,Total students enrolled for credit,2058,1089,969,15,10,5,35,17,18,31,15,16,47,26,21,0,0,0,1762,915,847,68,33,35,53,42,11,47,31,16
231165,Undergraduate students,2051,1083,968,15,10,5,35,17,18,31,15,16,47,26,21,0,0,0,1756,910,846,67,32,35,53,42,11,47,31,16
231165,Graduate student,7,6,1,0,0,0,0,0,0,0,0,0,0,0,0,0,0,0,6,5,1,1,1,0,0,0,0,0,0,0
231174,Total students enrolled for credit,15069,6436,8633,23,12,11,485,167,318,205,95,110,661,274,387,4,2,2,11579,4897,6682,405,156,249,777,297,480,930,536,394
231174,Undergraduate students,12945,5576,7369,19,11,8,376,115,261,180,86,94,589,242,347,2,1,1,10302,4391,5911,387,151,236,312,130,182,778,449,329
231174,Graduate student,2124,860,1264,4,1,3,109,52,57,25,9,16,72,32,40,2,1,1,1277,506,771,18,5,13,465,167,298,152,87,65
231280,Total students enrolled for credit,124,10,114,0,0,0,0,0,0,10,4,6,3,0,3,0,0,0,104,6,98,6,0,6,1,0,1,0,0,0
231280,Undergraduate students,124,10,114,0,0,0,0,0,0,10,4,6,3,0,3,0,0,0,104,6,98,6,0,6,1,0,1,0,0,0
231411,Total students enrolled for credit,791,749,42,9,9,0,23,23,0,327,304,23,75,73,2,0,0,0,347,330,17,10,10,0,0,0,0,0,0,0
231411,Undergraduate students,791,749,42,9,9,0,23,23,0,327,304,23,75,73,2,0,0,0,347,330,17,10,10,0,0,0,0,0,0,0
231420,Total students enrolled for credit,906,454,452,6,4,2,6,2,4,262,162,100,41,20,21,4,3,1,519,217,302,22,14,8,1,0,1,45,32,13
231420,Undergraduate students,906,454,452,6,4,2,6,2,4,262,162,100,41,20,21,4,3,1,519,217,302,22,14,8,1,0,1,45,32,13
231536,Total students enrolled for credit,5591,2309,3282,19,6,13,118,53,65,288,128,160,487,199,288,13,9,4,4411,1803,2608,176,71,105,34,16,18,45,24,21
231536,Undergraduate students,5591,2309,3282,19,6,13,118,53,65,288,128,160,487,199,288,13,9,4,4411,1803,2608,176,71,105,34,16,18,45,24,21
231554,Total students enrolled for credit,1237,542,695,1,0,1,6,2,4,253,148,105,49,24,25,3,2,1,807,290,517,34,22,12,39,18,21,45,36,9
231554,Undergraduate students,1189,529,660,1,0,1,6,2,4,249,146,103,49,24,25,3,2,1,767,281,486,33,21,12,36,17,19,45,36,9
231554,Graduate student,48,13,35,0,0,0,0,0,0,4,2,2,0,0,0,0,0,0,40,9,31,1,1,0,3,1,2,0,0,0
231581,Total students enrolled for credit,1959,922,1037,5,3,2,24,14,10,256,157,99,108,53,55,1,0,1,1337,586,751,109,41,68,88,52,36,31,16,15
231581,Undergraduate students,1952,921,1031,5,3,2,24,14,10,254,157,97,108,53,55,1,0,1,1333,585,748,109,41,68,87,52,35,31,16,15
231581,Graduate student,7,1,6,0,0,0,0,0,0,2,0,2,0,0,0,0,0,0,4,1,3,0,0,0,1,0,1,0,0,0
231624,Total students enrolled for credit,9767,4324,5443,18,8,10,625,284,341,720,275,445,754,298,456,3,2,1,5965,2709,3256,394,167,227,459,207,252,829,374,455
231624,Undergraduate students,6822,2888,3934,9,2,7,532,228,304,472,174,298,612,225,387,1,0,1,4049,1796,2253,322,128,194,380,170,210,445,165,280
231624,Graduate student,2945,1436,1509,9,6,3,93,56,37,248,101,147,142,73,69,2,2,0,1916,913,1003,72,39,33,79,37,42,384,209,175
231651,Total students enrolled for credit,12051,4520,7531,65,28,37,232,93,139,3929,1214,2715,766,315,451,25,12,13,5986,2476,3510,387,129,258,242,82,160,419,171,248
231651,Undergraduate students,5278,2046,3232,39,20,19,85,29,56,1591,520,1071,409,169,240,16,8,8,2738,1163,1575,250,83,167,106,34,72,44,20,24
231651,Graduate student,6773,2474,4299,26,8,18,147,64,83,2338,694,1644,357,146,211,9,4,5,3248,1313,1935,137,46,91,136,48,88,375,151,224
231688,Total students enrolled for credit,34,3,31,0,0,0,1,0,1,16,2,14,1,0,1,0,0,0,16,1,15,0,0,0,0,0,0,0,0,0
231688,Undergraduate students,34,3,31,0,0,0,1,0,1,16,2,14,1,0,1,0,0,0,16,1,15,0,0,0,0,0,0,0,0,0
231697,Total students enrolled for credit,5692,2594,3098,16,7,9,95,31,64,980,382,598,183,85,98,4,1,3,4120,1961,2159,228,92,136,35,18,17,31,17,14
231697,Undergraduate students,5692,2594,3098,16,7,9,95,31,64,980,382,598,183,85,98,4,1,3,4120,1961,2159,228,92,136,35,18,17,31,17,14
231712,Total students enrolled for credit,5215,2260,2955,22,8,14,138,48,90,401,195,206,247,108,139,4,2,2,3890,1692,2198,252,90,162,238,104,134,23,13,10
231712,Undergraduate students,5001,2194,2807,21,8,13,135,47,88,399,195,204,242,106,136,4,2,2,3704,1637,2067,244,86,158,233,103,130,19,10,9
231712,Graduate student,214,66,148,1,0,1,3,1,2,2,0,2,5,2,3,0,0,0,186,55,131,8,4,4,5,1,4,4,3,1
231721,Total students enrolled for credit,52,3,49,0,0,0,1,0,1,46,3,43,1,0,1,0,0,0,4,0,4,0,0,0,0,0,0,0,0,0
231721,Undergraduate students,52,3,49,0,0,0,1,0,1,46,3,43,1,0,1,0,0,0,4,0,4,0,0,0,0,0,0,0,0,0
231785,Total students enrolled for credit,707,208,499,6,0,6,10,2,8,492,132,360,25,11,14,2,0,2,140,52,88,29,11,18,2,0,2,1,0,1
231785,Undergraduate students,707,208,499,6,0,6,10,2,8,492,132,360,25,11,14,2,0,2,140,52,88,29,11,18,2,0,2,1,0,1
231828,Total students enrolled for credit,950,123,827,3,1,2,5,1,4,662,88,574,36,4,32,1,0,1,197,22,175,38,7,31,8,0,8,0,0,0
231828,Undergraduate students,950,123,827,3,1,2,5,1,4,662,88,574,36,4,32,1,0,1,197,22,175,38,7,31,8,0,8,0,0,0
231837,Total students enrolled for credit,1238,229,1009,1,1,0,28,2,26,105,16,89,54,11,43,2,1,1,919,176,743,39,8,31,86,12,74,4,2,2
231837,Undergraduate students,889,153,736,0,0,0,19,1,18,83,8,75,46,10,36,2,1,1,689,122,567,33,7,26,14,2,12,3,2,1
231837,Graduate student,349,76,273,1,1,0,9,1,8,22,8,14,8,1,7,0,0,0,230,54,176,6,1,5,72,10,62,1,0,1
231873,Total students enrolled for credit,1879,758,1121,11,5,6,17,8,9,79,42,37,43,18,25,2,0,2,1640,650,990,72,30,42,15,5,10,0,0,0
231873,Undergraduate students,1879,758,1121,11,5,6,17,8,9,79,42,37,43,18,25,2,0,2,1640,650,990,72,30,42,15,5,10,0,0,0
231882,Total students enrolled for credit,4812,2170,2642,18,10,8,47,20,27,1477,563,914,200,96,104,0,0,0,2910,1417,1493,126,47,79,23,12,11,11,5,6
231882,Undergraduate students,4812,2170,2642,18,10,8,47,20,27,1477,563,914,200,96,104,0,0,0,2910,1417,1493,126,47,79,23,12,11,11,5,6
231970,Total students enrolled for credit,1334,552,782,4,2,2,224,116,108,147,44,103,22,14,8,3,2,1,787,319,468,76,25,51,71,30,41,0,0,0
231970,Graduate student,1334,552,782,4,2,2,224,116,108,147,44,103,22,14,8,3,2,1,787,319,468,76,25,51,71,30,41,0,0,0
232016,Total students enrolled for credit,348,79,269,3,2,1,8,2,6,155,39,116,30,9,21,3,2,1,91,13,78,54,11,43,4,1,3,0,0,0
232016,Undergraduate students,348,79,269,3,2,1,8,2,6,155,39,116,30,9,21,3,2,1,91,13,78,54,11,43,4,1,3,0,0,0
232025,Total students enrolled for credit,1257,581,676,6,3,3,14,5,9,98,72,26,50,25,25,1,0,1,949,403,546,20,11,9,105,55,50,14,7,7
232025,Undergraduate students,1094,528,566,6,3,3,12,3,9,96,71,25,50,25,25,1,0,1,829,378,451,20,11,9,66,30,36,14,7,7
232025,Graduate student,163,53,110,0,0,0,2,2,0,2,1,1,0,0,0,0,0,0,120,25,95,0,0,0,39,25,14,0,0,0
232043,Total students enrolled for credit,2280,712,1568,3,3,0,52,19,33,144,64,80,129,47,82,0,0,0,1701,479,1222,47,15,32,99,43,56,105,42,63
232043,Undergraduate students,1445,475,970,3,3,0,33,11,22,117,52,65,108,42,66,0,0,0,1056,308,748,40,14,26,41,20,21,47,25,22
232043,Graduate student,835,237,598,0,0,0,19,8,11,27,12,15,21,5,16,0,0,0,645,171,474,7,1,6,58,23,35,58,17,41
232052,Total students enrolled for credit,929,339,590,1,0,1,12,6,6,300,85,215,105,45,60,0,0,0,476,189,287,23,8,15,6,3,3,6,3,3
232052,Undergraduate students,929,339,590,1,0,1,12,6,6,300,85,215,105,45,60,0,0,0,476,189,287,23,8,15,6,3,3,6,3,3
232089,Total students enrolled for credit,1338,742,596,11,2,9,5,3,2,458,287,171,75,38,37,1,1,0,659,342,317,83,43,40,31,19,12,15,7,8
232089,Undergraduate students,1338,742,596,11,2,9,5,3,2,458,287,171,75,38,37,1,1,0,659,342,317,83,43,40,31,19,12,15,7,8
232186,Total students enrolled for credit,46266,20769,25497,138,43,95,7042,3327,3715,4711,1840,2871,5424,2180,3244,153,61,92,21852,9879,11973,1555,741,814,2043,906,1137,3348,1792,1556
232186,Undergraduate students,32249,15190,17059,110,36,74,5873,2846,3027,3423,1405,2018,4447,1828,2619,127,50,77,14140,6913,7227,1253,613,640,1229,574,655,1647,925,722
232186,Graduate student,14017,5579,8438,28,7,21,1169,481,688,1288,435,853,977,352,625,26,11,15,7712,2966,4746,302,128,174,814,332,482,1701,867,834
232195,Total students enrolled for credit,9135,3644,5491,37,16,21,255,100,155,1416,547,869,982,411,571,17,2,15,5788,2309,3479,525,214,311,80,34,46,35,11,24
232195,Undergraduate students,9135,3644,5491,37,16,21,255,100,155,1416,547,869,982,411,571,17,2,15,5788,2309,3479,525,214,311,80,34,46,35,11,24
232256,Total students enrolled for credit,1054,1052,2,4,4,0,9,9,0,51,51,0,39,39,0,2,2,0,885,883,2,36,36,0,22,22,0,6,6,0
232256,Undergraduate students,1054,1052,2,4,4,0,9,9,0,51,51,0,39,39,0,2,2,0,885,883,2,36,36,0,22,22,0,6,6,0
232265,Total students enrolled for credit,4874,1593,3281,14,3,11,42,17,25,4460,1447,3013,70,20,50,2,0,2,226,82,144,0,0,0,11,2,9,49,22,27
232265,Undergraduate students,4004,1327,2677,11,2,9,11,6,5,3815,1266,2549,53,15,38,2,0,2,74,23,51,0,0,0,4,0,4,34,15,19
232265,Graduate student,870,266,604,3,1,2,31,11,20,645,181,464,17,5,12,0,0,0,152,59,93,0,0,0,7,2,5,15,7,8
232308,Total students enrolled for credit,981,68,913,8,0,8,18,0,18,90,7,83,61,5,56,1,0,1,681,51,630,43,1,42,37,2,35,42,2,40
232308,Undergraduate students,674,3,671,7,0,7,14,0,14,81,0,81,43,1,42,1,0,1,440,2,438,34,0,34,23,0,23,31,0,31
232308,Graduate student,307,65,242,1,0,1,4,0,4,9,7,2,18,4,14,0,0,0,241,49,192,9,1,8,14,2,12,11,2,9
232414,Total students enrolled for credit,15028,6007,9021,65,24,41,844,401,443,4924,1527,3397,863,328,535,19,8,11,7426,3323,4103,575,238,337,127,74,53,185,84,101
232414,Undergraduate students,15028,6007,9021,65,24,41,844,401,443,4924,1527,3397,863,328,535,19,8,11,7426,3323,4103,575,238,337,127,74,53,185,84,101
232423,Total students enrolled for credit,23354,9498,13856,34,17,17,1040,450,590,1130,470,660,1368,565,803,32,16,16,17459,6959,10500,879,390,489,783,319,464,629,312,317
232423,Undergraduate students,21167,8843,12324,31,16,15,988,431,557,1024,433,591,1301,544,757,30,15,15,15750,6461,9289,833,377,456,628,277,351,582,289,293
232423,Graduate student,2187,655,1532,3,1,2,52,19,33,106,37,69,67,21,46,2,1,1,1709,498,1211,46,13,33,155,42,113,47,23,24
232450,Total students enrolled for credit,13930,5828,8102,65,27,38,473,224,249,3418,1238,2180,1030,410,620,13,8,5,8153,3603,4550,622,252,370,118,49,69,38,17,21
232450,Undergraduate students,13930,5828,8102,65,27,38,473,224,249,3418,1238,2180,1030,410,620,13,8,5,8153,3603,4550,622,252,370,118,49,69,38,17,21
232557,Total students enrolled for credit,101951,42031,59920,468,184,284,1203,567,636,16133,5178,10955,4956,2037,2919,192,81,111,45494,19971,25523,2017,760,1257,30355,12651,17704,1133,602,531
232557,Undergraduate students,60084,25336,34748,293,119,174,605,255,350,7397,2565,4832,3040,1226,1814,121,47,74,28040,12232,15808,1214,473,741,18582,8012,10570,792,407,385
232557,Graduate student,41867,16695,25172,175,65,110,598,312,286,8736,2613,6123,1916,811,1105,71,34,37,17454,7739,9715,803,287,516,11773,4639,7134,341,195,146
232566,Total students enrolled for credit,5721,1719,4002,21,4,17,146,43,103,549,179,370,250,80,170,5,3,2,4233,1224,3009,195,60,135,232,77,155,90,49,41
232566,Undergraduate students,5044,1616,3428,16,4,12,140,42,98,469,164,305,234,76,158,5,3,2,3696,1150,2546,190,58,132,205,71,134,89,48,41
232566,Graduate student,677,103,574,5,0,5,6,1,5,80,15,65,16,4,12,0,0,0,537,74,463,5,2,3,27,6,21,1,1,0
232575,Total students enrolled for credit,9129,3503,5626,38,12,26,210,83,127,426,150,276,831,320,511,7,2,5,7214,2767,4447,315,124,191,14,7,7,74,38,36
232575,Undergraduate students,9129,3503,5626,38,12,26,210,83,127,426,150,276,831,320,511,7,2,5,7214,2767,4447,315,124,191,14,7,7,74,38,36
232609,Total students enrolled for credit,3053,1127,1926,9,6,3,43,17,26,323,97,226,119,47,72,1,0,1,2067,781,1286,107,36,71,293,110,183,91,33,58
232609,Undergraduate students,2186,817,1369,5,4,1,28,13,15,243,74,169,83,35,48,1,0,1,1485,565,920,85,27,58,197,72,125,59,27,32
232609,Graduate student,867,310,557,4,2,2,15,4,11,80,23,57,36,12,24,0,0,0,582,216,366,22,9,13,96,38,58,32,6,26
232618,Total students enrolled for credit,276,19,257,0,0,0,0,0,0,26,3,23,0,0,0,2,0,2,248,16,232,0,0,0,0,0,0,0,0,0
232618,Undergraduate students,276,19,257,0,0,0,0,0,0,26,3,23,0,0,0,2,0,2,248,16,232,0,0,0,0,0,0,0,0,0
232672,Total students enrolled for credit,2145,246,1899,13,1,12,46,6,40,350,19,331,106,6,100,7,1,6,1409,181,1228,63,4,59,121,23,98,30,5,25
232672,Undergraduate students,1520,137,1383,13,1,12,30,4,26,321,14,307,95,3,92,4,0,4,898,99,799,53,2,51,78,10,68,28,4,24
232672,Graduate student,625,109,516,0,0,0,16,2,14,29,5,24,11,3,8,3,1,2,511,82,429,10,2,8,43,13,30,2,1,1
232681,Total students enrolled for credit,5276,1891,3385,12,6,6,196,61,135,427,179,248,404,154,250,4,1,3,3636,1284,2352,263,94,169,259,84,175,75,28,47
232681,Undergraduate students,4800,1744,3056,12,6,6,184,56,128,380,162,218,378,146,232,4,1,3,3302,1189,2113,246,90,156,225,67,158,69,27,42
232681,Graduate student,476,147,329,0,0,0,12,5,7,47,17,30,26,8,18,0,0,0,334,95,239,17,4,13,34,17,17,6,1,5
232706,Total students enrolled for credit,4000,1323,2677,16,3,13,279,102,177,579,174,405,569,168,401,13,4,9,1707,530,1177,131,35,96,170,58,112,536,249,287
232706,Undergraduate students,2722,996,1726,11,2,9,209,73,136,396,122,274,458,144,314,10,3,7,1023,373,650,88,29,59,108,42,66,419,208,211
232706,Graduate student,1278,327,951,5,1,4,70,29,41,183,52,131,111,24,87,3,1,2,684,157,527,43,6,37,62,16,46,117,41,76
232724,Total students enrolled for credit,31,5,26,0,0,0,0,0,0,0,0,0,2,1,1,0,0,0,29,4,25,0,0,0,0,0,0,0,0,0
232724,Undergraduate students,31,5,26,0,0,0,0,0,0,0,0,0,2,1,1,0,0,0,29,4,25,0,0,0,0,0,0,0,0,0
232788,Total students enrolled for credit,3695,1485,2210,6,3,3,14,10,4,74,42,32,53,17,36,0,0,0,3479,1387,2092,53,19,34,14,5,9,2,2,0
232788,Undergraduate students,3695,1485,2210,6,3,3,14,10,4,74,42,32,53,17,36,0,0,0,3479,1387,2092,53,19,34,14,5,9,2,2,0
232797,Total students enrolled for credit,2305,442,1863,3,2,1,17,9,8,670,113,557,60,9,51,2,1,1,991,178,813,36,7,29,449,81,368,77,42,35
232797,Undergraduate students,2192,392,1800,2,1,1,10,5,5,638,102,536,58,7,51,2,1,1,962,169,793,33,4,29,440,75,365,47,28,19
232797,Graduate student,113,50,63,1,1,0,7,4,3,32,11,21,2,2,0,0,0,0,29,9,20,3,3,0,9,6,3,30,14,16
232867,Total students enrolled for credit,6406,3307,3099,24,17,7,152,73,79,289,154,135,221,115,106,6,3,3,5306,2689,2617,181,96,85,45,26,19,182,134,48
232867,Undergraduate students,6406,3307,3099,24,17,7,152,73,79,289,154,135,221,115,106,6,3,3,5306,2689,2617,181,96,85,45,26,19,182,134,48
232885,Total students enrolled for credit,632,59,573,1,0,1,61,9,52,57,6,51,22,4,18,6,1,5,458,37,421,27,2,25,0,0,0,0,0,0
232885,Undergraduate students,632,59,573,1,0,1,61,9,52,57,6,51,22,4,18,6,1,5,458,37,421,27,2,25,0,0,0,0,0,0
232919,Total students enrolled for credit,903,819,84,3,3,0,12,12,0,529,487,42,69,61,8,2,2,0,218,196,22,57,45,12,13,13,0,0,0,0
232919,Undergraduate students,903,819,84,3,3,0,12,12,0,529,487,42,69,61,8,2,2,0,218,196,22,57,45,12,13,13,0,0,0,0
232937,Total students enrolled for credit,6168,2166,4002,12,2,10,48,21,27,5152,1794,3358,204,63,141,6,1,5,300,100,200,242,100,142,172,70,102,32,15,17
232937,Undergraduate students,5412,1938,3474,11,1,10,30,10,20,4577,1633,2944,187,61,126,4,0,4,227,85,142,224,95,129,131,46,85,21,7,14
232937,Graduate student,756,228,528,1,1,0,18,11,7,575,161,414,17,2,15,2,1,1,73,15,58,18,5,13,41,24,17,11,8,3
232946,Total students enrolled for credit,74283,36095,38188,197,92,105,11044,5596,5448,11642,5260,6382,14867,6804,8063,330,160,170,29855,15136,14719,3037,1444,1593,1242,638,604,2069,965,1104
232946,Undergraduate students,74283,36095,38188,197,92,105,11044,5596,5448,11642,5260,6382,14867,6804,8063,330,160,170,29855,15136,14719,3037,1444,1593,1242,638,604,2069,965,1104
232982,Total students enrolled for credit,28758,12775,15983,89,37,52,1232,608,624,7337,2800,4537,2171,940,1231,72,43,29,14341,6606,7735,1684,691,993,975,513,462,857,537,320
232982,Undergraduate students,22386,10142,12244,74,33,41,1011,500,511,6387,2513,3874,1874,810,1064,68,41,27,10373,5013,5360,1465,613,852,789,410,379,345,209,136
232982,Graduate student,6372,2633,3739,15,4,11,221,108,113,950,287,663,297,130,167,4,2,2,3968,1593,2375,219,78,141,186,103,83,512,328,184
233019,Total students enrolled for credit,3059,1234,1825,6,2,4,23,9,14,634,224,410,210,104,106,1,1,0,2089,854,1235,77,31,46,8,2,6,11,7,4
233019,Undergraduate students,3059,1234,1825,6,2,4,23,9,14,634,224,410,210,104,106,1,1,0,2089,854,1235,77,31,46,8,2,6,11,7,4
233037,Total students enrolled for credit,2036,731,1305,15,6,9,25,13,12,725,182,543,69,24,45,1,1,0,1101,459,642,88,42,46,11,3,8,1,1,0
233037,Undergraduate students,2036,731,1305,15,6,9,25,13,12,725,182,543,69,24,45,1,1,0,1101,459,642,88,42,46,11,3,8,1,1,0
233082,Total students enrolled for credit,175,13,162,1,0,1,2,0,2,35,4,31,4,0,4,0,0,0,132,9,123,0,0,0,1,0,1,0,0,0
233082,Undergraduate students,175,13,162,1,0,1,2,0,2,35,4,31,4,0,4,0,0,0,132,9,123,0,0,0,1,0,1,0,0,0
233091,Total students enrolled for credit,631,128,503,1,0,1,1,0,1,323,73,250,9,5,4,0,0,0,268,46,222,18,4,14,11,0,11,0,0,0
233091,Undergraduate students,631,128,503,1,0,1,1,0,1,323,73,250,9,5,4,0,0,0,268,46,222,18,4,14,11,0,11,0,0,0
233116,Total students enrolled for credit,7473,3155,4318,17,7,10,294,151,143,969,336,633,466,200,266,20,8,12,5224,2251,2973,350,136,214,81,40,41,52,26,26
233116,Undergraduate students,7473,3155,4318,17,7,10,294,151,143,969,336,633,466,200,266,20,8,12,5224,2251,2973,350,136,214,81,40,41,52,26,26
233277,Total students enrolled for credit,10254,4232,6022,26,8,18,153,69,84,1469,606,863,648,273,375,16,10,6,7253,2965,4288,305,121,184,280,122,158,104,58,46
233277,Undergraduate students,8967,3933,5034,23,8,15,134,65,69,1360,582,778,617,269,348,14,10,4,6197,2721,3476,290,118,172,243,109,134,89,51,38
233277,Graduate student,1287,299,988,3,0,3,19,4,15,109,24,85,31,4,27,2,0,2,1056,244,812,15,3,12,37,13,24,15,7,8
233286,Total students enrolled for credit,114,3,111,0,0,0,0,0,0,37,0,37,4,0,4,0,0,0,73,3,70,0,0,0,0,0,0,0,0,0
233286,Undergraduate students,114,3,111,0,0,0,0,0,0,37,0,37,4,0,4,0,0,0,73,3,70,0,0,0,0,0,0,0,0,0
233295,Total students enrolled for credit,1491,694,797,6,3,3,34,9,25,125,63,62,64,32,32,2,1,1,1157,547,610,56,25,31,14,6,8,33,8,25
233295,Undergraduate students,1491,694,797,6,3,3,34,9,25,125,63,62,64,32,32,2,1,1,1157,547,610,56,25,31,14,6,8,33,8,25
233301,Total students enrolled for credit,710,237,473,1,0,1,13,4,9,89,28,61,39,18,21,2,1,1,492,159,333,31,9,22,7,1,6,36,17,19
233301,Undergraduate students,691,232,459,1,0,1,13,4,9,88,28,60,38,17,21,2,1,1,477,156,321,31,9,22,5,0,5,36,17,19
233301,Graduate student,19,5,14,0,0,0,0,0,0,1,0,1,1,1,0,0,0,0,15,3,12,0,0,0,2,1,1,0,0,0
233310,Total students enrolled for credit,4654,1761,2893,50,17,33,68,31,37,781,270,511,173,66,107,3,3,0,3275,1245,2030,197,81,116,86,44,42,21,4,17
233310,Undergraduate students,4654,1761,2893,50,17,33,68,31,37,781,270,511,173,66,107,3,3,0,3275,1245,2030,197,81,116,86,44,42,21,4,17
233329,Total students enrolled for credit,469,77,392,3,0,3,3,0,3,358,55,303,11,3,8,0,0,0,83,18,65,3,0,3,8,1,7,0,0,0
233329,Undergraduate students,469,77,392,3,0,3,3,0,3,358,55,303,11,3,8,0,0,0,83,18,65,3,0,3,8,1,7,0,0,0
233338,Total students enrolled for credit,2808,1097,1711,8,3,5,253,111,142,778,297,481,54,26,28,0,0,0,1428,556,872,124,38,86,149,52,97,14,14,0
233338,Undergraduate students,2808,1097,1711,8,3,5,253,111,142,778,297,481,54,26,28,0,0,0,1428,556,872,124,38,86,149,52,97,14,14,0
233356,Total students enrolled for credit,640,47,593,2,1,1,33,3,30,90,8,82,9,1,8,0,0,0,442,27,415,33,6,27,31,1,30,0,0,0
233356,Undergraduate students,640,47,593,2,1,1,33,3,30,90,8,82,9,1,8,0,0,0,442,27,415,33,6,27,31,1,30,0,0,0
233374,Total students enrolled for credit,4811,2142,2669,15,7,8,287,110,177,366,130,236,308,122,186,2,0,2,2947,1371,1576,166,68,98,282,136,146,438,198,240
233374,Undergraduate students,3815,1763,2052,11,6,5,266,101,165,267,107,160,279,110,169,0,0,0,2219,1094,1125,150,60,90,220,109,111,403,176,227
233374,Graduate student,996,379,617,4,1,3,21,9,12,99,23,76,29,12,17,2,0,2,728,277,451,16,8,8,62,27,35,35,22,13
233408,Total students enrolled for credit,340,25,315,0,0,0,10,0,10,71,3,68,10,1,9,2,0,2,221,20,201,24,1,23,2,0,2,0,0,0
233408,Undergraduate students,340,25,315,0,0,0,10,0,10,71,3,68,10,1,9,2,0,2,221,20,201,24,1,23,2,0,2,0,0,0
233426,Total students enrolled for credit,2087,850,1237,7,4,3,26,8,18,116,51,65,89,38,51,1,0,1,1690,685,1005,83,32,51,0,0,0,75,32,43
233426,Undergraduate students,2087,850,1237,7,4,3,26,8,18,116,51,65,89,38,51,1,0,1,1690,685,1005,83,32,51,0,0,0,75,32,43
233480,Total students enrolled for credit,26,8,18,0,0,0,3,1,2,0,0,0,0,0,0,0,0,0,22,7,15,1,0,1,0,0,0,0,0,0
233480,Undergraduate students,26,8,18,0,0,0,3,1,2,0,0,0,0,0,0,0,0,0,22,7,15,1,0,1,0,0,0,0,0,0
233541,Total students enrolled for credit,5176,1634,3542,22,13,9,286,75,211,489,230,259,291,83,208,3,1,2,3142,855,2287,93,27,66,603,215,388,247,135,112
233541,Undergraduate students,2689,1009,1680,17,11,6,93,25,68,301,154,147,210,70,140,0,0,0,1531,501,1030,68,22,46,334,133,201,135,93,42
233541,Graduate student,2487,625,1862,5,2,3,193,50,143,188,76,112,81,13,68,3,1,2,1611,354,1257,25,5,20,269,82,187,112,42,70
233611,Total students enrolled for credit,873,426,447,3,2,1,8,3,5,30,23,7,31,18,13,17,13,4,710,336,374,59,25,34,6,2,4,9,4,5
233611,Undergraduate students,873,426,447,3,2,1,8,3,5,30,23,7,31,18,13,17,13,4,710,336,374,59,25,34,6,2,4,9,4,5
233639,Total students enrolled for credit,5301,1905,3396,19,5,14,30,14,16,1905,599,1306,119,46,73,4,1,3,3021,1165,1856,151,53,98,38,16,22,14,6,8
233639,Undergraduate students,5301,1905,3396,19,5,14,30,14,16,1905,599,1306,119,46,73,4,1,3,3021,1165,1856,151,53,98,38,16,22,14,6,8
233648,Total students enrolled for credit,3269,1301,1968,12,10,2,18,9,9,73,30,43,27,11,16,0,0,0,3089,1216,1873,42,23,19,7,1,6,1,1,0
233648,Undergraduate students,3269,1301,1968,12,10,2,18,9,9,73,30,43,27,11,16,0,0,0,3089,1216,1873,42,23,19,7,1,6,1,1,0
233666,Total students enrolled for credit,36,0,36,0,0,0,0,0,0,0,0,0,1,0,1,0,0,0,34,0,34,1,0,1,0,0,0,0,0,0
233666,Undergraduate students,36,0,36,0,0,0,0,0,0,0,0,0,1,0,1,0,0,0,34,0,34,1,0,1,0,0,0,0,0,0
233684,Total students enrolled for credit,9608,4050,5558,51,24,27,441,251,190,4782,1642,3140,836,394,442,29,16,13,2554,1308,1246,369,151,218,345,164,181,201,100,101
233684,Undergraduate students,6964,2975,3989,45,22,23,315,187,128,3349,1151,2198,665,320,345,25,13,12,1953,990,963,276,121,155,263,133,130,73,38,35
233684,Graduate student,2644,1075,1569,6,2,4,126,64,62,1433,491,942,171,74,97,4,3,1,601,318,283,93,30,63,82,31,51,128,62,66
233718,Total students enrolled for credit,441,13,428,2,0,2,10,1,9,38,0,38,37,1,36,1,0,1,311,11,300,17,0,17,2,0,2,23,0,23
233718,Undergraduate students,406,12,394,1,0,1,9,1,8,36,0,36,36,1,35,1,0,1,286,10,276,16,0,16,2,0,2,19,0,19
233718,Graduate student,35,1,34,1,0,1,1,0,1,2,0,2,1,0,1,0,0,0,25,1,24,1,0,1,0,0,0,4,0,4
233754,Total students enrolled for credit,13121,5390,7731,54,15,39,498,213,285,4365,1526,2839,979,381,598,24,7,17,6238,2876,3362,779,293,486,155,65,90,29,14,15
233754,Undergraduate students,13121,5390,7731,54,15,39,498,213,285,4365,1526,2839,979,381,598,24,7,17,6238,2876,3362,779,293,486,155,65,90,29,14,15
233772,Total students enrolled for credit,34396,14266,20130,173,75,98,1469,632,837,10996,4226,6770,2789,1109,1680,68,29,39,16443,7176,9267,1873,750,1123,392,175,217,193,94,99
233772,Undergraduate students,34396,14266,20130,173,75,98,1469,632,837,10996,4226,6770,2789,1109,1680,68,29,39,16443,7176,9267,1873,750,1123,392,175,217,193,94,99
233842,Total students enrolled for credit,174,67,107,0,0,0,1,1,0,18,6,12,1,0,1,0,0,0,120,49,71,0,0,0,27,9,18,7,2,5
233842,Graduate student,174,67,107,0,0,0,1,1,0,18,6,12,1,0,1,0,0,0,120,49,71,0,0,0,27,9,18,7,2,5
233897,Total students enrolled for credit,3474,1201,2273,6,3,3,38,9,29,348,164,184,78,26,52,0,0,0,2592,871,1721,23,6,17,379,117,262,10,5,5
233897,Undergraduate students,3474,1201,2273,6,3,3,38,9,29,348,164,184,78,26,52,0,0,0,2592,871,1721,23,6,17,379,117,262,10,5,5
233903,Total students enrolled for credit,3138,1285,1853,8,2,6,22,7,15,73,28,45,67,35,32,0,0,0,2884,1171,1713,69,34,35,10,5,5,5,3,2
233903,Undergraduate students,3138,1285,1853,8,2,6,22,7,15,73,28,45,67,35,32,0,0,0,2884,1171,1713,69,34,35,10,5,5,5,3,2
233921,Total students enrolled for credit,34947,20057,14890,54,27,27,3029,1759,1270,1512,843,669,1898,1034,864,35,24,11,22035,12255,9780,1378,728,650,1072,638,434,3934,2749,1185
233921,Undergraduate students,26634,15328,11306,44,25,19,2629,1525,1104,1082,636,446,1579,871,708,32,21,11,17614,9925,7689,1201,632,569,823,490,333,1630,1203,427
233921,Graduate student,8313,4729,3584,10,2,8,400,234,166,430,207,223,319,163,156,3,3,0,4421,2330,2091,177,96,81,249,148,101,2304,1546,758
233949,Total students enrolled for credit,10802,5233,5569,18,8,10,363,185,178,1076,449,627,424,216,208,7,1,6,8123,3851,4272,374,173,201,73,49,24,344,301,43
233949,Undergraduate students,10802,5233,5569,18,8,10,363,185,178,1076,449,627,424,216,208,7,1,6,8123,3851,4272,374,173,201,73,49,24,344,301,43
234030,Total students enrolled for credit,34271,14043,20228,83,35,48,4073,1782,2291,5684,1856,3828,2443,961,1482,40,19,21,17227,7201,10026,1702,664,1038,1054,412,642,1965,1113,852
234030,Undergraduate students,26355,11041,15314,61,23,38,3225,1443,1782,4873,1642,3231,2206,890,1316,35,18,17,12645,5483,7162,1497,588,909,459,164,295,1354,790,564
234030,Graduate student,7916,3002,4914,22,12,10,848,339,509,811,214,597,237,71,166,5,1,4,4582,1718,2864,205,76,129,595,248,347,611,323,288
234076,Total students enrolled for credit,27960,13034,14926,26,14,12,2724,1272,1452,1715,666,1049,1540,674,866,17,8,9,16309,7197,9112,1041,446,595,2178,1383,795,2410,1374,1036
234076,Undergraduate students,18432,8650,9782,17,11,6,2187,1015,1172,1141,456,685,1118,482,636,10,4,6,10498,4730,5768,775,334,441,1752,1125,627,934,493,441
234076,Graduate student,9528,4384,5144,9,3,6,537,257,280,574,210,364,422,192,230,7,4,3,5811,2467,3344,266,112,154,426,258,168,1476,881,595
234085,Total students enrolled for credit,1766,1564,202,10,9,1,83,74,9,107,88,19,102,82,20,2,2,0,1406,1262,144,26,20,6,2,1,1,28,26,2
234085,Undergraduate students,1766,1564,202,10,9,1,83,74,9,107,88,19,102,82,20,2,2,0,1406,1262,144,26,20,6,2,1,1,28,26,2
234119,Total students enrolled for credit,58,13,45,0,0,0,0,0,0,53,11,42,2,2,0,0,0,0,3,0,3,0,0,0,0,0,0,0,0,0
234119,Undergraduate students,58,13,45,0,0,0,0,0,0,53,11,42,2,2,0,0,0,0,3,0,3,0,0,0,0,0,0,0,0,0
234137,Total students enrolled for credit,431,281,150,0,0,0,0,0,0,421,274,147,4,4,0,0,0,0,2,0,2,3,3,0,1,0,1,0,0,0
234137,Undergraduate students,363,241,122,0,0,0,0,0,0,353,234,119,4,4,0,0,0,0,2,0,2,3,3,0,1,0,1,0,0,0
234137,Graduate student,68,40,28,0,0,0,0,0,0,68,40,28,0,0,0,0,0,0,0,0,0,0,0,0,0,0,0,0,0,0
234155,Total students enrolled for credit,5137,2213,2924,24,7,17,39,18,21,4265,1831,2434,97,30,67,0,0,0,170,83,87,0,0,0,497,221,276,45,23,22
234155,Undergraduate students,4614,1988,2626,21,5,16,31,15,16,3891,1665,2226,90,27,63,0,0,0,136,74,62,0,0,0,437,196,241,8,6,2
234155,Graduate student,523,225,298,3,2,1,8,3,5,374,166,208,7,3,4,0,0,0,34,9,25,0,0,0,60,25,35,37,17,20
234164,Total students enrolled for credit,2002,909,1093,6,3,3,2,2,0,1796,809,987,26,16,10,3,2,1,22,11,11,47,23,24,88,36,52,12,7,5
234164,Undergraduate students,1512,656,856,6,3,3,0,0,0,1346,576,770,22,14,8,3,2,1,13,7,6,40,20,20,77,31,46,5,3,2
234164,Graduate student,490,253,237,0,0,0,2,2,0,450,233,217,4,2,2,0,0,0,9,4,5,7,3,4,11,5,6,7,4,3
234173,Total students enrolled for credit,1481,553,928,15,6,9,19,5,14,374,142,232,117,41,76,2,1,1,727,281,446,93,31,62,96,35,61,38,11,27
234173,Undergraduate students,1481,553,928,15,6,9,19,5,14,374,142,232,117,41,76,2,1,1,727,281,446,93,31,62,96,35,61,38,11,27
234207,Total students enrolled for credit,2185,1135,1050,2,2,0,66,30,36,51,16,35,95,47,48,0,0,0,1764,948,816,72,26,46,48,24,24,87,42,45
234207,Undergraduate students,1855,953,902,0,0,0,59,27,32,35,12,23,68,31,37,0,0,0,1533,817,716,60,21,39,23,8,15,77,37,40
234207,Graduate student,330,182,148,2,2,0,7,3,4,16,4,12,27,16,11,0,0,0,231,131,100,12,5,7,25,16,9,10,5,5
234359,Total students enrolled for credit,288,194,94,2,1,1,7,4,3,89,58,31,15,12,3,1,0,1,168,114,54,6,5,1,0,0,0,0,0,0
234359,Undergraduate students,288,194,94,2,1,1,7,4,3,89,58,31,15,12,3,1,0,1,168,114,54,6,5,1,0,0,0,0,0,0
234377,Total students enrolled for credit,3654,1439,2215,16,6,10,27,11,16,134,55,79,129,55,74,0,0,0,3259,1275,1984,72,32,40,11,5,6,6,0,6
234377,Undergraduate students,3654,1439,2215,16,6,10,27,11,16,134,55,79,129,55,74,0,0,0,3259,1275,1984,72,32,40,11,5,6,6,0,6
234401,Total students enrolled for credit,59,4,55,1,0,1,0,0,0,0,0,0,21,3,18,0,0,0,37,1,36,0,0,0,0,0,0,0,0,0
234401,Undergraduate students,59,4,55,1,0,1,0,0,0,0,0,0,21,3,18,0,0,0,37,1,36,0,0,0,0,0,0,0,0,0
234492,Total students enrolled for credit,1317,719,598,21,11,10,56,37,19,70,47,23,171,96,75,16,7,9,493,271,222,55,28,27,283,161,122,152,61,91
234492,Undergraduate students,1317,719,598,21,11,10,56,37,19,70,47,23,171,96,75,16,7,9,493,271,222,55,28,27,283,161,122,152,61,91
234650,Total students enrolled for credit,94,4,90,0,0,0,11,1,10,9,1,8,6,1,5,0,0,0,61,1,60,6,0,6,1,0,1,0,0,0
234650,Undergraduate students,94,4,90,0,0,0,11,1,10,9,1,8,6,1,5,0,0,0,61,1,60,6,0,6,1,0,1,0,0,0
234669,Total students enrolled for credit,20297,9083,11214,161,70,91,3570,1545,2025,895,439,456,1985,891,1094,85,36,49,8897,3884,5013,1366,649,717,1855,829,1026,1483,740,743
234669,Undergraduate students,20297,9083,11214,161,70,91,3570,1545,2025,895,439,456,1985,891,1094,85,36,49,8897,3884,5013,1366,649,717,1855,829,1026,1483,740,743
234696,Total students enrolled for credit,3668,1782,1886,35,13,22,105,40,65,50,28,22,334,173,161,10,7,3,2094,1013,1081,200,104,96,832,398,434,8,6,2
234696,Undergraduate students,3668,1782,1886,35,13,22,105,40,65,50,28,22,334,173,161,10,7,3,2094,1013,1081,200,104,96,832,398,434,8,6,2
234711,Total students enrolled for credit,2977,1356,1621,19,8,11,52,22,30,30,15,15,1105,441,664,1,1,0,1452,676,776,87,38,49,216,141,75,15,14,1
234711,Undergraduate students,2977,1356,1621,19,8,11,52,22,30,30,15,15,1105,441,664,1,1,0,1452,676,776,87,38,49,216,141,75,15,14,1
234827,Total students enrolled for credit,17163,8002,9161,121,49,72,743,334,409,582,324,258,2422,1023,1399,103,58,45,9540,4448,5092,952,443,509,2234,1033,1201,466,290,176
234827,Undergraduate students,15944,7523,8421,109,45,64,682,319,363,544,300,244,2308,977,1331,101,57,44,8765,4147,4618,902,424,478,2143,994,1149,390,260,130
234827,Graduate student,1219,479,740,12,4,8,61,15,46,38,24,14,114,46,68,2,1,1,775,301,474,50,19,31,91,39,52,76,30,46
234845,Total students enrolled for credit,5361,2532,2829,100,70,30,64,31,33,206,192,14,613,216,397,24,15,9,3656,1677,1979,313,148,165,356,161,195,29,22,7
234845,Undergraduate students,5361,2532,2829,100,70,30,64,31,33,206,192,14,613,216,397,24,15,9,3656,1677,1979,313,148,165,356,161,195,29,22,7
234915,Total students enrolled for credit,3492,1601,1891,16,3,13,97,44,53,173,74,99,99,52,47,13,4,9,726,327,399,44,15,29,1727,754,973,597,328,269
234915,Undergraduate students,1694,852,842,4,1,3,43,19,24,56,23,33,40,23,17,5,2,3,353,176,177,20,8,12,922,456,466,251,144,107
234915,Graduate student,1798,749,1049,12,2,10,54,25,29,117,51,66,59,29,30,8,2,6,373,151,222,24,7,17,805,298,507,346,184,162
234924,Total students enrolled for credit,273,30,243,2,1,1,0,0,0,8,3,5,97,17,80,0,0,0,146,7,139,11,1,10,9,1,8,0,0,0
234924,Undergraduate students,273,30,243,2,1,1,0,0,0,8,3,5,97,17,80,0,0,0,146,7,139,11,1,10,9,1,8,0,0,0
234933,Total students enrolled for credit,14627,6511,8116,82,38,44,592,262,330,286,165,121,1482,657,825,96,35,61,9200,3986,5214,1206,531,675,1575,776,799,108,61,47
234933,Undergraduate students,14627,6511,8116,82,38,44,592,262,330,286,165,121,1482,657,825,96,35,61,9200,3986,5214,1206,531,675,1575,776,799,108,61,47
234951,Total students enrolled for credit,5978,2171,3807,50,9,41,399,123,276,735,253,482,551,187,364,105,30,75,3099,1181,1918,483,165,318,512,187,325,44,36,8
234951,Undergraduate students,5978,2171,3807,50,9,41,399,123,276,735,253,482,551,187,364,105,30,75,3099,1181,1918,483,165,318,512,187,325,44,36,8
234979,Total students enrolled for credit,9128,4314,4814,65,29,36,207,83,124,116,60,56,3168,1336,1832,23,14,9,4717,2372,2345,331,169,162,489,248,241,12,3,9
234979,Undergraduate students,9128,4314,4814,65,29,36,207,83,124,116,60,56,3168,1336,1832,23,14,9,4717,2372,2345,331,169,162,489,248,241,12,3,9
235024,Total students enrolled for credit,686,255,431,5,1,4,35,10,25,24,14,10,78,29,49,5,1,4,436,164,272,68,20,48,23,12,11,12,4,8
235024,Undergraduate students,686,255,431,5,1,4,35,10,25,24,14,10,78,29,49,5,1,4,436,164,272,68,20,48,23,12,11,12,4,8
235088,Total students enrolled for credit,469,454,15,2,2,0,0,0,0,4,4,0,31,28,3,6,6,0,351,342,9,30,29,1,45,43,2,0,0,0
235088,Undergraduate students,469,454,15,2,2,0,0,0,0,4,4,0,31,28,3,6,6,0,351,342,9,30,29,1,45,43,2,0,0,0
235097,Total students enrolled for credit,15602,7028,8574,158,53,105,431,191,240,490,249,241,2264,922,1342,44,30,14,9067,3972,5095,821,365,456,1723,739,984,604,507,97
235097,Undergraduate students,13848,6469,7379,136,49,87,375,175,200,443,235,208,2138,885,1253,43,29,14,7762,3543,4219,748,340,408,1633,724,909,570,489,81
235097,Graduate student,1754,559,1195,22,4,18,56,16,40,47,14,33,126,37,89,1,1,0,1305,429,876,73,25,48,90,15,75,34,18,16
235103,Total students enrolled for credit,13296,6358,6938,135,58,77,1703,828,875,884,457,427,1193,505,688,79,35,44,6119,2840,3279,685,326,359,970,459,511,1528,850,678
235103,Undergraduate students,13296,6358,6938,135,58,77,1703,828,875,884,457,427,1193,505,688,79,35,44,6119,2840,3279,685,326,359,970,459,511,1528,850,678
235149,Total students enrolled for credit,14059,6516,7543,159,59,100,893,434,459,349,189,160,1444,573,871,54,25,29,7859,3378,4481,878,439,439,1919,1102,817,504,317,187
235149,Undergraduate students,14059,6516,7543,159,59,100,893,434,459,349,189,160,1444,573,871,54,25,29,7859,3378,4481,878,439,439,1919,1102,817,504,317,187
235158,Total students enrolled for credit,244,58,186,2,1,1,9,3,6,18,10,8,41,15,26,4,3,1,149,18,131,13,2,11,8,6,2,0,0,0
235158,Undergraduate students,244,58,186,2,1,1,9,3,6,18,10,8,41,15,26,4,3,1,149,18,131,13,2,11,8,6,2,0,0,0
235167,Total students enrolled for credit,4996,2144,2852,115,45,70,135,58,77,267,122,145,502,208,294,15,4,11,3324,1430,1894,380,144,236,228,122,106,30,11,19
235167,Undergraduate students,4650,2034,2616,90,36,54,131,55,76,254,114,140,477,201,276,13,4,9,3088,1359,1729,358,138,220,211,116,95,28,11,17
235167,Graduate student,346,110,236,25,9,16,4,3,1,13,8,5,25,7,18,2,0,2,236,71,165,22,6,16,17,6,11,2,0,2
235237,Total students enrolled for credit,10459,4130,6329,94,35,59,614,265,349,1015,411,604,1323,531,792,125,48,77,5131,1960,3171,1027,379,648,742,301,441,388,200,188
235237,Undergraduate students,10459,4130,6329,94,35,59,614,265,349,1015,411,604,1323,531,792,125,48,77,5131,1960,3171,1027,379,648,742,301,441,388,200,188
235307,Total students enrolled for credit,162,9,153,4,0,4,4,0,4,6,1,5,11,0,11,1,0,1,124,5,119,1,0,1,9,1,8,2,2,0
235307,Undergraduate students,162,9,153,4,0,4,4,0,4,6,1,5,11,0,11,1,0,1,124,5,119,1,0,1,9,1,8,2,2,0
235316,Total students enrolled for credit,8433,3615,4818,74,32,42,363,143,220,144,70,74,719,308,411,26,12,14,5782,2506,3276,407,177,230,511,221,290,407,146,261
235316,Undergraduate students,5333,2510,2823,41,19,22,276,120,156,60,34,26,554,247,307,17,9,8,3774,1806,1968,307,144,163,218,83,135,86,48,38
235316,Graduate student,3100,1105,1995,33,13,20,87,23,64,84,36,48,165,61,104,9,3,6,2008,700,1308,100,33,67,293,138,155,321,98,223
235334,Total students enrolled for credit,3025,1589,1436,104,52,52,60,30,30,135,123,12,319,157,162,12,7,5,1824,946,878,246,109,137,323,165,158,2,0,2
235334,Undergraduate students,3025,1589,1436,104,52,52,60,30,30,135,123,12,319,157,162,12,7,5,1824,946,878,246,109,137,323,165,158,2,0,2
235343,Total students enrolled for credit,11539,5934,5605,71,30,41,935,474,461,563,296,267,1003,436,567,100,48,52,4776,2369,2407,978,485,493,1202,671,531,1911,1125,786
235343,Undergraduate students,11539,5934,5605,71,30,41,935,474,461,563,296,267,1003,436,567,100,48,52,4776,2369,2407,978,485,493,1202,671,531,1911,1125,786
235352,Total students enrolled for credit,127,4,123,3,0,3,5,0,5,16,0,16,8,0,8,1,0,1,91,4,87,1,0,1,2,0,2,0,0,0
235352,Undergraduate students,127,4,123,3,0,3,5,0,5,16,0,16,8,0,8,1,0,1,91,4,87,1,0,1,2,0,2,0,0,0
235422,Total students enrolled for credit,1350,415,935,68,19,49,23,8,15,12,4,8,679,202,477,3,1,2,372,113,259,34,9,25,143,53,90,16,6,10
235422,Undergraduate students,944,267,677,63,18,45,5,2,3,7,2,5,595,166,429,1,0,1,120,25,95,21,6,15,116,42,74,16,6,10
235422,Graduate student,406,148,258,5,1,4,18,6,12,5,2,3,84,36,48,2,1,1,252,88,164,13,3,10,27,11,16,0,0,0
235431,Total students enrolled for credit,10369,4214,6155,54,11,43,1501,660,841,1309,513,796,1306,473,833,124,42,82,2911,1143,1768,1085,429,656,1214,491,723,865,452,413
235431,Undergraduate students,10369,4214,6155,54,11,43,1501,660,841,1309,513,796,1306,473,833,124,42,82,2911,1143,1768,1085,429,656,1214,491,723,865,452,413
235501,Total students enrolled for credit,447,219,228,19,8,11,11,2,9,113,49,64,53,21,32,16,3,13,152,80,72,0,0,0,82,55,27,1,1,0
235501,Undergraduate students,447,219,228,19,8,11,11,2,9,113,49,64,53,21,32,16,3,13,152,80,72,0,0,0,82,55,27,1,1,0
235547,Total students enrolled for credit,1294,208,1086,16,5,11,116,25,91,65,16,49,43,11,32,43,14,29,803,106,697,90,10,80,71,11,60,47,10,37
235547,Undergraduate students,238,39,199,9,3,6,19,5,14,8,2,6,12,4,8,4,0,4,166,23,143,10,1,9,8,1,7,2,0,2
235547,Graduate student,1056,169,887,7,2,5,97,20,77,57,14,43,31,7,24,39,14,25,637,83,554,80,9,71,63,10,53,45,10,35
235583,Total students enrolled for credit,238,8,230,4,0,4,17,0,17,11,1,10,29,0,29,3,0,3,137,3,134,27,1,26,10,3,7,0,0,0
235583,Undergraduate students,238,8,230,4,0,4,17,0,17,11,1,10,29,0,29,3,0,3,137,3,134,27,1,26,10,3,7,0,0,0
235671,Total students enrolled for credit,5624,3093,2531,119,48,71,221,87,134,481,259,222,475,216,259,63,30,33,2885,1530,1355,115,74,41,1258,844,414,7,5,2
235671,Undergraduate students,5624,3093,2531,119,48,71,221,87,134,481,259,222,475,216,259,63,30,33,2885,1530,1355,115,74,41,1258,844,414,7,5,2
235699,Total students enrolled for credit,5134,2145,2989,29,15,14,500,147,353,167,88,79,389,175,214,17,10,7,2974,1277,1697,253,100,153,672,288,384,133,45,88
235699,Undergraduate students,5134,2145,2989,29,15,14,500,147,353,167,88,79,389,175,214,17,10,7,2974,1277,1697,253,100,153,672,288,384,133,45,88
235750,Total students enrolled for credit,4136,1504,2632,55,17,38,92,34,58,38,14,24,374,120,254,6,3,3,2994,1068,1926,211,68,143,341,169,172,25,11,14
235750,Undergraduate students,4136,1504,2632,55,17,38,92,34,58,38,14,24,374,120,254,6,3,3,2994,1068,1926,211,68,143,341,169,172,25,11,14
235954,Total students enrolled for credit,35,1,34,1,0,1,3,0,3,3,1,2,5,0,5,0,0,0,19,0,19,4,0,4,0,0,0,0,0,0
235954,Undergraduate students,35,1,34,1,0,1,3,0,3,3,1,2,5,0,5,0,0,0,19,0,19,4,0,4,0,0,0,0,0,0
236018,Total students enrolled for credit,140,38,102,2,1,1,5,0,5,49,29,20,10,2,8,3,0,3,58,3,55,9,2,7,4,1,3,0,0,0
236018,Undergraduate students,140,38,102,2,1,1,5,0,5,49,29,20,10,2,8,3,0,3,58,3,55,9,2,7,4,1,3,0,0,0
236072,Total students enrolled for credit,10202,4232,5970,50,19,31,972,378,594,633,291,342,686,272,414,45,15,30,4208,1698,2510,770,338,432,1846,692,1154,992,529,463
236072,Undergraduate students,10202,4232,5970,50,19,31,972,378,594,633,291,342,686,272,414,45,15,30,4208,1698,2510,770,338,432,1846,692,1154,992,529,463
236133,Total students enrolled for credit,1331,483,848,18,2,16,68,26,42,63,32,31,108,36,72,12,3,9,842,290,552,57,15,42,30,14,16,133,65,68
236133,Undergraduate students,999,355,644,15,1,14,41,15,26,49,22,27,93,33,60,12,3,9,656,222,434,45,13,32,19,10,9,69,36,33
236133,Graduate student,332,128,204,3,1,2,27,11,16,14,10,4,15,3,12,0,0,0,186,68,118,12,2,10,11,4,7,64,29,35
236188,Total students enrolled for credit,10049,4739,5310,470,50,420,504,229,275,354,189,165,587,297,290,119,64,55,6487,3184,3303,822,383,439,552,262,290,154,81,73
236188,Undergraduate students,10049,4739,5310,470,50,420,504,229,275,354,189,165,587,297,290,119,64,55,6487,3184,3303,822,383,439,552,262,290,154,81,73
236212,Total students enrolled for credit,1214,1015,199,16,15,1,9,9,0,6,4,2,531,424,107,4,4,0,590,508,82,28,24,4,21,19,2,9,8,1
236212,Undergraduate students,1214,1015,199,16,15,1,9,9,0,6,4,2,531,424,107,4,4,0,590,508,82,28,24,4,21,19,2,9,8,1
236230,Total students enrolled for credit,3533,1299,2234,27,11,16,320,111,209,116,45,71,284,120,164,31,17,14,2231,792,1439,243,86,157,173,71,102,108,46,62
236230,Undergraduate students,2942,1097,1845,20,6,14,281,103,178,94,38,56,250,106,144,29,16,13,1909,688,1221,225,81,144,43,15,28,91,44,47
236230,Graduate student,591,202,389,7,5,2,39,8,31,22,7,15,34,14,20,2,1,1,322,104,218,18,5,13,130,56,74,17,2,15
236258,Total students enrolled for credit,3253,1648,1605,154,75,79,75,40,35,147,130,17,254,146,108,14,4,10,1876,943,933,220,89,131,361,136,225,152,85,67
236258,Undergraduate students,3253,1648,1605,154,75,79,75,40,35,147,130,17,254,146,108,14,4,10,1876,943,933,220,89,131,361,136,225,152,85,67
236328,Total students enrolled for credit,2832,1088,1744,6,2,4,184,80,104,28,12,16,218,89,129,7,4,3,2065,775,1290,239,91,148,72,27,45,13,8,5
236328,Undergraduate students,2545,1029,1516,5,2,3,165,73,92,26,11,15,206,88,118,7,4,3,1863,738,1125,216,87,129,45,19,26,12,7,5
236328,Graduate student,287,59,228,1,0,1,19,7,12,2,1,1,12,1,11,0,0,0,202,37,165,23,4,19,27,8,19,1,1,0
236382,Total students enrolled for credit,6319,4365,1954,53,39,14,707,378,329,553,262,291,486,267,219,38,24,14,2073,1328,745,217,108,109,2172,1952,220,20,7,13
236382,Undergraduate students,6319,4365,1954,53,39,14,707,378,329,553,262,291,486,267,219,38,24,14,2073,1328,745,217,108,109,2172,1952,220,20,7,13
236452,Total students enrolled for credit,1909,940,969,18,9,9,113,59,54,128,76,52,251,98,153,48,25,23,1010,481,529,104,52,52,119,67,52,118,73,45
236452,Undergraduate students,1518,796,722,16,8,8,99,49,50,101,61,40,209,89,120,45,24,21,794,410,384,82,46,36,83,53,30,89,56,33
236452,Graduate student,391,144,247,2,1,1,14,10,4,27,15,12,42,9,33,3,1,2,216,71,145,22,6,16,36,14,22,29,17,12
236504,Total students enrolled for credit,10571,6821,3750,82,52,30,932,505,427,1035,609,426,788,449,339,93,62,31,4157,2766,1391,707,434,273,2100,1551,549,677,393,284
236504,Undergraduate students,10571,6821,3750,82,52,30,932,505,427,1035,609,426,788,449,339,93,62,31,4157,2766,1391,707,434,273,2100,1551,549,677,393,284
236513,Total students enrolled for credit,11807,5443,6364,49,20,29,1194,489,705,1298,531,767,762,317,445,42,27,15,3498,1554,1944,852,373,479,2241,1212,1029,1871,920,951
236513,Undergraduate students,11807,5443,6364,49,20,29,1194,489,705,1298,531,767,762,317,445,42,27,15,3498,1554,1944,852,373,479,2241,1212,1029,1871,920,951
236577,Total students enrolled for credit,4512,1395,3117,23,11,12,442,151,291,169,53,116,390,124,266,22,8,14,2589,748,1841,321,104,217,330,96,234,226,100,126
236577,Undergraduate students,3359,1109,2250,13,5,8,379,128,251,125,41,84,354,112,242,21,8,13,1945,604,1341,290,93,197,68,34,34,164,84,80
236577,Graduate student,1153,286,867,10,6,4,63,23,40,44,12,32,36,12,24,1,0,1,644,144,500,31,11,20,262,62,200,62,16,46
236595,Total students enrolled for credit,8498,3292,5206,41,11,30,1130,448,682,252,110,142,759,273,486,49,21,28,3677,1382,2295,529,199,330,1172,442,730,889,406,483
236595,Undergraduate students,5250,2056,3194,20,6,14,765,302,463,132,60,72,519,184,335,39,17,22,2123,784,1339,381,144,237,682,260,422,589,299,290
236595,Graduate student,3248,1236,2012,21,5,16,365,146,219,120,50,70,240,89,151,10,4,6,1554,598,956,148,55,93,490,182,308,300,107,193
236610,Total students enrolled for credit,9160,4175,4985,62,33,29,953,389,564,519,265,254,642,310,332,42,16,26,3914,1699,2215,803,357,446,1036,453,583,1189,653,536
236610,Undergraduate students,9160,4175,4985,62,33,29,953,389,564,519,265,254,642,310,332,42,16,26,3914,1699,2215,803,357,446,1036,453,583,1189,653,536
236638,Total students enrolled for credit,7897,3633,4264,51,15,36,218,83,135,150,66,84,1337,537,800,39,11,28,5460,2631,2829,334,136,198,100,36,64,208,118,90
236638,Undergraduate students,7897,3633,4264,51,15,36,218,83,135,150,66,84,1337,537,800,39,11,28,5460,2631,2829,334,136,198,100,36,64,208,118,90
236656,Total students enrolled for credit,7022,2996,4026,83,29,54,366,155,211,201,93,108,809,349,460,59,22,37,4098,1714,2384,689,286,403,610,288,322,107,60,47
236656,Undergraduate students,7022,2996,4026,83,29,54,366,155,211,201,93,108,809,349,460,59,22,37,4098,1714,2384,689,286,403,610,288,322,107,60,47
236692,Total students enrolled for credit,17039,8624,8415,192,100,92,246,95,151,292,171,121,605,293,312,39,24,15,8109,3310,4799,436,176,260,7026,4400,2626,94,55,39
236692,Undergraduate students,17039,8624,8415,192,100,92,246,95,151,292,171,121,605,293,312,39,24,15,8109,3310,4799,436,176,260,7026,4400,2626,94,55,39
236708,Total students enrolled for credit,7980,3527,4453,112,37,75,174,86,88,216,113,103,659,288,371,29,12,17,5322,2212,3110,402,166,236,851,446,405,215,167,48
236708,Undergraduate students,7980,3527,4453,112,37,75,174,86,88,216,113,103,659,288,371,29,12,17,5322,2212,3110,402,166,236,851,446,405,215,167,48
236744,Total students enrolled for credit,124,16,108,0,0,0,1,0,1,1,0,1,8,1,7,0,0,0,114,15,99,0,0,0,0,0,0,0,0,0
236744,Undergraduate students,124,16,108,0,0,0,1,0,1,1,0,1,8,1,7,0,0,0,114,15,99,0,0,0,0,0,0,0,0,0
236753,Total students enrolled for credit,10366,4037,6329,135,30,105,689,285,404,888,351,537,967,356,611,99,31,68,4710,1690,3020,691,250,441,1702,797,905,485,247,238
236753,Undergraduate students,10366,4037,6329,135,30,105,689,285,404,888,351,537,967,356,611,99,31,68,4710,1690,3020,691,250,441,1702,797,905,485,247,238
236887,Total students enrolled for credit,6973,4252,2721,131,119,12,83,49,34,422,394,28,1140,607,533,55,46,9,4256,2590,1666,333,188,145,534,247,287,19,12,7
236887,Undergraduate students,6973,4252,2721,131,119,12,83,49,34,422,394,28,1140,607,533,55,46,9,4256,2590,1666,333,188,145,534,247,287,19,12,7
236896,Total students enrolled for credit,2111,987,1124,27,7,20,121,54,67,72,42,30,298,151,147,14,7,7,1427,651,776,15,7,8,124,62,62,13,6,7
236896,Undergraduate students,1851,926,925,16,6,10,112,51,61,67,40,27,270,143,127,14,7,7,1233,606,627,12,6,6,115,61,54,12,6,6
236896,Graduate student,260,61,199,11,1,10,9,3,6,5,2,3,28,8,20,0,0,0,194,45,149,3,1,2,9,1,8,1,0,1
236939,Total students enrolled for credit,33974,16301,17673,274,108,166,1904,942,962,1048,528,520,4244,1840,2404,122,53,69,19590,9377,10213,2102,904,1198,2091,944,1147,2599,1605,994
236939,Undergraduate students,27917,13311,14606,236,92,144,1599,807,792,922,456,466,3880,1665,2215,111,46,65,16747,8025,8722,1928,828,1100,973,449,524,1521,943,578
236939,Graduate student,6057,2990,3067,38,16,22,305,135,170,126,72,54,364,175,189,11,7,4,2843,1352,1491,174,76,98,1118,495,623,1078,662,416
236948,Total students enrolled for credit,55073,25857,29216,251,107,144,10252,4688,5564,1377,604,773,3625,1556,2069,178,79,99,23459,11252,12207,3022,1332,1690,5346,2396,2950,7563,3843,3720
236948,Undergraduate students,38781,18245,20536,158,71,87,8316,3829,4487,966,428,538,2660,1129,1531,150,68,82,14527,7120,7407,2385,1076,1309,4914,2192,2722,4705,2332,2373
236948,Graduate student,16292,7612,8680,93,36,57,1936,859,1077,411,176,235,965,427,538,28,11,17,8932,4132,4800,637,256,381,432,204,228,2858,1511,1347
236975,Total students enrolled for credit,5204,2373,2831,142,45,97,74,28,46,28,13,15,1784,781,1003,4,1,3,2405,1037,1368,157,63,94,610,405,205,0,0,0
236975,Undergraduate students,5204,2373,2831,142,45,97,74,28,46,28,13,15,1784,781,1003,4,1,3,2405,1037,1368,157,63,94,610,405,205,0,0,0
237011,Total students enrolled for credit,17475,7635,9840,68,25,43,1099,508,591,288,132,156,1441,604,837,30,11,19,12482,5483,6999,1412,595,817,426,167,259,229,110,119
237011,Undergraduate students,16246,7184,9062,59,20,39,1041,487,554,274,127,147,1364,578,786,30,11,19,11511,5127,6384,1357,570,787,402,159,243,208,105,103
237011,Graduate student,1229,451,778,9,5,4,58,21,37,14,5,9,77,26,51,0,0,0,971,356,615,55,25,30,24,8,16,21,5,16
237039,Total students enrolled for credit,6344,2637,3707,77,17,60,366,109,257,138,52,86,635,212,423,24,8,16,3871,1679,2192,418,176,242,453,202,251,362,182,180
237039,Undergraduate students,6344,2637,3707,77,17,60,366,109,257,138,52,86,635,212,423,24,8,16,3871,1679,2192,418,176,242,453,202,251,362,182,180
237057,Total students enrolled for credit,1574,670,904,6,2,4,74,19,55,21,8,13,112,50,62,5,3,2,1109,497,612,107,41,66,53,16,37,87,34,53
237057,Undergraduate students,1574,670,904,6,2,4,74,19,55,21,8,13,112,50,62,5,3,2,1109,497,612,107,41,66,53,16,37,87,34,53
237066,Total students enrolled for credit,2881,1121,1760,20,4,16,119,50,69,54,25,29,243,102,141,6,4,2,2143,806,1337,163,70,93,36,17,19,97,43,54
237066,Undergraduate students,2342,943,1399,14,3,11,115,47,68,47,23,24,205,84,121,6,4,2,1682,663,1019,153,67,86,29,14,15,91,38,53
237066,Graduate student,539,178,361,6,1,5,4,3,1,7,2,5,38,18,20,0,0,0,461,143,318,10,3,7,7,3,4,6,5,1
237109,Total students enrolled for credit,5848,1928,3920,92,29,63,65,23,42,60,39,21,2971,906,2065,7,4,3,2096,741,1355,316,105,211,229,74,155,12,7,5
237109,Undergraduate students,5848,1928,3920,92,29,63,65,23,42,60,39,21,2971,906,2065,7,4,3,2096,741,1355,316,105,211,229,74,155,12,7,5
237118,Total students enrolled for credit,1221,626,595,9,3,6,20,9,11,201,157,44,50,34,16,4,0,4,874,378,496,10,5,5,0,0,0,53,40,13
237118,Undergraduate students,1083,577,506,8,3,5,13,5,8,200,157,43,46,32,14,4,0,4,749,335,414,10,5,5,0,0,0,53,40,13
237118,Graduate student,138,49,89,1,0,1,7,4,3,1,0,1,4,2,2,0,0,0,125,43,82,0,0,0,0,0,0,0,0,0
237127,Total students enrolled for credit,31,0,31,0,0,0,0,0,0,0,0,0,0,0,0,0,0,0,31,0,31,0,0,0,0,0,0,0,0,0
237127,Undergraduate students,31,0,31,0,0,0,0,0,0,0,0,0,0,0,0,0,0,0,31,0,31,0,0,0,0,0,0,0,0,0
237136,Total students enrolled for credit,295,167,128,1,0,1,3,1,2,2,1,1,3,1,2,0,0,0,246,125,121,0,0,0,35,35,0,5,4,1
237136,Undergraduate students,286,160,126,1,0,1,3,1,2,2,1,1,3,1,2,0,0,0,237,118,119,0,0,0,35,35,0,5,4,1
237136,Graduate student,9,7,2,0,0,0,0,0,0,0,0,0,0,0,0,0,0,0,9,7,2,0,0,0,0,0,0,0,0,0
237145,Total students enrolled for credit,32,1,31,0,0,0,0,0,0,0,0,0,0,0,0,0,0,0,32,1,31,0,0,0,0,0,0,0,0,0
237145,Undergraduate students,32,1,31,0,0,0,0,0,0,0,0,0,0,0,0,0,0,0,32,1,31,0,0,0,0,0,0,0,0,0
237172,Total students enrolled for credit,111,88,23,0,0,0,0,0,0,9,6,3,0,0,0,0,0,0,101,81,20,1,1,0,0,0,0,0,0,0
237172,Undergraduate students,111,88,23,0,0,0,0,0,0,9,6,3,0,0,0,0,0,0,101,81,20,1,1,0,0,0,0,0,0,0
237181,Total students enrolled for credit,719,433,286,1,0,1,13,7,6,142,121,21,42,27,15,0,0,0,369,181,188,5,4,1,133,80,53,14,13,1
237181,Undergraduate students,683,416,267,0,0,0,13,7,6,138,118,20,39,26,13,0,0,0,347,171,176,4,3,1,129,79,50,13,12,1
237181,Graduate student,36,17,19,1,0,1,0,0,0,4,3,1,3,1,2,0,0,0,22,10,12,1,1,0,4,1,3,1,1,0
237215,Total students enrolled for credit,1558,585,973,4,2,2,11,1,10,122,56,66,17,3,14,1,0,1,1344,496,848,35,13,22,9,2,7,15,12,3
237215,Undergraduate students,1558,585,973,4,2,2,11,1,10,122,56,66,17,3,14,1,0,1,1344,496,848,35,13,22,9,2,7,15,12,3
237242,Total students enrolled for credit,158,122,36,0,0,0,0,0,0,6,4,2,1,1,0,0,0,0,151,117,34,0,0,0,0,0,0,0,0,0
237242,Undergraduate students,158,122,36,0,0,0,0,0,0,6,4,2,1,1,0,0,0,0,151,117,34,0,0,0,0,0,0,0,0,0
237303,Total students enrolled for credit,147,47,100,1,1,0,4,1,3,27,11,16,1,0,1,0,0,0,109,33,76,5,1,4,0,0,0,0,0,0
237303,Undergraduate students,147,47,100,1,1,0,4,1,3,27,11,16,1,0,1,0,0,0,109,33,76,5,1,4,0,0,0,0,0,0
237312,Total students enrolled for credit,3199,1849,1350,12,5,7,63,31,32,250,144,106,80,52,28,11,5,6,1561,644,917,46,22,24,1002,820,182,174,126,48
237312,Undergraduate students,2392,1383,1009,8,3,5,21,9,12,157,96,61,54,36,18,7,2,5,1179,419,760,36,18,18,774,683,91,156,117,39
237312,Graduate student,807,466,341,4,2,2,42,22,20,93,48,45,26,16,10,4,3,1,382,225,157,10,4,6,228,137,91,18,9,9
237321,Total students enrolled for credit,105,10,95,0,0,0,0,0,0,2,0,2,1,0,1,0,0,0,102,10,92,0,0,0,0,0,0,0,0,0
237321,Undergraduate students,105,10,95,0,0,0,0,0,0,2,0,2,1,0,1,0,0,0,102,10,92,0,0,0,0,0,0,0,0,0
237330,Total students enrolled for credit,2803,1042,1761,11,3,8,19,4,15,176,104,72,19,12,7,3,3,0,2430,846,1584,34,10,24,1,0,1,110,60,50
237330,Undergraduate students,2311,939,1372,9,3,6,17,4,13,148,94,54,17,11,6,3,3,0,1977,755,1222,29,9,20,1,0,1,110,60,50
237330,Graduate student,492,103,389,2,0,2,2,0,2,28,10,18,2,1,1,0,0,0,453,91,362,5,1,4,0,0,0,0,0,0
237358,Total students enrolled for credit,945,369,576,1,0,1,3,1,2,45,20,25,22,7,15,0,0,0,573,190,383,7,2,5,210,74,136,84,75,9
237358,Undergraduate students,945,369,576,1,0,1,3,1,2,45,20,25,22,7,15,0,0,0,573,190,383,7,2,5,210,74,136,84,75,9
237367,Total students enrolled for credit,4558,1951,2607,9,6,3,28,6,22,245,160,85,94,50,44,4,3,1,3887,1547,2340,154,71,83,25,20,5,112,88,24
237367,Undergraduate students,4247,1867,2380,8,5,3,26,5,21,237,157,80,91,49,42,4,3,1,3605,1477,2128,146,67,79,24,19,5,106,85,21
237367,Graduate student,311,84,227,1,1,0,2,1,1,8,3,5,3,1,2,0,0,0,282,70,212,8,4,4,1,1,0,6,3,3
237385,Total students enrolled for credit,2123,1269,854,3,3,0,17,12,5,280,243,37,40,35,5,6,1,5,1611,881,730,29,11,18,132,80,52,5,3,2
237385,Undergraduate students,2123,1269,854,3,3,0,17,12,5,280,243,37,40,35,5,6,1,5,1611,881,730,29,11,18,132,80,52,5,3,2
237437,Total students enrolled for credit,1038,280,758,6,3,3,3,1,2,129,56,73,18,6,12,0,0,0,814,201,613,33,7,26,35,6,29,0,0,0
237437,Undergraduate students,1038,280,758,6,3,3,3,1,2,129,56,73,18,6,12,0,0,0,814,201,613,33,7,26,35,6,29,0,0,0
237473,Total students enrolled for credit,133,82,51,0,0,0,1,1,0,12,8,4,2,2,0,0,0,0,116,71,45,2,0,2,0,0,0,0,0,0
237473,Undergraduate students,133,82,51,0,0,0,1,1,0,12,8,4,2,2,0,0,0,0,116,71,45,2,0,2,0,0,0,0,0,0
237491,Total students enrolled for credit,59,17,42,0,0,0,0,0,0,0,0,0,0,0,0,0,0,0,59,17,42,0,0,0,0,0,0,0,0,0
237491,Undergraduate students,59,17,42,0,0,0,0,0,0,0,0,0,0,0,0,0,0,0,59,17,42,0,0,0,0,0,0,0,0,0
237525,Total students enrolled for credit,17198,6852,10346,40,20,20,195,86,109,855,420,435,301,139,162,17,8,9,13272,5061,8211,330,144,186,1553,539,1014,635,435,200
237525,Undergraduate students,10988,4666,6322,28,15,13,89,37,52,676,350,326,211,90,121,10,4,6,8872,3697,5175,275,121,154,682,278,404,145,74,71
237525,Graduate student,6210,2186,4024,12,5,7,106,49,57,179,70,109,90,49,41,7,4,3,4400,1364,3036,55,23,32,871,261,610,490,361,129
237543,Total students enrolled for credit,156,72,84,0,0,0,0,0,0,13,8,5,2,1,1,0,0,0,141,63,78,0,0,0,0,0,0,0,0,0
237543,Undergraduate students,156,72,84,0,0,0,0,0,0,13,8,5,2,1,1,0,0,0,141,63,78,0,0,0,0,0,0,0,0,0
237552,Total students enrolled for credit,155,20,135,0,0,0,0,0,0,2,2,0,2,1,1,0,0,0,148,16,132,0,0,0,0,0,0,3,1,2
237552,Undergraduate students,155,20,135,0,0,0,0,0,0,2,2,0,2,1,1,0,0,0,148,16,132,0,0,0,0,0,0,3,1,2
237561,Total students enrolled for credit,87,18,69,0,0,0,0,0,0,3,1,2,0,0,0,0,0,0,83,17,66,0,0,0,1,0,1,0,0,0
237561,Undergraduate students,87,18,69,0,0,0,0,0,0,3,1,2,0,0,0,0,0,0,83,17,66,0,0,0,1,0,1,0,0,0
237570,Total students enrolled for credit,146,5,141,0,0,0,1,1,0,9,0,9,4,0,4,0,0,0,130,4,126,2,0,2,0,0,0,0,0,0
237570,Undergraduate students,146,5,141,0,0,0,1,1,0,9,0,9,4,0,4,0,0,0,130,4,126,2,0,2,0,0,0,0,0,0
237598,Total students enrolled for credit,149,22,127,0,0,0,0,0,0,1,0,1,0,0,0,0,0,0,148,22,126,0,0,0,0,0,0,0,0,0
237598,Undergraduate students,149,22,127,0,0,0,0,0,0,1,0,1,0,0,0,0,0,0,148,22,126,0,0,0,0,0,0,0,0,0
237613,Total students enrolled for credit,84,9,75,0,0,0,0,0,0,7,2,5,0,0,0,0,0,0,77,7,70,0,0,0,0,0,0,0,0,0
237613,Undergraduate students,84,9,75,0,0,0,0,0,0,7,2,5,0,0,0,0,0,0,77,7,70,0,0,0,0,0,0,0,0,0
237640,Total students enrolled for credit,653,304,349,1,0,1,4,1,3,48,24,24,25,12,13,0,0,0,336,159,177,14,9,5,170,63,107,55,36,19
237640,Undergraduate students,609,278,331,1,0,1,3,1,2,46,22,24,24,11,13,0,0,0,298,138,160,13,8,5,169,62,107,55,36,19
237640,Graduate student,44,26,18,0,0,0,1,0,1,2,2,0,1,1,0,0,0,0,38,21,17,1,1,0,1,1,0,0,0,0
237686,Total students enrolled for credit,3338,1366,1972,0,0,0,25,12,13,47,24,23,17,5,12,4,4,0,3101,1249,1852,112,54,58,32,18,14,0,0,0
237686,Undergraduate students,3338,1366,1972,0,0,0,25,12,13,47,24,23,17,5,12,4,4,0,3101,1249,1852,112,54,58,32,18,14,0,0,0
237701,Total students enrolled for credit,1658,726,932,3,2,1,6,4,2,211,115,96,45,25,20,2,1,1,1307,540,767,69,29,40,9,6,3,6,4,2
237701,Undergraduate students,1658,726,932,3,2,1,6,4,2,211,115,96,45,25,20,2,1,1,1307,540,767,69,29,40,9,6,3,6,4,2
237729,Total students enrolled for credit,207,62,145,0,0,0,0,0,0,17,9,8,2,0,2,0,0,0,187,53,134,1,0,1,0,0,0,0,0,0
237729,Undergraduate students,207,62,145,0,0,0,0,0,0,17,9,8,2,0,2,0,0,0,187,53,134,1,0,1,0,0,0,0,0,0
237783,Total students enrolled for credit,1325,597,728,12,2,10,8,5,3,252,129,123,87,38,49,7,2,5,705,288,417,46,16,30,163,78,85,45,39,6
237783,Undergraduate students,1008,457,551,12,2,10,7,4,3,218,111,107,78,35,43,6,2,4,482,197,285,34,11,23,134,63,71,37,32,5
237783,Graduate student,317,140,177,0,0,0,1,1,0,34,18,16,9,3,6,1,0,1,223,91,132,12,5,7,29,15,14,8,7,1
237792,Total students enrolled for credit,4641,1852,2789,25,9,16,82,38,44,361,197,164,148,53,95,5,2,3,3830,1467,2363,82,32,50,85,42,43,23,12,11
237792,Undergraduate students,3899,1669,2230,24,9,15,77,36,41,325,182,143,137,53,84,3,1,2,3176,1315,1861,80,31,49,63,34,29,14,8,6
237792,Graduate student,742,183,559,1,0,1,5,2,3,36,15,21,11,0,11,2,1,1,654,152,502,2,1,1,22,8,14,9,4,5
237817,Total students enrolled for credit,2052,842,1210,2,0,2,4,1,3,21,9,12,0,0,0,1,1,0,1903,769,1134,10,4,6,111,58,53,0,0,0
237817,Undergraduate students,2052,842,1210,2,0,2,4,1,3,21,9,12,0,0,0,1,1,0,1903,769,1134,10,4,6,111,58,53,0,0,0
237844,Total students enrolled for credit,181,140,41,0,0,0,0,0,0,1,1,0,0,0,0,0,0,0,180,139,41,0,0,0,0,0,0,0,0,0
237844,Undergraduate students,181,140,41,0,0,0,0,0,0,1,1,0,0,0,0,0,0,0,180,139,41,0,0,0,0,0,0,0,0,0
237880,Total students enrolled for credit,847,429,418,1,1,0,139,68,71,30,14,16,32,14,18,15,9,6,601,305,296,0,0,0,29,18,11,0,0,0
237880,Graduate student,847,429,418,1,1,0,139,68,71,30,14,16,32,14,18,15,9,6,601,305,296,0,0,0,29,18,11,0,0,0
237899,Total students enrolled for credit,4175,1824,2351,149,69,80,25,13,12,396,207,189,53,25,28,6,1,5,2170,910,1260,213,110,103,1091,441,650,72,48,24
237899,Undergraduate students,4029,1780,2249,149,69,80,22,11,11,387,203,184,51,24,27,6,1,5,2096,894,1202,210,110,100,1057,434,623,51,34,17
237899,Graduate student,146,44,102,0,0,0,3,2,1,9,4,5,2,1,1,0,0,0,74,16,58,3,0,3,34,7,27,21,14,7
237905,Total students enrolled for credit,52,4,48,0,0,0,1,0,1,1,0,1,2,0,2,0,0,0,47,4,43,1,0,1,0,0,0,0,0,0
237905,Undergraduate students,45,4,41,0,0,0,1,0,1,0,0,0,1,0,1,0,0,0,42,4,38,1,0,1,0,0,0,0,0,0
237905,Graduate student,7,0,7,0,0,0,0,0,0,1,0,1,1,0,1,0,0,0,5,0,5,0,0,0,0,0,0,0,0,0
237932,Total students enrolled for credit,2541,944,1597,1,0,1,11,3,8,68,48,20,15,6,9,3,1,2,1869,655,1214,28,13,15,470,183,287,76,35,41
237932,Undergraduate students,2253,845,1408,1,0,1,11,3,8,62,44,18,15,6,9,2,1,1,1644,583,1061,26,12,14,424,165,259,68,31,37
237932,Graduate student,288,99,189,0,0,0,0,0,0,6,4,2,0,0,0,1,0,1,225,72,153,2,1,1,46,18,28,8,4,4
237950,Total students enrolled for credit,1634,907,727,6,3,3,13,7,6,93,50,43,51,36,15,0,0,0,1266,686,580,49,26,23,58,31,27,98,68,30
237950,Undergraduate students,1634,907,727,6,3,3,13,7,6,93,50,43,51,36,15,0,0,0,1266,686,580,49,26,23,58,31,27,98,68,30
237969,Total students enrolled for credit,1613,704,909,5,3,2,2,0,2,113,82,31,36,25,11,1,1,0,1275,490,785,55,26,29,32,14,18,94,63,31
237969,Undergraduate students,1410,642,768,5,3,2,2,0,2,107,79,28,34,23,11,1,1,0,1105,445,660,52,23,29,15,9,6,89,59,30
237969,Graduate student,203,62,141,0,0,0,0,0,0,6,3,3,2,2,0,0,0,0,170,45,125,3,3,0,17,5,12,5,4,1
237987,Total students enrolled for credit,236,53,183,0,0,0,1,0,1,43,14,29,1,0,1,0,0,0,189,39,150,2,0,2,0,0,0,0,0,0
237987,Undergraduate students,236,53,183,0,0,0,1,0,1,43,14,29,1,0,1,0,0,0,189,39,150,2,0,2,0,0,0,0,0,0
237996,Total students enrolled for credit,742,122,620,5,2,3,3,0,3,53,16,37,7,2,5,0,0,0,674,102,572,0,0,0,0,0,0,0,0,0
237996,Undergraduate students,742,122,620,5,2,3,3,0,3,53,16,37,7,2,5,0,0,0,674,102,572,0,0,0,0,0,0,0,0,0
238005,Total students enrolled for credit,73,8,65,0,0,0,14,2,12,21,3,18,8,0,8,0,0,0,30,3,27,0,0,0,0,0,0,0,0,0
238005,Undergraduate students,73,8,65,0,0,0,14,2,12,21,3,18,8,0,8,0,0,0,30,3,27,0,0,0,0,0,0,0,0,0
238014,Total students enrolled for credit,2872,1074,1798,8,2,6,13,6,7,76,40,36,37,14,23,1,1,0,2620,958,1662,90,37,53,13,6,7,14,10,4
238014,Undergraduate students,2872,1074,1798,8,2,6,13,6,7,76,40,36,37,14,23,1,1,0,2620,958,1662,90,37,53,13,6,7,14,10,4
238032,Total students enrolled for credit,31900,16183,15717,41,22,19,575,291,284,1492,854,638,1121,592,529,22,12,10,24903,12050,12853,1079,499,580,120,72,48,2547,1791,756
238032,Undergraduate students,24183,12942,11241,33,20,13,366,199,167,1209,741,468,909,503,406,20,11,9,19038,9764,9274,922,429,493,69,46,23,1617,1229,388
238032,Graduate student,7717,3241,4476,8,2,6,209,92,117,283,113,170,212,89,123,2,1,1,5865,2286,3579,157,70,87,51,26,25,930,562,368
238078,Total students enrolled for credit,1470,634,836,6,4,2,20,12,8,80,47,33,34,17,17,8,4,4,1155,472,683,26,9,17,88,32,56,53,37,16
238078,Undergraduate students,1017,485,532,5,3,2,9,5,4,74,43,31,30,16,14,8,4,4,767,350,417,25,8,17,52,23,29,47,33,14
238078,Graduate student,453,149,304,1,1,0,11,7,4,6,4,2,4,1,3,0,0,0,388,122,266,1,1,0,36,9,27,6,4,2
238096,Total students enrolled for credit,52,4,48,0,0,0,0,0,0,1,0,1,0,0,0,0,0,0,51,4,47,0,0,0,0,0,0,0,0,0
238096,Undergraduate students,52,4,48,0,0,0,0,0,0,1,0,1,0,0,0,0,0,0,51,4,47,0,0,0,0,0,0,0,0,0
238175,Total students enrolled for credit,216,6,210,1,0,1,5,0,5,15,0,15,33,2,31,0,0,0,158,4,154,4,0,4,0,0,0,0,0,0
238175,Undergraduate students,216,6,210,1,0,1,5,0,5,15,0,15,33,2,31,0,0,0,158,4,154,4,0,4,0,0,0,0,0,0
238193,Total students enrolled for credit,2238,74,2164,13,0,13,106,0,106,324,11,313,393,4,389,5,0,5,1278,57,1221,82,2,80,0,0,0,37,0,37
238193,Undergraduate students,1530,4,1526,11,0,11,78,0,78,204,0,204,344,0,344,5,0,5,793,4,789,62,0,62,0,0,0,33,0,33
238193,Graduate student,708,70,638,2,0,2,28,0,28,120,11,109,49,4,45,0,0,0,485,53,432,20,2,18,0,0,0,4,0,4
238263,Total students enrolled for credit,20558,9265,11293,102,40,62,1031,442,589,1657,781,876,2400,1079,1321,11,7,4,13798,6063,7735,782,326,456,512,366,146,265,161,104
238263,Undergraduate students,20479,9235,11244,102,40,62,1026,439,587,1655,781,874,2392,1075,1317,11,7,4,13744,6045,7699,782,326,456,506,363,143,261,159,102
238263,Graduate student,79,30,49,0,0,0,5,3,2,2,0,2,8,4,4,0,0,0,54,18,36,0,0,0,6,3,3,4,2,2
238324,Total students enrolled for credit,517,54,463,4,1,3,5,1,4,6,2,4,10,2,8,2,0,2,483,47,436,6,0,6,1,1,0,0,0,0
238324,Undergraduate students,468,52,416,3,1,2,5,1,4,6,2,4,9,2,7,1,0,1,438,45,393,5,0,5,1,1,0,0,0,0
238324,Graduate student,49,2,47,1,0,1,0,0,0,0,0,0,1,0,1,1,0,1,45,2,43,1,0,1,0,0,0,0,0,0
238333,Total students enrolled for credit,1509,693,816,5,2,3,48,18,30,78,49,29,134,67,67,3,2,1,921,403,518,48,22,26,65,35,30,207,95,112
238333,Undergraduate students,1509,693,816,5,2,3,48,18,30,78,49,29,134,67,67,3,2,1,921,403,518,48,22,26,65,35,30,207,95,112
238397,Total students enrolled for credit,2544,1057,1487,15,7,8,30,5,25,153,62,91,279,127,152,1,1,0,1954,806,1148,67,25,42,45,24,21,0,0,0
238397,Undergraduate students,2544,1057,1487,15,7,8,30,5,25,153,62,91,279,127,152,1,1,0,1954,806,1148,67,25,42,45,24,21,0,0,0
238430,Total students enrolled for credit,3169,1078,2091,23,4,19,86,27,59,583,155,428,307,103,204,6,3,3,1735,617,1118,57,10,47,164,53,111,208,106,102
238430,Undergraduate students,1830,621,1209,12,2,10,48,9,39,371,100,271,241,76,165,3,2,1,840,308,532,45,8,37,99,33,66,171,83,88
238430,Graduate student,1339,457,882,11,2,9,38,18,20,212,55,157,66,27,39,3,1,2,895,309,586,12,2,10,65,20,45,37,23,14
238458,Total students enrolled for credit,3721,1289,2432,4,2,2,129,48,81,57,29,28,241,80,161,4,2,2,2993,1019,1974,84,25,59,65,19,46,144,65,79
238458,Undergraduate students,3048,1072,1976,4,2,2,108,41,67,48,24,24,214,71,143,4,2,2,2420,838,1582,73,24,49,55,18,37,122,52,70
238458,Graduate student,673,217,456,0,0,0,21,7,14,9,5,4,27,9,18,0,0,0,573,181,392,11,1,10,10,1,9,22,13,9
238476,Total students enrolled for credit,3100,1403,1697,12,7,5,59,25,34,165,112,53,201,80,121,6,1,5,2192,970,1222,105,43,62,316,145,171,44,20,24
238476,Undergraduate students,2940,1332,1608,12,7,5,59,25,34,164,112,52,195,78,117,6,1,5,2114,933,1181,102,42,60,261,119,142,27,15,12
238476,Graduate student,160,71,89,0,0,0,0,0,0,1,0,1,6,2,4,0,0,0,78,37,41,3,1,2,55,26,29,17,5,12
238573,Total students enrolled for credit,165,17,148,4,0,4,6,1,5,7,2,5,8,0,8,1,0,1,133,14,119,2,0,2,4,0,4,0,0,0
238573,Undergraduate students,165,17,148,4,0,4,6,1,5,7,2,5,8,0,8,1,0,1,133,14,119,2,0,2,4,0,4,0,0,0
238616,Total students enrolled for credit,8943,2697,6246,76,25,51,173,47,126,850,206,644,89,37,52,10,4,6,6136,1715,4421,209,68,141,741,208,533,659,387,272
238616,Undergraduate students,3987,1388,2599,41,16,25,90,23,67,475,117,358,51,27,24,7,3,4,2960,1036,1924,137,53,84,110,42,68,116,71,45
238616,Graduate student,4956,1309,3647,35,9,26,83,24,59,375,89,286,38,10,28,3,1,2,3176,679,2497,72,15,57,631,166,465,543,316,227
238661,Total students enrolled for credit,3160,874,2286,9,2,7,66,19,47,99,43,56,160,51,109,5,4,1,2281,604,1677,64,17,47,348,85,263,128,49,79
238661,Undergraduate students,1829,529,1300,5,1,4,44,11,33,47,18,29,110,40,70,4,3,1,1426,397,1029,48,13,35,72,16,56,73,30,43
238661,Graduate student,1331,345,986,4,1,3,22,8,14,52,25,27,50,11,39,1,1,0,855,207,648,16,4,12,276,69,207,55,19,36
238722,Total students enrolled for credit,17681,9967,7714,159,91,68,656,324,332,443,267,176,702,370,332,22,12,10,12956,7170,5786,63,25,38,2520,1624,896,160,84,76
238722,Undergraduate students,17681,9967,7714,159,91,68,656,324,332,443,267,176,702,370,332,22,12,10,12956,7170,5786,63,25,38,2520,1624,896,160,84,76
238759,Total students enrolled for credit,12895,5855,7040,78,50,28,146,60,86,1331,530,801,1919,793,1126,12,8,4,8192,3808,4384,394,159,235,810,438,372,13,9,4
238759,Undergraduate students,12895,5855,7040,78,50,28,146,60,86,1331,530,801,1919,793,1126,12,8,4,8192,3808,4384,394,159,235,810,438,372,13,9,4
238786,Total students enrolled for credit,71,5,66,1,0,1,8,1,7,3,0,3,10,2,8,0,0,0,47,2,45,1,0,1,1,0,1,0,0,0
238786,Undergraduate students,71,5,66,1,0,1,8,1,7,3,0,3,10,2,8,0,0,0,47,2,45,1,0,1,1,0,1,0,0,0
238810,Total students enrolled for credit,75,7,68,0,0,0,1,0,1,0,0,0,1,0,1,0,0,0,72,7,65,0,0,0,1,0,1,0,0,0
238810,Undergraduate students,75,7,68,0,0,0,1,0,1,0,0,0,1,0,1,0,0,0,72,7,65,0,0,0,1,0,1,0,0,0
238980,Total students enrolled for credit,4329,1665,2664,71,22,49,155,62,93,233,116,117,166,62,104,4,1,3,3439,1269,2170,54,26,28,118,61,57,89,46,43
238980,Undergraduate students,3305,1372,1933,53,18,35,131,54,77,195,100,95,136,56,80,3,1,2,2582,1032,1550,48,23,25,93,55,38,64,33,31
238980,Graduate student,1024,293,731,18,4,14,24,8,16,38,16,22,30,6,24,1,0,1,857,237,620,6,3,3,25,6,19,25,13,12
239008,Total students enrolled for credit,4889,2274,2615,14,9,5,317,150,167,71,38,33,142,71,71,6,3,3,4053,1873,2180,167,57,110,119,73,46,0,0,0
239008,Undergraduate students,4889,2274,2615,14,9,5,317,150,167,71,38,33,142,71,71,6,3,3,4053,1873,2180,167,57,110,119,73,46,0,0,0
239017,Total students enrolled for credit,1545,722,823,4,1,3,83,32,51,58,25,33,119,60,59,2,1,1,1039,491,548,52,25,27,8,6,2,180,81,99
239017,Undergraduate students,1545,722,823,4,1,3,83,32,51,58,25,33,119,60,59,2,1,1,1039,491,548,52,25,27,8,6,2,180,81,99
239071,Total students enrolled for credit,1508,745,763,7,5,2,16,6,10,35,24,11,66,30,36,7,1,6,1261,617,644,60,32,28,34,18,16,22,12,10
239071,Undergraduate students,1242,558,684,7,5,2,13,3,10,25,17,8,59,25,34,4,1,3,1039,461,578,53,28,25,29,13,16,13,5,8
239071,Graduate student,266,187,79,0,0,0,3,3,0,10,7,3,7,5,2,3,0,3,222,156,66,7,4,3,5,5,0,9,7,2
239080,Total students enrolled for credit,2950,817,2133,15,7,8,29,5,24,154,54,100,119,45,74,4,1,3,2401,637,1764,20,8,12,169,32,137,39,28,11
239080,Undergraduate students,1734,504,1230,9,5,4,20,3,17,116,42,74,107,41,66,3,1,2,1394,371,1023,17,7,10,34,8,26,34,26,8
239080,Graduate student,1216,313,903,6,2,4,9,2,7,38,12,26,12,4,8,1,0,1,1007,266,741,3,1,2,135,24,111,5,2,3
239105,Total students enrolled for credit,11967,5551,6416,27,11,16,671,286,385,424,187,237,1106,513,593,9,3,6,8299,3841,4458,374,154,220,404,193,211,653,363,290
239105,Undergraduate students,8486,3944,4542,15,6,9,519,217,302,331,145,186,900,422,478,8,3,5,5958,2787,3171,309,131,178,87,39,48,359,194,165
239105,Graduate student,3481,1607,1874,12,5,7,152,69,83,93,42,51,206,91,115,1,0,1,2341,1054,1287,65,23,42,317,154,163,294,169,125
239169,Total students enrolled for credit,1347,721,626,0,0,0,154,75,79,69,31,38,62,40,22,8,1,7,864,474,390,8,4,4,123,65,58,59,31,28
239169,Graduate student,1347,721,626,0,0,0,154,75,79,69,31,38,62,40,22,8,1,7,864,474,390,8,4,4,123,65,58,59,31,28
239220,Total students enrolled for credit,4590,1951,2639,31,9,22,124,44,80,64,41,23,85,32,53,2,0,2,4024,1725,2299,185,66,119,75,34,41,0,0,0
239220,Undergraduate students,4590,1951,2639,31,9,22,124,44,80,64,41,23,85,32,53,2,0,2,4024,1725,2299,185,66,119,75,34,41,0,0,0
239248,Total students enrolled for credit,22618,10079,12539,159,67,92,1180,547,633,6008,2135,3873,3350,1464,1886,15,8,7,9548,4716,4832,743,295,448,1615,847,768,0,0,0
239248,Undergraduate students,22618,10079,12539,159,67,92,1180,547,633,6008,2135,3873,3350,1464,1886,15,8,7,9548,4716,4832,743,295,448,1615,847,768,0,0,0
239309,Total students enrolled for credit,633,221,412,3,1,2,23,6,17,45,28,17,90,36,54,1,0,1,419,129,290,41,18,23,5,2,3,6,1,5
239309,Undergraduate students,633,221,412,3,1,2,23,6,17,45,28,17,90,36,54,1,0,1,419,129,290,41,18,23,5,2,3,6,1,5
239318,Total students enrolled for credit,3070,2234,836,7,5,2,112,78,34,76,39,37,161,110,51,3,3,0,2046,1479,567,63,45,18,255,204,51,347,271,76
239318,Undergraduate students,2779,2045,734,6,4,2,104,72,32,64,33,31,147,101,46,3,3,0,1845,1354,491,59,43,16,228,182,46,323,253,70
239318,Graduate student,291,189,102,1,1,0,8,6,2,12,6,6,14,9,5,0,0,0,201,125,76,4,2,2,27,22,5,24,18,6
239372,Total students enrolled for credit,9211,4533,4678,53,38,15,102,38,64,366,252,114,488,232,256,7,4,3,7641,3592,4049,143,62,81,411,315,96,0,0,0
239372,Undergraduate students,9211,4533,4678,53,38,15,102,38,64,366,252,114,488,232,256,7,4,3,7641,3592,4049,143,62,81,411,315,96,0,0,0
239390,Total students enrolled for credit,1585,76,1509,4,1,3,83,3,80,210,5,205,194,6,188,1,0,1,1001,58,943,57,1,56,10,1,9,25,1,24
239390,Undergraduate students,821,5,816,1,0,1,65,0,65,152,1,151,148,1,147,0,0,0,401,3,398,34,0,34,4,0,4,16,0,16
239390,Graduate student,764,71,693,3,1,2,18,3,15,58,4,54,46,5,41,1,0,1,600,55,545,23,1,22,6,1,5,9,1,8
239424,Total students enrolled for credit,96,82,14,3,3,0,2,2,0,3,2,1,1,1,0,0,0,0,71,60,11,2,1,1,7,6,1,7,7,0
239424,Graduate student,96,82,14,3,3,0,2,2,0,3,2,1,1,1,0,0,0,0,71,60,11,2,1,1,7,6,1,7,7,0
239442,Total students enrolled for credit,1924,729,1195,82,35,47,22,10,12,11,6,5,11,5,6,2,2,0,1734,652,1082,62,19,43,0,0,0,0,0,0
239442,Undergraduate students,1924,729,1195,82,35,47,22,10,12,11,6,5,11,5,6,2,2,0,1734,652,1082,62,19,43,0,0,0,0,0,0
239460,Total students enrolled for credit,8584,3589,4995,63,22,41,375,184,191,91,57,34,158,68,90,10,4,6,5255,2029,3226,90,31,59,2542,1194,1348,0,0,0
239460,Undergraduate students,8584,3589,4995,63,22,41,375,184,191,91,57,34,158,68,90,10,4,6,5255,2029,3226,90,31,59,2542,1194,1348,0,0,0
239488,Total students enrolled for credit,12360,4685,7675,323,110,213,372,140,232,427,166,261,894,362,532,9,5,4,10030,3774,6256,303,127,176,2,1,1,0,0,0
239488,Undergraduate students,12360,4685,7675,323,110,213,372,140,232,427,166,261,894,362,532,9,5,4,10030,3774,6256,303,127,176,2,1,1,0,0,0
239512,Total students enrolled for credit,626,301,325,22,4,18,4,1,3,7,4,3,29,18,11,0,0,0,498,241,257,11,0,11,36,18,18,19,15,4
239512,Undergraduate students,626,301,325,22,4,18,4,1,3,7,4,3,29,18,11,0,0,0,498,241,257,11,0,11,36,18,18,19,15,4
239628,Total students enrolled for credit,813,393,420,2,2,0,8,2,6,19,9,10,49,26,23,0,0,0,674,320,354,19,8,11,6,5,1,36,21,15
239628,Undergraduate students,813,393,420,2,2,0,8,2,6,19,9,10,49,26,23,0,0,0,674,320,354,19,8,11,6,5,1,36,21,15
239637,Total students enrolled for credit,86,84,2,0,0,0,0,0,0,4,4,0,8,8,0,1,1,0,52,50,2,0,0,0,0,0,0,21,21,0
239637,Graduate student,86,84,2,0,0,0,0,0,0,4,4,0,8,8,0,1,1,0,52,50,2,0,0,0,0,0,0,21,21,0
239716,Total students enrolled for credit,2291,994,1297,22,11,11,31,11,20,25,17,8,97,40,57,1,0,1,1961,828,1133,40,19,21,46,22,24,68,46,22
239716,Undergraduate students,2162,939,1223,21,10,11,31,11,20,24,16,8,86,35,51,1,0,1,1885,801,1084,38,17,21,9,4,5,67,45,22
239716,Graduate student,129,55,74,1,1,0,0,0,0,1,1,0,11,5,6,0,0,0,76,27,49,2,2,0,37,18,19,1,1,0
239743,Total students enrolled for credit,735,231,504,4,0,4,16,2,14,60,35,25,35,14,21,1,0,1,479,135,344,7,2,5,117,38,79,16,5,11
239743,Undergraduate students,426,144,282,1,0,1,14,2,12,53,30,23,30,14,16,1,0,1,276,81,195,6,2,4,29,10,19,16,5,11
239743,Graduate student,309,87,222,3,0,3,2,0,2,7,5,2,5,0,5,0,0,0,203,54,149,1,0,1,88,28,60,0,0,0
239877,Total students enrolled for credit,74,5,69,2,1,1,7,1,6,1,0,1,1,0,1,0,0,0,63,3,60,0,0,0,0,0,0,0,0,0
239877,Undergraduate students,74,5,69,2,1,1,7,1,6,1,0,1,1,0,1,0,0,0,63,3,60,0,0,0,0,0,0,0,0,0
239910,Total students enrolled for credit,3463,1561,1902,10,7,3,29,11,18,81,52,29,70,34,36,3,2,1,3226,1432,1794,34,16,18,10,7,3,0,0,0
239910,Undergraduate students,3463,1561,1902,10,7,3,29,11,18,81,52,29,70,34,36,3,2,1,3226,1432,1794,34,16,18,10,7,3,0,0,0
239929,Total students enrolled for credit,723,187,536,5,0,5,5,3,2,581,155,426,60,15,45,1,0,1,62,12,50,7,1,6,2,1,1,0,0,0
239929,Undergraduate students,723,187,536,5,0,5,5,3,2,581,155,426,60,15,45,1,0,1,62,12,50,7,1,6,2,1,1,0,0,0
240055,Total students enrolled for credit,15773,7162,8611,81,42,39,814,383,431,440,245,195,991,476,515,14,7,7,12826,5692,7134,355,166,189,89,55,34,163,96,67
240055,Undergraduate students,15773,7162,8611,81,42,39,814,383,431,440,245,195,991,476,515,14,7,7,12826,5692,7134,355,166,189,89,55,34,163,96,67
240107,Total students enrolled for credit,6859,1545,5314,30,9,21,44,10,34,79,24,55,115,34,81,9,0,9,6356,1385,4971,77,21,56,86,21,65,63,41,22
240107,Undergraduate students,2110,569,1541,6,3,3,22,6,16,29,15,14,57,17,40,1,0,1,1900,483,1417,49,14,35,8,3,5,38,28,10
240107,Graduate student,4749,976,3773,24,6,18,22,4,18,50,9,41,58,17,41,8,0,8,4456,902,3554,28,7,21,78,18,60,25,13,12
240116,Total students enrolled for credit,9849,4686,5163,89,51,38,350,145,205,236,146,90,152,73,79,10,6,4,8335,3927,4408,200,87,113,477,251,226,0,0,0
240116,Undergraduate students,9849,4686,5163,89,51,38,350,145,205,236,146,90,152,73,79,10,6,4,8335,3927,4408,200,87,113,477,251,226,0,0,0
240125,Total students enrolled for credit,11187,5508,5679,35,10,25,314,131,183,727,244,483,950,458,492,31,14,17,8616,4376,4240,263,118,145,241,152,89,10,5,5
240125,Undergraduate students,11187,5508,5679,35,10,25,314,131,183,727,244,483,950,458,492,31,14,17,8616,4376,4240,263,118,145,241,152,89,10,5,5
240170,Total students enrolled for credit,5846,2716,3130,78,32,46,234,116,118,174,130,44,162,69,93,4,3,1,4742,2131,2611,128,58,70,324,177,147,0,0,0
240170,Undergraduate students,5846,2716,3130,78,32,46,234,116,118,174,130,44,162,69,93,4,3,1,4742,2131,2611,128,58,70,324,177,147,0,0,0
240189,Total students enrolled for credit,14456,7189,7267,30,13,17,285,148,137,607,332,275,800,375,425,11,8,3,11793,5853,5940,590,294,296,15,8,7,325,158,167
240189,Undergraduate students,12825,6465,6360,21,9,12,238,122,116,525,287,238,760,360,400,8,6,2,10428,5265,5163,573,288,285,12,7,5,260,121,139
240189,Graduate student,1631,724,907,9,4,5,47,26,21,82,45,37,40,15,25,3,2,1,1365,588,777,17,6,11,3,1,2,65,37,28
240198,Total students enrolled for credit,4305,1547,2758,106,44,62,39,13,26,45,21,24,23,10,13,4,3,1,3892,1387,2505,104,38,66,92,31,61,0,0,0
240198,Undergraduate students,4305,1547,2758,106,44,62,39,13,26,45,21,24,23,10,13,4,3,1,3892,1387,2505,104,38,66,92,31,61,0,0,0
240213,Total students enrolled for credit,87,19,68,2,0,2,2,1,1,2,0,2,8,2,6,0,0,0,73,16,57,0,0,0,0,0,0,0,0,0
240213,Graduate student,87,19,68,2,0,2,2,1,1,2,0,2,8,2,6,0,0,0,73,16,57,0,0,0,0,0,0,0,0,0
240240,Total students enrolled for credit,167,29,138,12,2,10,5,2,3,10,7,3,23,7,16,0,0,0,114,11,103,2,0,2,1,0,1,0,0,0
240240,Undergraduate students,167,29,138,12,2,10,5,2,3,10,7,3,23,7,16,0,0,0,114,11,103,2,0,2,1,0,1,0,0,0
240268,Total students enrolled for credit,11836,4541,7295,34,18,16,420,138,282,127,79,48,314,134,180,8,2,6,10387,3943,6444,229,96,133,26,8,18,291,123,168
240268,Undergraduate students,10944,4191,6753,33,18,15,391,124,267,110,74,36,296,129,167,8,2,6,9585,3637,5948,219,89,130,20,4,16,282,114,168
240268,Graduate student,892,350,542,1,0,1,29,14,15,17,5,12,18,5,13,0,0,0,802,306,496,10,7,3,6,4,2,9,9,0
240277,Total students enrolled for credit,8412,2798,5614,114,43,71,255,108,147,139,74,65,353,131,222,7,1,6,7025,2232,4793,219,75,144,167,59,108,133,75,58
240277,Undergraduate students,7921,2639,5282,101,37,64,243,100,143,129,71,58,339,122,217,7,1,6,6609,2106,4503,210,73,137,158,57,101,125,72,53
240277,Graduate student,491,159,332,13,6,7,12,8,4,10,3,7,14,9,5,0,0,0,416,126,290,9,2,7,9,2,7,8,3,5
240329,Total students enrolled for credit,11943,4987,6956,22,13,9,274,126,148,96,57,39,391,176,215,7,5,2,10635,4352,6283,292,129,163,8,3,5,218,126,92
240329,Undergraduate students,10480,4572,5908,17,12,5,248,121,127,90,55,35,368,168,200,7,5,2,9301,3990,5311,276,123,153,4,2,2,169,96,73
240329,Graduate student,1463,415,1048,5,1,4,26,5,21,6,2,4,23,8,15,0,0,0,1334,362,972,16,6,10,4,1,3,49,30,19
240338,Total students enrolled for credit,1407,588,819,5,2,3,20,8,12,74,39,35,76,42,34,0,0,0,1160,460,700,36,23,13,19,6,13,17,8,9
240338,Undergraduate students,1198,517,681,5,2,3,16,6,10,67,35,32,66,40,26,0,0,0,982,403,579,31,20,11,14,3,11,17,8,9
240338,Graduate student,209,71,138,0,0,0,4,2,2,7,4,3,10,2,8,0,0,0,178,57,121,5,3,2,5,3,2,0,0,0
240365,Total students enrolled for credit,16213,6171,10042,75,30,45,580,201,379,308,155,153,670,264,406,11,5,6,13992,5287,8705,369,145,224,88,25,63,120,59,61
240365,Undergraduate students,14113,5635,8478,56,27,29,536,188,348,281,141,140,620,252,368,9,4,5,12075,4813,7262,366,144,222,81,24,57,89,42,47
240365,Graduate student,2100,536,1564,19,3,16,44,13,31,27,14,13,50,12,38,2,1,1,1917,474,1443,3,1,2,7,1,6,31,17,14
240374,Total students enrolled for credit,5217,2421,2796,11,8,3,176,88,88,456,189,267,722,323,399,7,4,3,3508,1649,1859,212,100,112,8,3,5,117,57,60
240374,Undergraduate students,4932,2313,2619,11,8,3,168,85,83,443,180,263,708,314,394,7,4,3,3298,1580,1718,208,98,110,5,2,3,84,42,42
240374,Graduate student,285,108,177,0,0,0,8,3,5,13,9,4,14,9,5,0,0,0,210,69,141,4,2,2,3,1,2,33,15,18
240392,Total students enrolled for credit,4127,873,3254,49,16,33,108,42,66,1203,143,1060,211,48,163,0,0,0,1731,451,1280,51,8,43,771,164,607,3,1,2
240392,Undergraduate students,3535,757,2778,43,14,29,73,34,39,1040,122,918,177,38,139,0,0,0,1536,417,1119,47,7,40,616,124,492,3,1,2
240392,Graduate student,592,116,476,6,2,4,35,8,27,163,21,142,34,10,24,0,0,0,195,34,161,4,1,3,155,40,115,0,0,0
240417,Total students enrolled for credit,11232,5676,5556,37,18,19,373,177,196,235,149,86,292,158,134,12,6,6,9568,4763,4805,198,103,95,109,38,71,408,264,144
240417,Undergraduate students,9359,5078,4281,29,15,14,317,160,157,173,119,54,249,139,110,10,6,4,8035,4294,3741,182,99,83,50,25,25,314,221,93
240417,Graduate student,1873,598,1275,8,3,5,56,17,39,62,30,32,43,19,24,2,0,2,1533,469,1064,16,4,12,59,13,46,94,43,51
240426,Total students enrolled for credit,3040,1154,1886,45,15,30,41,7,34,54,31,23,73,31,42,3,0,3,2424,873,1551,102,33,69,13,7,6,285,157,128
240426,Undergraduate students,2850,1099,1751,45,15,30,39,7,32,49,29,20,67,31,36,2,0,2,2252,822,1430,99,32,67,12,6,6,285,157,128
240426,Graduate student,190,55,135,0,0,0,2,0,2,5,2,3,6,0,6,1,0,1,172,51,121,3,1,2,1,1,0,0,0,0
240444,Total students enrolled for credit,46350,22712,23638,101,35,66,2606,1208,1398,1042,456,586,2200,1027,1173,38,18,20,31979,15486,16493,1329,599,730,507,264,243,6548,3619,2929
240444,Undergraduate students,33863,16528,17335,64,20,44,2018,934,1084,731,334,397,1609,761,848,32,15,17,24643,12015,12628,1074,500,574,127,70,57,3565,1879,1686
240444,Graduate student,12487,6184,6303,37,15,22,588,274,314,311,122,189,591,266,325,6,3,3,7336,3471,3865,255,99,156,380,194,186,2983,1740,1243
240453,Total students enrolled for credit,30031,13808,16223,115,55,60,1804,904,900,2299,839,1460,2717,1198,1519,27,15,12,19894,9099,10795,1107,437,670,140,55,85,1928,1206,722
240453,Undergraduate students,24337,11548,12789,104,51,53,1598,824,774,1976,735,1241,2427,1086,1341,22,13,9,16126,7705,8421,982,400,582,52,26,26,1050,708,342
240453,Graduate student,5694,2260,3434,11,4,7,206,80,126,323,104,219,290,112,178,5,2,3,3768,1394,2374,125,37,88,88,29,59,878,498,380
240462,Total students enrolled for credit,9916,6205,3711,23,7,16,151,99,52,239,120,119,397,239,158,10,5,5,8633,5477,3156,194,99,95,48,30,18,221,129,92
240462,Undergraduate students,8628,5511,3117,19,5,14,123,82,41,144,72,72,340,206,134,7,3,4,7669,4947,2722,164,91,73,18,10,8,144,95,49
240462,Graduate student,1288,694,594,4,2,2,28,17,11,95,48,47,57,33,24,3,2,1,964,530,434,30,8,22,30,20,10,77,34,43
240471,Total students enrolled for credit,6633,2562,4071,13,6,7,166,77,89,124,72,52,188,87,101,4,2,2,5774,2159,3615,169,66,103,14,7,7,181,86,95
240471,Undergraduate students,6065,2373,3692,13,6,7,149,70,79,107,63,44,177,81,96,3,1,2,5303,2019,3284,160,65,95,12,5,7,141,63,78
240471,Graduate student,568,189,379,0,0,0,17,7,10,17,9,8,11,6,5,1,1,0,471,140,331,9,1,8,2,2,0,40,23,17
240480,Total students enrolled for credit,9703,4430,5273,40,20,20,280,124,156,230,135,95,350,147,203,8,4,4,8405,3813,4592,197,92,105,11,6,5,182,89,93
240480,Undergraduate students,9091,4270,4821,38,20,18,272,121,151,214,123,91,343,145,198,7,4,3,7842,3674,4168,193,91,102,9,5,4,173,87,86
240480,Graduate student,612,160,452,2,0,2,8,3,5,16,12,4,7,2,5,1,0,1,563,139,424,4,1,3,2,1,1,9,2,7
240505,Total students enrolled for credit,4867,2074,2793,33,13,20,42,13,29,58,35,23,302,117,185,8,2,6,4142,1742,2400,113,40,73,142,105,37,27,7,20
240505,Undergraduate students,4867,2074,2793,33,13,20,42,13,29,58,35,23,302,117,185,8,2,6,4142,1742,2400,113,40,73,142,105,37,27,7,20
240514,Total students enrolled for credit,2601,1197,1404,296,126,170,20,6,14,21,10,11,220,94,126,3,3,0,1845,856,989,75,29,46,118,73,45,3,0,3
240514,Undergraduate students,2601,1197,1404,296,126,170,20,6,14,21,10,11,220,94,126,3,3,0,1845,856,989,75,29,46,118,73,45,3,0,3
240596,Total students enrolled for credit,2213,948,1265,26,13,13,10,4,6,13,11,2,156,75,81,7,3,4,1960,823,1137,14,8,6,1,0,1,26,11,15
240596,Undergraduate students,2213,948,1265,26,13,13,10,4,6,13,11,2,156,75,81,7,3,4,1960,823,1137,14,8,6,1,0,1,26,11,15
240620,Total students enrolled for credit,5975,2555,3420,66,29,37,87,39,48,153,88,65,686,296,390,15,3,12,4461,1854,2607,111,50,61,354,172,182,42,24,18
240620,Undergraduate students,5975,2555,3420,66,29,37,87,39,48,153,88,65,686,296,390,15,3,12,4461,1854,2607,111,50,61,354,172,182,42,24,18
240657,Total students enrolled for credit,2243,893,1350,13,6,7,13,6,7,8,4,4,162,62,100,6,5,1,1905,746,1159,42,18,24,4,2,2,90,44,46
240657,Undergraduate students,2243,893,1350,13,6,7,13,6,7,8,4,4,162,62,100,6,5,1,1905,746,1159,42,18,24,4,2,2,90,44,46
240666,Total students enrolled for credit,5703,3280,2423,80,50,30,32,12,20,52,42,10,362,200,162,10,6,4,5000,2883,2117,139,70,69,0,0,0,28,17,11
240666,Undergraduate students,5703,3280,2423,80,50,30,32,12,20,52,42,10,362,200,162,10,6,4,5000,2883,2117,139,70,69,0,0,0,28,17,11
240693,Total students enrolled for credit,5619,3015,2604,30,16,14,65,29,36,41,31,10,673,350,323,12,7,5,4514,2456,2058,120,51,69,3,2,1,161,73,88
240693,Undergraduate students,5619,3015,2604,30,16,14,65,29,36,41,31,10,673,350,323,12,7,5,4514,2456,2058,120,51,69,3,2,1,161,73,88
240709,Total students enrolled for credit,50,3,47,1,0,1,0,0,0,1,0,1,16,2,14,0,0,0,32,1,31,0,0,0,0,0,0,0,0,0
240709,Undergraduate students,50,3,47,1,0,1,0,0,0,1,0,1,16,2,14,0,0,0,32,1,31,0,0,0,0,0,0,0,0,0
240718,Total students enrolled for credit,753,708,45,27,25,2,8,6,2,12,11,1,147,138,9,4,4,0,528,498,30,22,21,1,5,5,0,0,0,0
240718,Undergraduate students,753,708,45,27,25,2,8,6,2,12,11,1,147,138,9,4,4,0,528,498,30,22,21,1,5,5,0,0,0,0
240727,Total students enrolled for credit,13975,6811,7164,85,31,54,162,77,85,158,114,44,893,409,484,24,11,13,9886,4656,5230,459,243,216,1417,674,743,891,596,295
240727,Undergraduate students,10874,5394,5480,65,24,41,132,58,74,139,103,36,774,365,409,22,11,11,7841,3809,4032,378,201,177,1069,518,551,454,305,149
240727,Graduate student,3101,1417,1684,20,7,13,30,19,11,19,11,8,119,44,75,2,0,2,2045,847,1198,81,42,39,348,156,192,437,291,146
240736,Total students enrolled for credit,1581,515,1066,0,0,0,10,3,7,0,0,0,1,0,1,1401,470,931,3,1,2,0,0,0,1,0,1,165,41,124
240736,Undergraduate students,1581,515,1066,0,0,0,10,3,7,0,0,0,1,0,1,1401,470,931,3,1,2,0,0,0,1,0,1,165,41,124
240745,Total students enrolled for credit,2845,1265,1580,1,0,1,1183,565,618,27,16,11,15,9,6,1537,629,908,62,34,28,2,2,0,18,10,8,0,0,0
240745,Undergraduate students,2845,1265,1580,1,0,1,1183,565,618,27,16,11,15,9,6,1537,629,908,62,34,28,2,2,0,18,10,8,0,0,0
240754,Total students enrolled for credit,4519,1897,2622,3,2,1,1977,860,1117,36,25,11,27,9,18,2177,867,1310,164,73,91,1,0,1,97,44,53,37,17,20
240754,Undergraduate students,4132,1774,2358,3,2,1,1846,815,1031,33,23,10,26,9,17,1976,810,1166,126,58,68,1,0,1,88,41,47,33,16,17
240754,Graduate student,387,123,264,0,0,0,131,45,86,3,2,1,1,0,1,201,57,144,38,15,23,0,0,0,9,3,6,4,1,3
240790,Total students enrolled for credit,1356,573,783,0,0,0,419,182,237,2,1,1,1,1,0,615,257,358,21,9,12,153,62,91,54,20,34,91,41,50
240790,Undergraduate students,1356,573,783,0,0,0,419,182,237,2,1,1,1,1,0,615,257,358,21,9,12,153,62,91,54,20,34,91,41,50
240879,Total students enrolled for credit,628,200,428,0,0,0,0,0,0,0,0,0,628,200,428,0,0,0,0,0,0,0,0,0,0,0,0,0,0,0
240879,Undergraduate students,628,200,428,0,0,0,0,0,0,0,0,0,628,200,428,0,0,0,0,0,0,0,0,0,0,0,0,0,0,0
240985,Total students enrolled for credit,420,125,295,0,0,0,0,0,0,0,0,0,420,125,295,0,0,0,0,0,0,0,0,0,0,0,0,0,0,0
240985,Undergraduate students,420,125,295,0,0,0,0,0,0,0,0,0,420,125,295,0,0,0,0,0,0,0,0,0,0,0,0,0,0,0
241100,Total students enrolled for credit,851,404,447,0,0,0,0,0,0,0,0,0,851,404,447,0,0,0,0,0,0,0,0,0,0,0,0,0,0,0
241100,Undergraduate students,795,383,412,0,0,0,0,0,0,0,0,0,795,383,412,0,0,0,0,0,0,0,0,0,0,0,0,0,0,0
241100,Graduate student,56,21,35,0,0,0,0,0,0,0,0,0,56,21,35,0,0,0,0,0,0,0,0,0,0,0,0,0,0,0
241128,Total students enrolled for credit,1099,470,629,0,0,0,0,0,0,0,0,0,1099,470,629,0,0,0,0,0,0,0,0,0,0,0,0,0,0,0
241128,Undergraduate students,1042,457,585,0,0,0,0,0,0,0,0,0,1042,457,585,0,0,0,0,0,0,0,0,0,0,0,0,0,0,0
241128,Graduate student,57,13,44,0,0,0,0,0,0,0,0,0,57,13,44,0,0,0,0,0,0,0,0,0,0,0,0,0,0,0
241146,Total students enrolled for credit,1326,438,888,0,0,0,0,0,0,0,0,0,1326,438,888,0,0,0,0,0,0,0,0,0,0,0,0,0,0,0
241146,Undergraduate students,1326,438,888,0,0,0,0,0,0,0,0,0,1326,438,888,0,0,0,0,0,0,0,0,0,0,0,0,0,0,0
241182,Total students enrolled for credit,824,220,604,0,0,0,0,0,0,0,0,0,824,220,604,0,0,0,0,0,0,0,0,0,0,0,0,0,0,0
241182,Undergraduate students,824,220,604,0,0,0,0,0,0,0,0,0,824,220,604,0,0,0,0,0,0,0,0,0,0,0,0,0,0,0
241191,Total students enrolled for credit,1562,574,988,1,0,1,4,3,1,17,10,7,1486,542,944,0,0,0,12,6,6,0,0,0,0,0,0,42,13,29
241191,Undergraduate students,1453,549,904,1,0,1,4,3,1,17,10,7,1379,517,862,0,0,0,12,6,6,0,0,0,0,0,0,40,13,27
241191,Graduate student,109,25,84,0,0,0,0,0,0,0,0,0,107,25,82,0,0,0,0,0,0,0,0,0,0,0,0,2,0,2
241216,Total students enrolled for credit,1846,1331,515,0,0,0,0,0,0,0,0,0,1846,1331,515,0,0,0,0,0,0,0,0,0,0,0,0,0,0,0
241216,Undergraduate students,1716,1254,462,0,0,0,0,0,0,0,0,0,1716,1254,462,0,0,0,0,0,0,0,0,0,0,0,0,0,0,0
241216,Graduate student,130,77,53,0,0,0,0,0,0,0,0,0,130,77,53,0,0,0,0,0,0,0,0,0,0,0,0,0,0,0
241225,Total students enrolled for credit,2115,716,1399,0,0,0,0,0,0,0,0,0,2103,707,1396,0,0,0,0,0,0,0,0,0,0,0,0,12,9,3
241225,Undergraduate students,1654,593,1061,0,0,0,0,0,0,0,0,0,1646,587,1059,0,0,0,0,0,0,0,0,0,0,0,0,8,6,2
241225,Graduate student,461,123,338,0,0,0,0,0,0,0,0,0,457,120,337,0,0,0,0,0,0,0,0,0,0,0,0,4,3,1
241304,Total students enrolled for credit,1985,724,1261,0,0,0,0,0,0,0,0,0,1985,724,1261,0,0,0,0,0,0,0,0,0,0,0,0,0,0,0
241304,Undergraduate students,1733,656,1077,0,0,0,0,0,0,0,0,0,1733,656,1077,0,0,0,0,0,0,0,0,0,0,0,0,0,0,0
241304,Graduate student,252,68,184,0,0,0,0,0,0,0,0,0,252,68,184,0,0,0,0,0,0,0,0,0,0,0,0,0,0,0
241331,Total students enrolled for credit,1731,326,1405,0,0,0,0,0,0,0,0,0,1702,314,1388,0,0,0,3,2,1,6,0,6,20,10,10,0,0,0
241331,Undergraduate students,420,68,352,0,0,0,0,0,0,0,0,0,411,65,346,0,0,0,0,0,0,3,0,3,6,3,3,0,0,0
241331,Graduate student,1311,258,1053,0,0,0,0,0,0,0,0,0,1291,249,1042,0,0,0,3,2,1,3,0,3,14,7,7,0,0,0
241377,Total students enrolled for credit,1961,836,1125,0,0,0,0,0,0,0,0,0,1961,836,1125,0,0,0,0,0,0,0,0,0,0,0,0,0,0,0
241377,Undergraduate students,1624,744,880,0,0,0,0,0,0,0,0,0,1624,744,880,0,0,0,0,0,0,0,0,0,0,0,0,0,0,0
241377,Graduate student,337,92,245,0,0,0,0,0,0,0,0,0,337,92,245,0,0,0,0,0,0,0,0,0,0,0,0,0,0,0
241386,Total students enrolled for credit,516,125,391,0,0,0,0,0,0,0,0,0,516,125,391,0,0,0,0,0,0,0,0,0,0,0,0,0,0,0
241386,Undergraduate students,458,114,344,0,0,0,0,0,0,0,0,0,458,114,344,0,0,0,0,0,0,0,0,0,0,0,0,0,0,0
241386,Graduate student,58,11,47,0,0,0,0,0,0,0,0,0,58,11,47,0,0,0,0,0,0,0,0,0,0,0,0,0,0,0
241395,Total students enrolled for credit,1157,377,780,0,0,0,0,0,0,0,0,0,1109,365,744,0,0,0,4,2,2,0,0,0,44,10,34,0,0,0
241395,Undergraduate students,720,275,445,0,0,0,0,0,0,0,0,0,685,266,419,0,0,0,2,2,0,0,0,0,33,7,26,0,0,0
241395,Graduate student,437,102,335,0,0,0,0,0,0,0,0,0,424,99,325,0,0,0,2,0,2,0,0,0,11,3,8,0,0,0
241410,Total students enrolled for credit,7992,3088,4904,0,0,0,2,1,1,2,1,1,7878,3046,4832,0,0,0,14,3,11,0,0,0,69,23,46,27,14,13
241410,Undergraduate students,5687,2346,3341,0,0,0,2,1,1,1,0,1,5614,2324,3290,0,0,0,11,2,9,0,0,0,46,13,33,13,6,7
241410,Graduate student,2305,742,1563,0,0,0,0,0,0,1,1,0,2264,722,1542,0,0,0,3,1,2,0,0,0,23,10,13,14,8,6
241517,Total students enrolled for credit,1062,320,742,0,0,0,0,0,0,0,0,0,1062,320,742,0,0,0,0,0,0,0,0,0,0,0,0,0,0,0
241517,Undergraduate students,1062,320,742,0,0,0,0,0,0,0,0,0,1062,320,742,0,0,0,0,0,0,0,0,0,0,0,0,0,0,0
241614,Total students enrolled for credit,414,222,192,0,0,0,0,0,0,0,0,0,414,222,192,0,0,0,0,0,0,0,0,0,0,0,0,0,0,0
241614,Undergraduate students,328,184,144,0,0,0,0,0,0,0,0,0,328,184,144,0,0,0,0,0,0,0,0,0,0,0,0,0,0,0
241614,Graduate student,86,38,48,0,0,0,0,0,0,0,0,0,86,38,48,0,0,0,0,0,0,0,0,0,0,0,0,0,0,0
241720,Total students enrolled for credit,1771,756,1015,0,0,0,0,0,0,0,0,0,1771,756,1015,0,0,0,0,0,0,0,0,0,0,0,0,0,0,0
241720,Undergraduate students,1771,756,1015,0,0,0,0,0,0,0,0,0,1771,756,1015,0,0,0,0,0,0,0,0,0,0,0,0,0,0,0
241739,Total students enrolled for credit,15688,5562,10126,0,0,0,0,0,0,0,0,0,15688,5562,10126,0,0,0,0,0,0,0,0,0,0,0,0,0,0,0
241739,Undergraduate students,12714,4533,8181,0,0,0,0,0,0,0,0,0,12714,4533,8181,0,0,0,0,0,0,0,0,0,0,0,0,0,0,0
241739,Graduate student,2974,1029,1945,0,0,0,0,0,0,0,0,0,2974,1029,1945,0,0,0,0,0,0,0,0,0,0,0,0,0,0,0
241766,Total students enrolled for credit,479,329,150,0,0,0,0,0,0,0,0,0,458,310,148,0,0,0,0,0,0,0,0,0,0,0,0,21,19,2
241766,Undergraduate students,437,300,137,0,0,0,0,0,0,0,0,0,421,285,136,0,0,0,0,0,0,0,0,0,0,0,0,16,15,1
241766,Graduate student,42,29,13,0,0,0,0,0,0,0,0,0,37,25,12,0,0,0,0,0,0,0,0,0,0,0,0,5,4,1
241793,Total students enrolled for credit,650,295,355,0,0,0,0,0,0,0,0,0,650,295,355,0,0,0,0,0,0,0,0,0,0,0,0,0,0,0
241793,Graduate student,650,295,355,0,0,0,0,0,0,0,0,0,650,295,355,0,0,0,0,0,0,0,0,0,0,0,0,0,0,0
241836,Total students enrolled for credit,1683,553,1130,0,0,0,0,0,0,0,0,0,1683,553,1130,0,0,0,0,0,0,0,0,0,0,0,0,0,0,0
241836,Undergraduate students,1586,534,1052,0,0,0,0,0,0,0,0,0,1586,534,1052,0,0,0,0,0,0,0,0,0,0,0,0,0,0,0
241836,Graduate student,97,19,78,0,0,0,0,0,0,0,0,0,97,19,78,0,0,0,0,0,0,0,0,0,0,0,0,0,0,0
241906,Total students enrolled for credit,449,95,354,0,0,0,0,0,0,0,0,0,449,95,354,0,0,0,0,0,0,0,0,0,0,0,0,0,0,0
241906,Undergraduate students,449,95,354,0,0,0,0,0,0,0,0,0,449,95,354,0,0,0,0,0,0,0,0,0,0,0,0,0,0,0
241951,Total students enrolled for credit,583,208,375,0,0,0,0,0,0,0,0,0,583,208,375,0,0,0,0,0,0,0,0,0,0,0,0,0,0,0
241951,Undergraduate students,583,208,375,0,0,0,0,0,0,0,0,0,583,208,375,0,0,0,0,0,0,0,0,0,0,0,0,0,0,0
242042,Total students enrolled for credit,730,428,302,0,0,0,0,0,0,0,0,0,730,428,302,0,0,0,0,0,0,0,0,0,0,0,0,0,0,0
242042,Undergraduate students,730,428,302,0,0,0,0,0,0,0,0,0,730,428,302,0,0,0,0,0,0,0,0,0,0,0,0,0,0,0
242112,Total students enrolled for credit,1626,650,976,0,0,0,0,0,0,0,0,0,1626,650,976,0,0,0,0,0,0,0,0,0,0,0,0,0,0,0
242112,Undergraduate students,1626,650,976,0,0,0,0,0,0,0,0,0,1626,650,976,0,0,0,0,0,0,0,0,0,0,0,0,0,0,0
242121,Total students enrolled for credit,757,246,511,0,0,0,0,0,0,0,0,0,757,246,511,0,0,0,0,0,0,0,0,0,0,0,0,0,0,0
242121,Undergraduate students,757,246,511,0,0,0,0,0,0,0,0,0,757,246,511,0,0,0,0,0,0,0,0,0,0,0,0,0,0,0
242130,Total students enrolled for credit,668,199,469,0,0,0,0,0,0,0,0,0,668,199,469,0,0,0,0,0,0,0,0,0,0,0,0,0,0,0
242130,Undergraduate students,668,199,469,0,0,0,0,0,0,0,0,0,668,199,469,0,0,0,0,0,0,0,0,0,0,0,0,0,0,0
242149,Total students enrolled for credit,779,286,493,0,0,0,0,0,0,0,0,0,779,286,493,0,0,0,0,0,0,0,0,0,0,0,0,0,0,0
242149,Undergraduate students,779,286,493,0,0,0,0,0,0,0,0,0,779,286,493,0,0,0,0,0,0,0,0,0,0,0,0,0,0,0
242316,Total students enrolled for credit,276,108,168,0,0,0,0,0,0,0,0,0,276,108,168,0,0,0,0,0,0,0,0,0,0,0,0,0,0,0
242316,Undergraduate students,276,108,168,0,0,0,0,0,0,0,0,0,276,108,168,0,0,0,0,0,0,0,0,0,0,0,0,0,0,0
242413,Total students enrolled for credit,342,251,91,0,0,0,0,0,0,0,0,0,342,251,91,0,0,0,0,0,0,0,0,0,0,0,0,0,0,0
242413,Undergraduate students,342,251,91,0,0,0,0,0,0,0,0,0,342,251,91,0,0,0,0,0,0,0,0,0,0,0,0,0,0,0
242422,Total students enrolled for credit,13781,5972,7809,13,2,11,2,1,1,12,5,7,13711,5945,7766,1,1,0,0,0,0,30,13,17,12,5,7,0,0,0
242422,Undergraduate students,13781,5972,7809,13,2,11,2,1,1,12,5,7,13711,5945,7766,1,1,0,0,0,0,30,13,17,12,5,7,0,0,0
242556,Total students enrolled for credit,844,513,331,0,0,0,0,0,0,0,0,0,844,513,331,0,0,0,0,0,0,0,0,0,0,0,0,0,0,0
242556,Undergraduate students,844,513,331,0,0,0,0,0,0,0,0,0,844,513,331,0,0,0,0,0,0,0,0,0,0,0,0,0,0,0
242565,Total students enrolled for credit,693,403,290,0,0,0,0,0,0,0,0,0,693,403,290,0,0,0,0,0,0,0,0,0,0,0,0,0,0,0
242565,Undergraduate students,693,403,290,0,0,0,0,0,0,0,0,0,693,403,290,0,0,0,0,0,0,0,0,0,0,0,0,0,0,0
242583,Total students enrolled for credit,769,505,264,0,0,0,0,0,0,0,0,0,769,505,264,0,0,0,0,0,0,0,0,0,0,0,0,0,0,0
242583,Undergraduate students,769,505,264,0,0,0,0,0,0,0,0,0,769,505,264,0,0,0,0,0,0,0,0,0,0,0,0,0,0,0
242617,Total students enrolled for credit,5228,2385,2843,2,0,2,0,0,0,10,3,7,5193,2372,2821,1,0,1,22,10,12,0,0,0,0,0,0,0,0,0
242617,Undergraduate students,4443,2116,2327,0,0,0,0,0,0,10,3,7,4411,2104,2307,1,0,1,21,9,12,0,0,0,0,0,0,0,0,0
242617,Graduate student,785,269,516,2,0,2,0,0,0,0,0,0,782,268,514,0,0,0,1,1,0,0,0,0,0,0,0,0,0,0
242626,Total students enrolled for credit,4706,2071,2635,2,0,2,2,1,1,2,2,0,4693,2062,2631,1,1,0,6,5,1,0,0,0,0,0,0,0,0,0
242626,Undergraduate students,4435,1983,2452,2,0,2,2,1,1,2,2,0,4423,1974,2449,1,1,0,5,5,0,0,0,0,0,0,0,0,0,0
242626,Graduate student,271,88,183,0,0,0,0,0,0,0,0,0,270,88,182,0,0,0,1,0,1,0,0,0,0,0,0,0,0,0
242635,Total students enrolled for credit,4854,1838,3016,1,0,1,3,2,1,5,2,3,4823,1825,2998,1,1,0,21,8,13,0,0,0,0,0,0,0,0,0
242635,Undergraduate students,4346,1695,2651,1,0,1,3,2,1,3,0,3,4321,1686,2635,1,1,0,17,6,11,0,0,0,0,0,0,0,0,0
242635,Graduate student,508,143,365,0,0,0,0,0,0,2,2,0,502,139,363,0,0,0,4,2,2,0,0,0,0,0,0,0,0,0
242644,Total students enrolled for credit,2343,906,1437,1,0,1,0,0,0,0,0,0,2342,906,1436,0,0,0,0,0,0,0,0,0,0,0,0,0,0,0
242644,Undergraduate students,2252,876,1376,1,0,1,0,0,0,0,0,0,2251,876,1375,0,0,0,0,0,0,0,0,0,0,0,0,0,0,0
242644,Graduate student,91,30,61,0,0,0,0,0,0,0,0,0,91,30,61,0,0,0,0,0,0,0,0,0,0,0,0,0,0,0
242653,Total students enrolled for credit,10206,4139,6067,6,3,3,15,5,10,62,15,47,10036,4086,5950,8,3,5,79,27,52,0,0,0,0,0,0,0,0,0
242653,Undergraduate students,7397,3262,4135,5,2,3,15,5,10,55,13,42,7247,3217,4030,7,2,5,68,23,45,0,0,0,0,0,0,0,0,0
242653,Graduate student,2809,877,1932,1,1,0,0,0,0,7,2,5,2789,869,1920,1,1,0,11,4,7,0,0,0,0,0,0,0,0,0
242662,Total students enrolled for credit,6029,2410,3619,4,3,1,3,2,1,3,0,3,6002,2401,3601,1,0,1,16,4,12,0,0,0,0,0,0,0,0,0
242662,Undergraduate students,5547,2243,3304,4,3,1,2,2,0,1,0,1,5528,2236,3292,1,0,1,11,2,9,0,0,0,0,0,0,0,0,0
242662,Graduate student,482,167,315,0,0,0,1,0,1,2,0,2,474,165,309,0,0,0,5,2,3,0,0,0,0,0,0,0,0,0
242680,Total students enrolled for credit,2425,1003,1422,0,0,0,0,0,0,4,2,2,2418,1000,1418,0,0,0,3,1,2,0,0,0,0,0,0,0,0,0
242680,Undergraduate students,2238,934,1304,0,0,0,0,0,0,3,1,2,2232,932,1300,0,0,0,3,1,2,0,0,0,0,0,0,0,0,0
242680,Graduate student,187,69,118,0,0,0,0,0,0,1,1,0,186,68,118,0,0,0,0,0,0,0,0,0,0,0,0,0,0,0
242699,Total students enrolled for credit,2425,836,1589,1,0,1,0,0,0,2,1,1,2418,833,1585,1,0,1,3,2,1,0,0,0,0,0,0,0,0,0
242699,Undergraduate students,2285,768,1517,1,0,1,0,0,0,2,1,1,2279,766,1513,1,0,1,2,1,1,0,0,0,0,0,0,0,0,0
242699,Graduate student,140,68,72,0,0,0,0,0,0,0,0,0,139,67,72,0,0,0,1,1,0,0,0,0,0,0,0,0,0,0
242705,Total students enrolled for credit,4833,2769,2064,5,2,3,3,2,1,22,11,11,4754,2727,2027,3,2,1,46,25,21,0,0,0,0,0,0,0,0,0
242705,Undergraduate students,4692,2712,1980,5,2,3,3,2,1,21,11,10,4617,2671,1946,3,2,1,43,24,19,0,0,0,0,0,0,0,0,0
242705,Graduate student,141,57,84,0,0,0,0,0,0,1,0,1,137,56,81,0,0,0,3,1,2,0,0,0,0,0,0,0,0,0
242723,Total students enrolled for credit,890,370,520,0,0,0,1,1,0,1,1,0,885,368,517,0,0,0,3,0,3,0,0,0,0,0,0,0,0,0
242723,Graduate student,890,370,520,0,0,0,1,1,0,1,1,0,885,368,517,0,0,0,3,0,3,0,0,0,0,0,0,0,0,0
242750,Total students enrolled for credit,195,66,129,0,0,0,0,0,0,0,0,0,195,66,129,0,0,0,0,0,0,0,0,0,0,0,0,0,0,0
242750,Undergraduate students,195,66,129,0,0,0,0,0,0,0,0,0,195,66,129,0,0,0,0,0,0,0,0,0,0,0,0,0,0,0
242820,Total students enrolled for credit,1389,1196,193,0,0,0,0,0,0,0,0,0,1389,1196,193,0,0,0,0,0,0,0,0,0,0,0,0,0,0,0
242820,Undergraduate students,1389,1196,193,0,0,0,0,0,0,0,0,0,1389,1196,193,0,0,0,0,0,0,0,0,0,0,0,0,0,0,0
242945,Total students enrolled for credit,391,152,239,0,0,0,0,0,0,0,0,0,391,152,239,0,0,0,0,0,0,0,0,0,0,0,0,0,0,0
242945,Undergraduate students,391,152,239,0,0,0,0,0,0,0,0,0,391,152,239,0,0,0,0,0,0,0,0,0,0,0,0,0,0,0
242954,Total students enrolled for credit,132,30,102,0,0,0,0,0,0,0,0,0,132,30,102,0,0,0,0,0,0,0,0,0,0,0,0,0,0,0
242954,Undergraduate students,132,30,102,0,0,0,0,0,0,0,0,0,132,30,102,0,0,0,0,0,0,0,0,0,0,0,0,0,0,0
242972,Total students enrolled for credit,14954,4591,10363,0,0,0,0,0,0,0,0,0,14954,4591,10363,0,0,0,0,0,0,0,0,0,0,0,0,0,0,0
242972,Undergraduate students,13701,4290,9411,0,0,0,0,0,0,0,0,0,13701,4290,9411,0,0,0,0,0,0,0,0,0,0,0,0,0,0,0
242972,Graduate student,1253,301,952,0,0,0,0,0,0,0,0,0,1253,301,952,0,0,0,0,0,0,0,0,0,0,0,0,0,0,0
243072,Total students enrolled for credit,2302,813,1489,0,0,0,0,0,0,0,0,0,2302,813,1489,0,0,0,0,0,0,0,0,0,0,0,0,0,0,0
243072,Undergraduate students,2302,813,1489,0,0,0,0,0,0,0,0,0,2302,813,1489,0,0,0,0,0,0,0,0,0,0,0,0,0,0,0
243081,Total students enrolled for credit,906,313,593,0,0,0,14,10,4,0,0,0,872,288,584,0,0,0,10,9,1,0,0,0,9,5,4,1,1,0
243081,Graduate student,906,313,593,0,0,0,14,10,4,0,0,0,872,288,584,0,0,0,10,9,1,0,0,0,9,5,4,1,1,0
243106,Total students enrolled for credit,3597,1639,1958,6,4,2,1,1,0,10,4,6,3428,1561,1867,2,2,0,131,61,70,19,6,13,0,0,0,0,0,0
243106,Undergraduate students,3597,1639,1958,6,4,2,1,1,0,10,4,6,3428,1561,1867,2,2,0,131,61,70,19,6,13,0,0,0,0,0,0
243115,Total students enrolled for credit,4361,1800,2561,0,0,0,0,0,0,0,0,0,4361,1800,2561,0,0,0,0,0,0,0,0,0,0,0,0,0,0,0
243115,Undergraduate students,4361,1800,2561,0,0,0,0,0,0,0,0,0,4361,1800,2561,0,0,0,0,0,0,0,0,0,0,0,0,0,0,0
243133,Total students enrolled for credit,5115,2525,2590,0,0,0,0,0,0,0,0,0,5115,2525,2590,0,0,0,0,0,0,0,0,0,0,0,0,0,0,0
243133,Undergraduate students,5115,2525,2590,0,0,0,0,0,0,0,0,0,5115,2525,2590,0,0,0,0,0,0,0,0,0,0,0,0,0,0,0
243142,Total students enrolled for credit,4321,1700,2621,0,0,0,0,0,0,0,0,0,4321,1700,2621,0,0,0,0,0,0,0,0,0,0,0,0,0,0,0
243142,Undergraduate students,4321,1700,2621,0,0,0,0,0,0,0,0,0,4321,1700,2621,0,0,0,0,0,0,0,0,0,0,0,0,0,0,0
243151,Total students enrolled for credit,3870,1355,2515,0,0,0,0,0,0,0,0,0,3870,1355,2515,0,0,0,0,0,0,0,0,0,0,0,0,0,0,0
243151,Undergraduate students,3870,1355,2515,0,0,0,0,0,0,0,0,0,3870,1355,2515,0,0,0,0,0,0,0,0,0,0,0,0,0,0,0
243179,Total students enrolled for credit,4183,1500,2683,1,0,1,2,1,1,19,8,11,3807,1350,2457,0,0,0,37,11,26,29,13,16,288,117,171,0,0,0
243179,Undergraduate students,4183,1500,2683,1,0,1,2,1,1,19,8,11,3807,1350,2457,0,0,0,37,11,26,29,13,16,288,117,171,0,0,0
243188,Total students enrolled for credit,1586,753,833,0,0,0,0,0,0,1,1,0,1290,605,685,0,0,0,16,10,6,14,6,8,265,131,134,0,0,0
243188,Undergraduate students,1586,753,833,0,0,0,0,0,0,1,1,0,1290,605,685,0,0,0,16,10,6,14,6,8,265,131,134,0,0,0
243197,Total students enrolled for credit,13784,7431,6353,0,0,0,0,0,0,0,0,0,12694,6829,5865,0,0,0,0,0,0,0,0,0,835,430,405,255,172,83
243197,Undergraduate students,12669,6816,5853,0,0,0,0,0,0,0,0,0,11933,6436,5497,0,0,0,0,0,0,0,0,0,719,373,346,17,7,10
243197,Graduate student,1115,615,500,0,0,0,0,0,0,0,0,0,761,393,368,0,0,0,0,0,0,0,0,0,116,57,59,238,165,73
243203,Total students enrolled for credit,2305,750,1555,0,0,0,5,2,3,1,1,0,2291,743,1548,0,0,0,8,4,4,0,0,0,0,0,0,0,0,0
243203,Undergraduate students,388,97,291,0,0,0,0,0,0,0,0,0,387,96,291,0,0,0,1,1,0,0,0,0,0,0,0,0,0,0
243203,Graduate student,1917,653,1264,0,0,0,5,2,3,1,1,0,1904,647,1257,0,0,0,7,3,4,0,0,0,0,0,0,0,0,0
243212,Total students enrolled for credit,3789,1624,2165,0,0,0,0,0,0,0,0,0,3789,1624,2165,0,0,0,0,0,0,0,0,0,0,0,0,0,0,0
243212,Undergraduate students,3789,1624,2165,0,0,0,0,0,0,0,0,0,3789,1624,2165,0,0,0,0,0,0,0,0,0,0,0,0,0,0,0
243221,Total students enrolled for credit,17741,6836,10905,23,9,14,22,13,9,18,6,12,14935,5722,9213,5,3,2,162,68,94,68,22,46,2508,993,1515,0,0,0
243221,Undergraduate students,14056,5408,8648,22,8,14,11,5,6,12,2,10,12191,4670,7521,0,0,0,138,53,85,63,20,43,1619,650,969,0,0,0
243221,Graduate student,3685,1428,2257,1,1,0,11,8,3,6,4,2,2744,1052,1692,5,3,2,24,15,9,5,2,3,889,343,546,0,0,0
243346,Total students enrolled for credit,14048,5357,8691,0,0,0,0,0,0,0,0,0,14048,5357,8691,0,0,0,0,0,0,0,0,0,0,0,0,0,0,0
243346,Undergraduate students,12398,4901,7497,0,0,0,0,0,0,0,0,0,12398,4901,7497,0,0,0,0,0,0,0,0,0,0,0,0,0,0,0
243346,Graduate student,1650,456,1194,0,0,0,0,0,0,0,0,0,1650,456,1194,0,0,0,0,0,0,0,0,0,0,0,0,0,0,0
243443,Total students enrolled for credit,5146,1955,3191,0,0,0,0,0,0,0,0,0,5146,1955,3191,0,0,0,0,0,0,0,0,0,0,0,0,0,0,0
243443,Undergraduate students,4517,1770,2747,0,0,0,0,0,0,0,0,0,4517,1770,2747,0,0,0,0,0,0,0,0,0,0,0,0,0,0,0
243443,Graduate student,629,185,444,0,0,0,0,0,0,0,0,0,629,185,444,0,0,0,0,0,0,0,0,0,0,0,0,0,0,0
243498,Total students enrolled for credit,260,158,102,0,0,0,0,0,0,0,0,0,260,158,102,0,0,0,0,0,0,0,0,0,0,0,0,0,0,0
243498,Graduate student,260,158,102,0,0,0,0,0,0,0,0,0,260,158,102,0,0,0,0,0,0,0,0,0,0,0,0,0,0,0
243568,Total students enrolled for credit,486,204,282,1,0,1,3,2,1,0,0,0,407,173,234,0,0,0,6,5,1,0,0,0,69,24,45,0,0,0
243568,Undergraduate students,155,36,119,0,0,0,0,0,0,0,0,0,123,29,94,0,0,0,0,0,0,0,0,0,32,7,25,0,0,0
243568,Graduate student,331,168,163,1,0,1,3,2,1,0,0,0,284,144,140,0,0,0,6,5,1,0,0,0,37,17,20,0,0,0
243577,Total students enrolled for credit,5034,3844,1190,0,0,0,1,1,0,2,2,0,5014,3828,1186,0,0,0,12,9,3,0,0,0,5,4,1,0,0,0
243577,Undergraduate students,3889,3104,785,0,0,0,1,1,0,2,2,0,3871,3089,782,0,0,0,11,8,3,0,0,0,4,4,0,0,0,0
243577,Graduate student,1145,740,405,0,0,0,0,0,0,0,0,0,1143,739,404,0,0,0,1,1,0,0,0,0,1,0,1,0,0,0
243586,Total students enrolled for credit,1780,706,1074,0,0,0,0,0,0,0,0,0,1760,700,1060,0,0,0,0,0,0,0,0,0,18,4,14,2,2,0
243586,Undergraduate students,1639,663,976,0,0,0,0,0,0,0,0,0,1626,659,967,0,0,0,0,0,0,0,0,0,12,3,9,1,1,0
243586,Graduate student,141,43,98,0,0,0,0,0,0,0,0,0,134,41,93,0,0,0,0,0,0,0,0,0,6,1,5,1,1,0
243601,Total students enrolled for credit,19412,7837,11575,0,0,0,0,0,0,0,0,0,19412,7837,11575,0,0,0,0,0,0,0,0,0,0,0,0,0,0,0
243601,Undergraduate students,15927,6666,9261,0,0,0,0,0,0,0,0,0,15927,6666,9261,0,0,0,0,0,0,0,0,0,0,0,0,0,0,0
243601,Graduate student,3485,1171,2314,0,0,0,0,0,0,0,0,0,3485,1171,2314,0,0,0,0,0,0,0,0,0,0,0,0,0,0,0
243638,Total students enrolled for credit,2704,1134,1570,0,0,0,3,2,1,0,0,0,0,0,0,2690,1126,1564,3,3,0,0,0,0,8,3,5,0,0,0
243638,Undergraduate students,2704,1134,1570,0,0,0,3,2,1,0,0,0,0,0,0,2690,1126,1564,3,3,0,0,0,0,8,3,5,0,0,0
243647,Total students enrolled for credit,749,327,422,0,0,0,3,1,2,0,0,0,0,0,0,745,326,419,1,0,1,0,0,0,0,0,0,0,0,0
243647,Undergraduate students,749,327,422,0,0,0,3,1,2,0,0,0,0,0,0,745,326,419,1,0,1,0,0,0,0,0,0,0,0,0
243665,Total students enrolled for credit,2854,826,2028,5,3,2,16,8,8,1909,603,1306,177,8,169,7,5,2,196,73,123,21,8,13,357,104,253,166,14,152
243665,Undergraduate students,2573,766,1807,5,3,2,13,8,5,1757,575,1182,173,7,166,7,5,2,160,60,100,19,7,12,307,96,211,132,5,127
243665,Graduate student,281,60,221,0,0,0,3,0,3,152,28,124,4,1,3,0,0,0,36,13,23,2,1,1,50,8,42,34,9,25
243744,Total students enrolled for credit,20727,12094,8633,94,50,44,3340,1745,1595,736,379,357,1982,1127,855,31,17,14,6948,3989,2959,1281,653,628,964,636,328,5351,3498,1853
243744,Undergraduate students,8402,4338,4064,79,40,39,1657,796,861,484,240,244,1216,678,538,23,13,10,2849,1454,1395,801,376,425,104,56,48,1189,685,504
243744,Graduate student,12325,7756,4569,15,10,5,1683,949,734,252,139,113,766,449,317,8,4,4,4099,2535,1564,480,277,203,860,580,280,4162,2813,1349
243780,Total students enrolled for credit,44190,25418,18772,73,36,37,2764,1701,1063,1402,663,739,1965,1041,924,45,25,20,26063,14357,11706,968,504,464,1091,633,458,9819,6458,3361
243780,Undergraduate students,32534,18940,13594,47,25,22,2217,1412,805,1006,517,489,1522,829,693,35,18,17,20738,11667,9071,764,400,364,846,524,322,5359,3548,1811
243780,Graduate student,11656,6478,5178,26,11,15,547,289,258,396,146,250,443,212,231,10,7,3,5325,2690,2635,204,104,100,245,109,136,4460,2910,1550
243799,Total students enrolled for credit,61,7,54,0,0,0,1,0,1,39,4,35,1,1,0,0,0,0,20,2,18,0,0,0,0,0,0,0,0,0
243799,Undergraduate students,61,7,54,0,0,0,1,0,1,39,4,35,1,1,0,0,0,0,20,2,18,0,0,0,0,0,0,0,0,0
243823,Total students enrolled for credit,1637,732,905,17,8,9,88,46,42,303,86,217,260,112,148,7,4,3,900,444,456,29,13,16,24,12,12,9,7,2
243823,Undergraduate students,614,160,454,3,0,3,35,14,21,199,45,154,123,39,84,3,1,2,231,56,175,10,2,8,9,3,6,1,0,1
243823,Graduate student,1023,572,451,14,8,6,53,32,21,104,41,63,137,73,64,4,3,1,669,388,281,19,11,8,15,9,6,8,7,1
243832,Total students enrolled for credit,2792,940,1852,0,0,0,1,0,1,3,2,1,2788,938,1850,0,0,0,0,0,0,0,0,0,0,0,0,0,0,0
243832,Undergraduate students,2613,852,1761,0,0,0,1,0,1,3,2,1,2609,850,1759,0,0,0,0,0,0,0,0,0,0,0,0,0,0,0
243832,Graduate student,179,88,91,0,0,0,0,0,0,0,0,0,179,88,91,0,0,0,0,0,0,0,0,0,0,0,0,0,0,0
243841,Total students enrolled for credit,1104,299,805,0,0,0,0,0,0,0,0,0,1104,299,805,0,0,0,0,0,0,0,0,0,0,0,0,0,0,0
243841,Undergraduate students,1104,299,805,0,0,0,0,0,0,0,0,0,1104,299,805,0,0,0,0,0,0,0,0,0,0,0,0,0,0,0
244233,Total students enrolled for credit,675,186,489,2,0,2,9,3,6,423,101,322,124,33,91,0,0,0,94,41,53,23,8,15,0,0,0,0,0,0
244233,Undergraduate students,675,186,489,2,0,2,9,3,6,423,101,322,124,33,91,0,0,0,94,41,53,23,8,15,0,0,0,0,0,0
244279,Total students enrolled for credit,303,13,290,0,0,0,1,0,1,110,5,105,43,2,41,0,0,0,149,6,143,0,0,0,0,0,0,0,0,0
244279,Undergraduate students,303,13,290,0,0,0,1,0,1,110,5,105,43,2,41,0,0,0,149,6,143,0,0,0,0,0,0,0,0,0
244437,Total students enrolled for credit,27754,10981,16773,55,17,38,2496,1202,1294,11892,4161,7731,2617,985,1632,27,14,13,7609,3358,4251,1417,503,914,265,113,152,1376,628,748
244437,Undergraduate students,27754,10981,16773,55,17,38,2496,1202,1294,11892,4161,7731,2617,985,1632,27,14,13,7609,3358,4251,1417,503,914,265,113,152,1376,628,748
244446,Total students enrolled for credit,5920,2104,3816,13,8,5,127,76,51,4736,1580,3156,180,77,103,7,2,5,585,254,331,144,56,88,64,29,35,64,22,42
244446,Undergraduate students,5920,2104,3816,13,8,5,127,76,51,4736,1580,3156,180,77,103,7,2,5,585,254,331,144,56,88,64,29,35,64,22,42
244561,Total students enrolled for credit,420,125,295,2,1,1,6,2,4,143,39,104,94,30,64,0,0,0,90,25,65,15,5,10,70,23,47,0,0,0
244561,Undergraduate students,420,125,295,2,1,1,6,2,4,143,39,104,94,30,64,0,0,0,90,25,65,15,5,10,70,23,47,0,0,0
244613,Total students enrolled for credit,244,238,6,0,0,0,5,5,0,61,59,2,65,63,2,2,2,0,107,105,2,1,1,0,3,3,0,0,0,0
244613,Undergraduate students,244,238,6,0,0,0,5,5,0,61,59,2,65,63,2,2,2,0,107,105,2,1,1,0,3,3,0,0,0,0
245069,Total students enrolled for credit,73,15,58,0,0,0,25,6,19,22,7,15,1,0,1,0,0,0,25,2,23,0,0,0,0,0,0,0,0,0
245069,Undergraduate students,73,15,58,0,0,0,25,6,19,22,7,15,1,0,1,0,0,0,25,2,23,0,0,0,0,0,0,0,0,0
245281,Total students enrolled for credit,60,46,14,0,0,0,0,0,0,60,46,14,0,0,0,0,0,0,0,0,0,0,0,0,0,0,0,0,0,0
245281,Undergraduate students,60,46,14,0,0,0,0,0,0,60,46,14,0,0,0,0,0,0,0,0,0,0,0,0,0,0,0,0,0,0
245342,Total students enrolled for credit,1119,691,428,7,3,4,6,4,2,982,597,385,3,3,0,0,0,0,100,71,29,15,9,6,5,3,2,1,1,0
245342,Undergraduate students,1119,691,428,7,3,4,6,4,2,982,597,385,3,3,0,0,0,0,100,71,29,15,9,6,5,3,2,1,1,0
245421,Total students enrolled for credit,76,8,68,0,0,0,3,0,3,9,0,9,4,1,3,0,0,0,60,7,53,0,0,0,0,0,0,0,0,0
245421,Undergraduate students,76,8,68,0,0,0,3,0,3,9,0,9,4,1,3,0,0,0,60,7,53,0,0,0,0,0,0,0,0,0
245430,Total students enrolled for credit,118,14,104,0,0,0,0,0,0,41,8,33,1,0,1,0,0,0,75,6,69,1,0,1,0,0,0,0,0,0
245430,Undergraduate students,118,14,104,0,0,0,0,0,0,41,8,33,1,0,1,0,0,0,75,6,69,1,0,1,0,0,0,0,0,0
245625,Total students enrolled for credit,3719,1644,2075,9,6,3,78,31,47,145,62,83,231,91,140,3,2,1,3232,1446,1786,0,0,0,11,2,9,10,4,6
245625,Undergraduate students,3719,1644,2075,9,6,3,78,31,47,145,62,83,231,91,140,3,2,1,3232,1446,1786,0,0,0,11,2,9,10,4,6
245652,Total students enrolled for credit,474,281,193,0,0,0,11,7,4,4,2,2,41,22,19,1,0,1,289,180,109,12,7,5,15,12,3,101,51,50
245652,Undergraduate students,354,208,146,0,0,0,11,7,4,4,2,2,32,18,14,1,0,1,196,125,71,12,7,5,3,2,1,95,47,48
245652,Graduate student,120,73,47,0,0,0,0,0,0,0,0,0,9,4,5,0,0,0,93,55,38,0,0,0,12,10,2,6,4,2
245731,Total students enrolled for credit,42,42,0,0,0,0,0,0,0,0,0,0,0,0,0,0,0,0,42,42,0,0,0,0,0,0,0,0,0,0
245731,Undergraduate students,26,26,0,0,0,0,0,0,0,0,0,0,0,0,0,0,0,0,26,26,0,0,0,0,0,0,0,0,0,0
245731,Graduate student,16,16,0,0,0,0,0,0,0,0,0,0,0,0,0,0,0,0,16,16,0,0,0,0,0,0,0,0,0,0
245777,Total students enrolled for credit,109,109,0,0,0,0,0,0,0,0,0,0,0,0,0,0,0,0,109,109,0,0,0,0,0,0,0,0,0,0
245777,Undergraduate students,71,71,0,0,0,0,0,0,0,0,0,0,0,0,0,0,0,0,71,71,0,0,0,0,0,0,0,0,0,0
245777,Graduate student,38,38,0,0,0,0,0,0,0,0,0,0,0,0,0,0,0,0,38,38,0,0,0,0,0,0,0,0,0,0
245838,Total students enrolled for credit,1544,452,1092,6,1,5,60,26,34,152,43,109,289,101,188,4,1,3,564,155,409,73,18,55,394,107,287,2,0,2
245838,Undergraduate students,643,237,406,4,1,3,31,19,12,65,20,45,153,66,87,2,0,2,118,46,72,24,10,14,245,75,170,1,0,1
245838,Graduate student,901,215,686,2,0,2,29,7,22,87,23,64,136,35,101,2,1,1,446,109,337,49,8,41,149,32,117,1,0,1
245847,Total students enrolled for credit,466,139,327,0,0,0,11,2,9,16,6,10,145,30,115,2,0,2,211,69,142,12,4,8,24,7,17,45,21,24
245847,Undergraduate students,189,63,126,0,0,0,2,2,0,4,2,2,49,12,37,0,0,0,77,20,57,4,1,3,12,6,6,41,20,21
245847,Graduate student,277,76,201,0,0,0,9,0,9,12,4,8,96,18,78,2,0,2,134,49,85,8,3,5,12,1,11,4,1,3
245865,Total students enrolled for credit,990,184,806,9,2,7,27,8,19,40,13,27,39,6,33,4,2,2,664,107,557,32,10,22,167,32,135,8,4,4
245865,Graduate student,990,184,806,9,2,7,27,8,19,40,13,27,39,6,33,4,2,2,664,107,557,32,10,22,167,32,135,8,4,4
245883,Total students enrolled for credit,781,138,643,4,0,4,32,6,26,38,11,27,53,11,42,0,0,0,489,77,412,50,12,38,114,21,93,1,0,1
245883,Undergraduate students,141,31,110,0,0,0,6,1,5,9,3,6,9,4,5,0,0,0,79,15,64,8,3,5,30,5,25,0,0,0
245883,Graduate student,640,107,533,4,0,4,26,5,21,29,8,21,44,7,37,0,0,0,410,62,348,42,9,33,84,16,68,1,0,1
245892,Total students enrolled for credit,239,51,188,0,0,0,3,2,1,54,10,44,7,0,7,0,0,0,159,35,124,3,1,2,13,3,10,0,0,0
245892,Undergraduate students,54,12,42,0,0,0,0,0,0,12,2,10,3,0,3,0,0,0,38,9,29,0,0,0,1,1,0,0,0,0
245892,Graduate student,185,39,146,0,0,0,3,2,1,42,8,34,4,0,4,0,0,0,121,26,95,3,1,2,12,2,10,0,0,0
245953,Total students enrolled for credit,2936,1117,1819,107,36,71,19,9,10,676,236,440,172,82,90,2,0,2,1445,559,886,91,25,66,400,150,250,24,20,4
245953,Undergraduate students,2298,902,1396,82,28,54,14,5,9,530,196,334,143,72,71,1,0,1,1109,441,668,78,22,56,325,123,202,16,15,1
245953,Graduate student,638,215,423,25,8,17,5,4,1,146,40,106,29,10,19,1,0,1,336,118,218,13,3,10,75,27,48,8,5,3
245962,Total students enrolled for credit,613,123,490,89,16,73,6,1,5,186,36,150,35,4,31,0,0,0,243,55,188,53,11,42,1,0,1,0,0,0
245962,Undergraduate students,613,123,490,89,16,73,6,1,5,186,36,150,35,4,31,0,0,0,243,55,188,53,11,42,1,0,1,0,0,0
245980,Total students enrolled for credit,55,5,50,8,2,6,0,0,0,2,0,2,4,2,2,0,0,0,41,1,40,0,0,0,0,0,0,0,0,0
245980,Undergraduate students,55,5,50,8,2,6,0,0,0,2,0,2,4,2,2,0,0,0,41,1,40,0,0,0,0,0,0,0,0,0
245999,Total students enrolled for credit,2949,1557,1392,87,41,46,136,69,67,477,200,277,500,253,247,4,4,0,1546,908,638,174,72,102,25,10,15,0,0,0
245999,Undergraduate students,2949,1557,1392,87,41,46,136,69,67,477,200,277,500,253,247,4,4,0,1546,908,638,174,72,102,25,10,15,0,0,0
246017,Total students enrolled for credit,546,424,122,84,70,14,9,5,4,59,42,17,32,26,6,0,0,0,347,269,78,2,2,0,13,10,3,0,0,0
246017,Undergraduate students,546,424,122,84,70,14,9,5,4,59,42,17,32,26,6,0,0,0,347,269,78,2,2,0,13,10,3,0,0,0
246035,Total students enrolled for credit,398,51,347,9,0,9,24,3,21,40,8,32,98,15,83,5,1,4,211,22,189,10,2,8,1,0,1,0,0,0
246035,Undergraduate students,398,51,347,9,0,9,24,3,21,40,8,32,98,15,83,5,1,4,211,22,189,10,2,8,1,0,1,0,0,0
246071,Total students enrolled for credit,107,7,100,1,0,1,3,1,2,3,0,3,3,1,2,0,0,0,92,5,87,5,0,5,0,0,0,0,0,0
246071,Undergraduate students,107,7,100,1,0,1,3,1,2,3,0,3,3,1,2,0,0,0,92,5,87,5,0,5,0,0,0,0,0,0
246202,Total students enrolled for credit,542,89,453,1,0,1,8,2,6,255,37,218,42,10,32,1,1,0,165,30,135,8,1,7,61,8,53,1,0,1
246202,Undergraduate students,542,89,453,1,0,1,8,2,6,255,37,218,42,10,32,1,1,0,165,30,135,8,1,7,61,8,53,1,0,1
246266,Total students enrolled for credit,817,227,590,3,0,3,2,0,2,30,10,20,500,137,363,1,0,1,40,9,31,7,2,5,234,69,165,0,0,0
246266,Undergraduate students,817,227,590,3,0,3,2,0,2,30,10,20,500,137,363,1,0,1,40,9,31,7,2,5,234,69,165,0,0,0
246345,Total students enrolled for credit,161,72,89,0,0,0,4,3,1,105,41,64,9,5,4,0,0,0,35,19,16,1,0,1,0,0,0,7,4,3
246345,Graduate student,161,72,89,0,0,0,4,3,1,105,41,64,9,5,4,0,0,0,35,19,16,1,0,1,0,0,0,7,4,3
246354,Total students enrolled for credit,17646,6912,10734,38,18,20,235,106,129,758,349,409,12523,4765,7758,7,3,4,3551,1439,2112,409,171,238,86,37,49,39,24,15
246354,Undergraduate students,17646,6912,10734,38,18,20,235,106,129,758,349,409,12523,4765,7758,7,3,4,3551,1439,2112,409,171,238,86,37,49,39,24,15
246406,Total students enrolled for credit,62,10,52,0,0,0,0,0,0,18,6,12,15,4,11,0,0,0,29,0,29,0,0,0,0,0,0,0,0,0
246406,Undergraduate students,62,10,52,0,0,0,0,0,0,18,6,12,15,4,11,0,0,0,29,0,29,0,0,0,0,0,0,0,0,0
246415,Total students enrolled for credit,93,8,85,0,0,0,0,0,0,7,2,5,78,3,75,0,0,0,8,3,5,0,0,0,0,0,0,0,0,0
246415,Undergraduate students,93,8,85,0,0,0,0,0,0,7,2,5,78,3,75,0,0,0,8,3,5,0,0,0,0,0,0,0,0,0
246460,Total students enrolled for credit,159,13,146,1,0,1,3,1,2,33,2,31,45,7,38,1,0,1,67,3,64,9,0,9,0,0,0,0,0,0
246460,Undergraduate students,159,13,146,1,0,1,3,1,2,33,2,31,45,7,38,1,0,1,67,3,64,9,0,9,0,0,0,0,0,0
246789,Total students enrolled for credit,118,69,49,0,0,0,13,7,6,52,30,22,2,2,0,0,0,0,15,10,5,5,3,2,0,0,0,31,17,14
246789,Graduate student,118,69,49,0,0,0,13,7,6,52,30,22,2,2,0,0,0,0,15,10,5,5,3,2,0,0,0,31,17,14
246813,Total students enrolled for credit,5859,2113,3746,5,2,3,151,57,94,1277,363,914,389,153,236,8,6,2,3644,1394,2250,23,6,17,301,100,201,61,32,29
246813,Undergraduate students,5859,2113,3746,5,2,3,151,57,94,1277,363,914,389,153,236,8,6,2,3644,1394,2250,23,6,17,301,100,201,61,32,29
246895,Total students enrolled for credit,755,243,512,23,10,13,11,2,9,48,14,34,220,63,157,2,0,2,305,93,212,95,29,66,51,32,19,0,0,0
246895,Undergraduate students,755,243,512,23,10,13,11,2,9,48,14,34,220,63,157,2,0,2,305,93,212,95,29,66,51,32,19,0,0,0
246974,Total students enrolled for credit,632,70,562,4,0,4,57,6,51,127,14,113,319,28,291,17,3,14,90,16,74,13,2,11,3,1,2,2,0,2
246974,Undergraduate students,632,70,562,4,0,4,57,6,51,127,14,113,319,28,291,17,3,14,90,16,74,13,2,11,3,1,2,2,0,2
247010,Total students enrolled for credit,38,1,37,2,0,2,0,0,0,0,0,0,2,0,2,0,0,0,34,1,33,0,0,0,0,0,0,0,0,0
247010,Undergraduate students,38,1,37,2,0,2,0,0,0,0,0,0,2,0,2,0,0,0,34,1,33,0,0,0,0,0,0,0,0,0
247047,Total students enrolled for credit,109,5,104,0,0,0,1,0,1,2,1,1,20,1,19,0,0,0,82,3,79,2,0,2,1,0,1,1,0,1
247047,Undergraduate students,109,5,104,0,0,0,1,0,1,2,1,1,20,1,19,0,0,0,82,3,79,2,0,2,1,0,1,1,0,1
247065,Total students enrolled for credit,1172,139,1033,4,2,2,2,0,2,135,19,116,7,3,4,1,0,1,998,111,887,13,2,11,12,2,10,0,0,0
247065,Undergraduate students,1172,139,1033,4,2,2,2,0,2,135,19,116,7,3,4,1,0,1,998,111,887,13,2,11,12,2,10,0,0,0
247153,Total students enrolled for credit,520,196,324,4,2,2,8,4,4,315,105,210,17,8,9,2,0,2,147,72,75,23,4,19,4,1,3,0,0,0
247153,Undergraduate students,520,196,324,4,2,2,8,4,4,315,105,210,17,8,9,2,0,2,147,72,75,23,4,19,4,1,3,0,0,0
247162,Total students enrolled for credit,114,45,69,1,1,0,2,1,1,86,34,52,1,1,0,0,0,0,18,6,12,0,0,0,5,1,4,1,1,0
247162,Undergraduate students,24,11,13,0,0,0,0,0,0,21,10,11,0,0,0,0,0,0,1,1,0,0,0,0,2,0,2,0,0,0
247162,Graduate student,90,34,56,1,1,0,2,1,1,65,24,41,1,1,0,0,0,0,17,5,12,0,0,0,3,1,2,1,1,0
247409,Total students enrolled for credit,242,19,223,0,0,0,0,0,0,37,5,32,24,1,23,0,0,0,173,13,160,5,0,5,3,0,3,0,0,0
247409,Undergraduate students,242,19,223,0,0,0,0,0,0,37,5,32,24,1,23,0,0,0,173,13,160,5,0,5,3,0,3,0,0,0
247603,Total students enrolled for credit,3732,1743,1989,13,8,5,63,29,34,67,30,37,360,157,203,5,3,2,3126,1464,1662,78,43,35,20,9,11,0,0,0
247603,Undergraduate students,3732,1743,1989,13,8,5,63,29,34,67,30,37,360,157,203,5,3,2,3126,1464,1662,78,43,35,20,9,11,0,0,0
247649,Total students enrolled for credit,522,360,162,2,1,1,15,12,3,21,16,5,29,18,11,1,1,0,358,251,107,16,9,7,65,42,23,15,10,5
247649,Undergraduate students,522,360,162,2,1,1,15,12,3,21,16,5,29,18,11,1,1,0,358,251,107,16,9,7,65,42,23,15,10,5
247700,Total students enrolled for credit,588,172,416,5,2,3,6,6,0,165,31,134,34,16,18,4,2,2,335,105,230,8,1,7,31,9,22,0,0,0
247700,Undergraduate students,588,172,416,5,2,3,6,6,0,165,31,134,34,16,18,4,2,2,335,105,230,8,1,7,31,9,22,0,0,0
247773,Total students enrolled for credit,72,72,0,0,0,0,0,0,0,0,0,0,0,0,0,0,0,0,72,72,0,0,0,0,0,0,0,0,0,0
247773,Undergraduate students,65,65,0,0,0,0,0,0,0,0,0,0,0,0,0,0,0,0,65,65,0,0,0,0,0,0,0,0,0,0
247773,Graduate student,7,7,0,0,0,0,0,0,0,0,0,0,0,0,0,0,0,0,7,7,0,0,0,0,0,0,0,0,0,0
247825,Total students enrolled for credit,60,39,21,0,0,0,0,0,0,25,14,11,6,5,1,0,0,0,29,20,9,0,0,0,0,0,0,0,0,0
247825,Undergraduate students,37,22,15,0,0,0,0,0,0,14,6,8,5,5,0,0,0,0,18,11,7,0,0,0,0,0,0,0,0,0
247825,Graduate student,23,17,6,0,0,0,0,0,0,11,8,3,1,0,1,0,0,0,11,9,2,0,0,0,0,0,0,0,0,0
247834,Total students enrolled for credit,44108,19615,24493,186,84,102,4868,2206,2662,5167,1996,3171,7938,3361,4577,87,44,43,21987,10119,11868,1732,758,974,529,256,273,1614,791,823
247834,Undergraduate students,44108,19615,24493,186,84,102,4868,2206,2662,5167,1996,3171,7938,3361,4577,87,44,43,21987,10119,11868,1732,758,974,529,256,273,1614,791,823
247940,Total students enrolled for credit,5621,2937,2684,10,5,5,38,20,18,210,92,118,121,56,65,3,2,1,4941,2572,2369,138,53,85,159,136,23,1,1,0
247940,Undergraduate students,5621,2937,2684,10,5,5,38,20,18,210,92,118,121,56,65,3,2,1,4941,2572,2369,138,53,85,159,136,23,1,1,0
248192,Total students enrolled for credit,37,1,36,0,0,0,0,0,0,0,0,0,0,0,0,0,0,0,37,1,36,0,0,0,0,0,0,0,0,0
248192,Undergraduate students,37,1,36,0,0,0,0,0,0,0,0,0,0,0,0,0,0,0,37,1,36,0,0,0,0,0,0,0,0,0
248305,Total students enrolled for credit,134,5,129,0,0,0,3,0,3,54,2,52,10,1,9,0,0,0,60,1,59,1,0,1,6,1,5,0,0,0
248305,Undergraduate students,134,5,129,0,0,0,3,0,3,54,2,52,10,1,9,0,0,0,60,1,59,1,0,1,6,1,5,0,0,0
248527,Total students enrolled for credit,72,2,70,0,0,0,0,0,0,31,1,30,0,0,0,0,0,0,41,1,40,0,0,0,0,0,0,0,0,0
248527,Undergraduate students,72,2,70,0,0,0,0,0,0,31,1,30,0,0,0,0,0,0,41,1,40,0,0,0,0,0,0,0,0,0
248606,Total students enrolled for credit,1462,918,544,48,28,20,17,10,7,70,24,46,132,72,60,3,3,0,700,427,273,135,70,65,353,280,73,4,4,0
248606,Undergraduate students,1462,918,544,48,28,20,17,10,7,70,24,46,132,72,60,3,3,0,700,427,273,135,70,65,353,280,73,4,4,0
248624,Total students enrolled for credit,120,15,105,0,0,0,0,0,0,6,1,5,0,0,0,0,0,0,110,14,96,2,0,2,2,0,2,0,0,0
248624,Undergraduate students,120,15,105,0,0,0,0,0,0,6,1,5,0,0,0,0,0,0,110,14,96,2,0,2,2,0,2,0,0,0
248633,Total students enrolled for credit,111,10,101,0,0,0,0,0,0,2,0,2,2,0,2,0,0,0,107,10,97,0,0,0,0,0,0,0,0,0
248633,Undergraduate students,111,10,101,0,0,0,0,0,0,2,0,2,2,0,2,0,0,0,107,10,97,0,0,0,0,0,0,0,0,0
248660,Total students enrolled for credit,253,19,234,0,0,0,0,0,0,33,5,28,4,1,3,0,0,0,215,13,202,0,0,0,1,0,1,0,0,0
248660,Undergraduate students,253,19,234,0,0,0,0,0,0,33,5,28,4,1,3,0,0,0,215,13,202,0,0,0,1,0,1,0,0,0
248703,Total students enrolled for credit,260,10,250,4,0,4,7,1,6,56,3,53,56,2,54,5,0,5,83,1,82,16,1,15,33,2,31,0,0,0
248703,Undergraduate students,260,10,250,4,0,4,7,1,6,56,3,53,56,2,54,5,0,5,83,1,82,16,1,15,33,2,31,0,0,0
248846,Total students enrolled for credit,94,11,83,1,0,1,5,1,4,5,1,4,29,4,25,1,0,1,42,5,37,5,0,5,4,0,4,2,0,2
248846,Undergraduate students,94,11,83,1,0,1,5,1,4,5,1,4,29,4,25,1,0,1,42,5,37,5,0,5,4,0,4,2,0,2
248882,Total students enrolled for credit,379,118,261,43,14,29,3,2,1,28,15,13,156,50,106,3,2,1,120,30,90,8,1,7,18,4,14,0,0,0
248882,Undergraduate students,379,118,261,43,14,29,3,2,1,28,15,13,156,50,106,3,2,1,120,30,90,8,1,7,18,4,14,0,0,0
248925,Total students enrolled for credit,1704,865,839,8,3,5,35,25,10,601,212,389,148,94,54,6,4,2,862,499,363,18,8,10,26,20,6,0,0,0
248925,Undergraduate students,1704,865,839,8,3,5,35,25,10,601,212,389,148,94,54,6,4,2,862,499,363,18,8,10,26,20,6,0,0,0
248934,Total students enrolled for credit,17115,7415,9700,204,92,112,463,243,220,7417,2587,4830,1498,622,876,107,44,63,6721,3553,3168,506,181,325,153,71,82,46,22,24
248934,Undergraduate students,16814,7235,9579,200,89,111,453,240,213,7313,2538,4775,1482,613,869,106,43,63,6585,3457,3128,500,179,321,151,70,81,24,6,18
248934,Graduate student,301,180,121,4,3,1,10,3,7,104,49,55,16,9,7,1,1,0,136,96,40,6,2,4,2,1,1,22,16,6
249140,Total students enrolled for credit,557,124,433,3,0,3,31,8,23,169,52,117,281,50,231,0,0,0,33,8,25,23,5,18,17,1,16,0,0,0
249140,Undergraduate students,557,124,433,3,0,3,31,8,23,169,52,117,281,50,231,0,0,0,33,8,25,23,5,18,17,1,16,0,0,0
249238,Total students enrolled for credit,572,36,536,0,0,0,21,3,18,188,9,179,189,8,181,0,0,0,156,13,143,5,1,4,12,2,10,1,0,1
249238,Undergraduate students,572,36,536,0,0,0,21,3,18,188,9,179,189,8,181,0,0,0,156,13,143,5,1,4,12,2,10,1,0,1
249566,Total students enrolled for credit,517,479,38,0,0,0,0,0,0,123,107,16,8,5,3,0,0,0,385,366,19,0,0,0,0,0,0,1,1,0
249566,Undergraduate students,517,479,38,0,0,0,0,0,0,123,107,16,8,5,3,0,0,0,385,366,19,0,0,0,0,0,0,1,1,0
249609,Total students enrolled for credit,251,134,117,2,1,1,1,0,1,25,15,10,21,8,13,0,0,0,143,70,73,4,0,4,55,40,15,0,0,0
249609,Undergraduate students,251,134,117,2,1,1,1,0,1,25,15,10,21,8,13,0,0,0,143,70,73,4,0,4,55,40,15,0,0,0
250027,Total students enrolled for credit,401,132,269,0,0,0,1,0,1,32,8,24,2,0,2,0,0,0,362,123,239,2,0,2,2,1,1,0,0,0
250027,Undergraduate students,401,132,269,0,0,0,1,0,1,32,8,24,2,0,2,0,0,0,362,123,239,2,0,2,2,1,1,0,0,0
250072,Total students enrolled for credit,166,12,154,0,0,0,1,0,1,39,2,37,9,1,8,0,0,0,117,9,108,0,0,0,0,0,0,0,0,0
250072,Undergraduate students,166,12,154,0,0,0,1,0,1,39,2,37,9,1,8,0,0,0,117,9,108,0,0,0,0,0,0,0,0,0
250285,Total students enrolled for credit,323,305,18,2,2,0,10,10,0,117,115,2,84,77,7,0,0,0,71,63,8,27,26,1,11,11,0,1,1,0
250285,Undergraduate students,323,305,18,2,2,0,10,10,0,117,115,2,84,77,7,0,0,0,71,63,8,27,26,1,11,11,0,1,1,0
250601,Total students enrolled for credit,447,132,315,14,3,11,23,8,15,32,9,23,162,56,106,1,0,1,175,45,130,10,1,9,30,10,20,0,0,0
250601,Undergraduate students,447,132,315,14,3,11,23,8,15,32,9,23,162,56,106,1,0,1,175,45,130,10,1,9,30,10,20,0,0,0
250744,Total students enrolled for credit,980,86,894,3,0,3,4,0,4,756,65,691,12,1,11,0,0,0,149,13,136,46,5,41,10,2,8,0,0,0
250744,Undergraduate students,980,86,894,3,0,3,4,0,4,756,65,691,12,1,11,0,0,0,149,13,136,46,5,41,10,2,8,0,0,0
250902,Total students enrolled for credit,83,11,72,0,0,0,35,10,25,25,1,24,0,0,0,0,0,0,23,0,23,0,0,0,0,0,0,0,0,0
250902,Undergraduate students,83,11,72,0,0,0,35,10,25,25,1,24,0,0,0,0,0,0,23,0,23,0,0,0,0,0,0,0,0,0
250993,Total students enrolled for credit,501,283,218,25,14,11,0,0,0,10,1,9,53,28,25,1,1,0,378,225,153,34,14,20,0,0,0,0,0,0
250993,Undergraduate students,501,283,218,25,14,11,0,0,0,10,1,9,53,28,25,1,1,0,378,225,153,34,14,20,0,0,0,0,0,0
251075,Total students enrolled for credit,339,52,287,2,0,2,6,2,4,108,12,96,65,9,56,0,0,0,114,23,91,8,0,8,36,6,30,0,0,0
251075,Undergraduate students,339,52,287,2,0,2,6,2,4,108,12,96,65,9,56,0,0,0,114,23,91,8,0,8,36,6,30,0,0,0
251260,Total students enrolled for credit,7071,3106,3965,23,11,12,137,63,74,1523,548,975,131,55,76,7,3,4,4956,2292,2664,97,42,55,154,68,86,43,24,19
251260,Undergraduate students,7071,3106,3965,23,11,12,137,63,74,1523,548,975,131,55,76,7,3,4,4956,2292,2664,97,42,55,154,68,86,43,24,19
251312,Total students enrolled for credit,2013,445,1568,23,8,15,50,12,38,1332,270,1062,70,16,54,7,5,2,478,119,359,0,0,0,47,13,34,6,2,4
251312,Undergraduate students,1444,301,1143,17,5,12,19,6,13,977,187,790,52,12,40,6,4,2,336,74,262,0,0,0,32,11,21,5,2,3
251312,Graduate student,569,144,425,6,3,3,31,6,25,355,83,272,18,4,14,1,1,0,142,45,97,0,0,0,15,2,13,1,0,1
260293,Total students enrolled for credit,270,53,217,2,0,2,1,0,1,122,24,98,17,4,13,3,0,3,102,19,83,11,4,7,12,2,10,0,0,0
260293,Undergraduate students,210,51,159,2,0,2,0,0,0,93,23,70,17,4,13,3,0,3,79,18,61,9,4,5,7,2,5,0,0,0
260293,Graduate student,60,2,58,0,0,0,1,0,1,29,1,28,0,0,0,0,0,0,23,1,22,2,0,2,5,0,5,0,0,0
260336,Total students enrolled for credit,39,2,37,0,0,0,0,0,0,0,0,0,2,0,2,0,0,0,37,2,35,0,0,0,0,0,0,0,0,0
260336,Undergraduate students,39,2,37,0,0,0,0,0,0,0,0,0,2,0,2,0,0,0,37,2,35,0,0,0,0,0,0,0,0,0
260363,Total students enrolled for credit,36,4,32,0,0,0,0,0,0,2,0,2,0,0,0,0,0,0,32,4,28,2,0,2,0,0,0,0,0,0
260363,Undergraduate students,36,4,32,0,0,0,0,0,0,2,0,2,0,0,0,0,0,0,32,4,28,2,0,2,0,0,0,0,0,0
260372,Total students enrolled for credit,413,166,247,296,113,183,1,1,0,15,6,9,1,1,0,0,0,0,100,45,55,0,0,0,0,0,0,0,0,0
260372,Undergraduate students,413,166,247,296,113,183,1,1,0,15,6,9,1,1,0,0,0,0,100,45,55,0,0,0,0,0,0,0,0,0
260664,Total students enrolled for credit,307,280,27,2,2,0,0,0,0,249,226,23,6,6,0,0,0,0,46,43,3,4,3,1,0,0,0,0,0,0
260664,Undergraduate students,307,280,27,2,2,0,0,0,0,249,226,23,6,6,0,0,0,0,46,43,3,4,3,1,0,0,0,0,0,0
260691,Total students enrolled for credit,1526,354,1172,111,21,90,52,19,33,81,18,63,490,106,384,3,1,2,700,169,531,48,15,33,41,5,36,0,0,0
260691,Undergraduate students,1526,354,1172,111,21,90,52,19,33,81,18,63,490,106,384,3,1,2,700,169,531,48,15,33,41,5,36,0,0,0
260789,Total students enrolled for credit,1012,252,760,4,2,2,130,48,82,43,10,33,608,144,464,16,8,8,166,31,135,36,8,28,9,1,8,0,0,0
260789,Undergraduate students,1012,252,760,4,2,2,130,48,82,43,10,33,608,144,464,16,8,8,166,31,135,36,8,28,9,1,8,0,0,0
260813,Total students enrolled for credit,229,34,195,2,1,1,8,1,7,9,2,7,34,3,31,1,0,1,162,24,138,9,2,7,4,1,3,0,0,0
260813,Undergraduate students,229,34,195,2,1,1,8,1,7,9,2,7,34,3,31,1,0,1,162,24,138,9,2,7,4,1,3,0,0,0
260901,Total students enrolled for credit,57626,16077,41549,491,134,357,1108,383,725,18145,4092,14053,6380,2034,4346,315,108,207,26533,7897,18636,1844,492,1352,2446,816,1630,364,121,243
260901,Undergraduate students,45409,13341,32068,381,106,275,644,261,383,14014,3308,10706,5225,1753,3472,273,98,175,21579,6774,14805,1571,445,1126,1530,532,998,192,64,128
260901,Graduate student,12217,2736,9481,110,28,82,464,122,342,4131,784,3347,1155,281,874,42,10,32,4954,1123,3831,273,47,226,916,284,632,172,57,115
260910,Total students enrolled for credit,408,59,349,0,0,0,2,1,1,42,7,35,16,3,13,1,1,0,311,44,267,7,0,7,28,3,25,1,0,1
260910,Undergraduate students,357,53,304,0,0,0,1,1,0,38,7,31,15,3,12,1,1,0,275,39,236,5,0,5,21,2,19,1,0,1
260910,Graduate student,51,6,45,0,0,0,1,0,1,4,0,4,1,0,1,0,0,0,36,5,31,2,0,2,7,1,6,0,0,0
260929,Total students enrolled for credit,348,44,304,5,0,5,6,0,6,12,5,7,61,19,42,2,0,2,245,14,231,7,2,5,9,4,5,1,0,1
260929,Undergraduate students,348,44,304,5,0,5,6,0,6,12,5,7,61,19,42,2,0,2,245,14,231,7,2,5,9,4,5,1,0,1
260947,Total students enrolled for credit,55,31,24,0,0,0,11,5,6,3,3,0,2,1,1,0,0,0,33,20,13,0,0,0,0,0,0,6,2,4
260947,Undergraduate students,55,31,24,0,0,0,11,5,6,3,3,0,2,1,1,0,0,0,33,20,13,0,0,0,0,0,0,6,2,4
260965,Total students enrolled for credit,130,3,127,1,0,1,1,0,1,35,2,33,14,0,14,0,0,0,75,1,74,4,0,4,0,0,0,0,0,0
260965,Undergraduate students,130,3,127,1,0,1,1,0,1,35,2,33,14,0,14,0,0,0,75,1,74,4,0,4,0,0,0,0,0,0
260992,Total students enrolled for credit,1086,93,993,2,0,2,18,4,14,528,38,490,291,27,264,2,1,1,200,16,184,19,3,16,26,4,22,0,0,0
260992,Undergraduate students,1086,93,993,2,0,2,18,4,14,528,38,490,291,27,264,2,1,1,200,16,184,19,3,16,26,4,22,0,0,0
261436,Total students enrolled for credit,1279,49,1230,10,1,9,16,1,15,175,4,171,58,5,53,5,0,5,930,32,898,30,2,28,54,4,50,1,0,1
261436,Undergraduate students,1279,49,1230,10,1,9,16,1,15,175,4,171,58,5,53,5,0,5,930,32,898,30,2,28,54,4,50,1,0,1
261676,Total students enrolled for credit,142,10,132,1,0,1,0,0,0,6,2,4,5,0,5,0,0,0,129,8,121,1,0,1,0,0,0,0,0,0
261676,Undergraduate students,142,10,132,1,0,1,0,0,0,6,2,4,5,0,5,0,0,0,129,8,121,1,0,1,0,0,0,0,0,0
261685,Total students enrolled for credit,163,10,153,0,0,0,5,0,5,53,4,49,5,1,4,0,0,0,89,4,85,6,0,6,5,1,4,0,0,0
261685,Undergraduate students,163,10,153,0,0,0,5,0,5,53,4,49,5,1,4,0,0,0,89,4,85,6,0,6,5,1,4,0,0,0
261719,Total students enrolled for credit,392,24,368,0,0,0,4,0,4,243,12,231,27,4,23,0,0,0,91,6,85,18,1,17,8,1,7,1,0,1
261719,Undergraduate students,392,24,368,0,0,0,4,0,4,243,12,231,27,4,23,0,0,0,91,6,85,18,1,17,8,1,7,1,0,1
261773,Total students enrolled for credit,22,7,15,0,0,0,0,0,0,1,0,1,0,0,0,0,0,0,20,7,13,0,0,0,1,0,1,0,0,0
261773,Undergraduate students,22,7,15,0,0,0,0,0,0,1,0,1,0,0,0,0,0,0,20,7,13,0,0,0,1,0,1,0,0,0
261861,Total students enrolled for credit,153,9,144,0,0,0,0,0,0,5,1,4,0,0,0,0,0,0,146,7,139,0,0,0,2,1,1,0,0,0
261861,Undergraduate students,153,9,144,0,0,0,0,0,0,5,1,4,0,0,0,0,0,0,146,7,139,0,0,0,2,1,1,0,0,0
262022,Total students enrolled for credit,174,92,82,0,0,0,32,18,14,22,12,10,22,11,11,1,1,0,83,47,36,6,1,5,8,2,6,0,0,0
262022,Graduate student,174,92,82,0,0,0,32,18,14,22,12,10,22,11,11,1,1,0,83,47,36,6,1,5,8,2,6,0,0,0
262031,Total students enrolled for credit,9689,4182,5507,22,8,14,214,91,123,644,243,401,424,203,221,9,3,6,7509,3251,4258,333,152,181,376,150,226,158,81,77
262031,Undergraduate students,9689,4182,5507,22,8,14,214,91,123,644,243,401,424,203,221,9,3,6,7509,3251,4258,333,152,181,376,150,226,158,81,77
262086,Total students enrolled for credit,10929,3913,7016,92,28,64,559,221,338,1103,436,667,1894,607,1287,140,73,67,5838,2031,3807,323,120,203,979,397,582,1,0,1
262086,Undergraduate students,5165,2066,3099,53,19,34,212,99,113,543,232,311,1045,365,680,82,43,39,2513,1003,1510,156,64,92,560,241,319,1,0,1
262086,Graduate student,5764,1847,3917,39,9,30,347,122,225,560,204,356,849,242,607,58,30,28,3325,1028,2297,167,56,111,419,156,263,0,0,0
262129,Total students enrolled for credit,899,356,543,0,0,0,27,10,17,25,8,17,161,60,101,0,0,0,623,253,370,31,10,21,15,10,5,17,5,12
262129,Undergraduate students,885,344,541,0,0,0,27,10,17,25,8,17,158,57,101,0,0,0,612,244,368,31,10,21,15,10,5,17,5,12
262129,Graduate student,14,12,2,0,0,0,0,0,0,0,0,0,3,3,0,0,0,0,11,9,2,0,0,0,0,0,0,0,0,0
262165,Total students enrolled for credit,72,42,30,0,0,0,0,0,0,0,0,0,3,2,1,0,0,0,68,39,29,0,0,0,0,0,0,1,1,0
262165,Undergraduate students,72,42,30,0,0,0,0,0,0,0,0,0,3,2,1,0,0,0,68,39,29,0,0,0,0,0,0,1,1,0
262332,Total students enrolled for credit,604,274,330,6,2,4,9,3,6,45,17,28,39,17,22,1,0,1,85,46,39,18,4,14,401,185,216,0,0,0
262332,Undergraduate students,604,274,330,6,2,4,9,3,6,45,17,28,39,17,22,1,0,1,85,46,39,18,4,14,401,185,216,0,0,0
262341,Total students enrolled for credit,886,795,91,20,17,3,14,13,1,166,148,18,199,180,19,1,1,0,418,378,40,66,56,10,0,0,0,2,2,0
262341,Undergraduate students,886,795,91,20,17,3,14,13,1,166,148,18,199,180,19,1,1,0,418,378,40,66,56,10,0,0,0,2,2,0
262369,Total students enrolled for credit,148,6,142,0,0,0,0,0,0,1,0,1,81,2,79,1,0,1,57,3,54,8,1,7,0,0,0,0,0,0
262369,Undergraduate students,148,6,142,0,0,0,0,0,0,1,0,1,81,2,79,1,0,1,57,3,54,8,1,7,0,0,0,0,0,0
262402,Total students enrolled for credit,284,279,5,1,1,0,18,18,0,15,15,0,68,67,1,3,3,0,165,162,3,9,9,0,5,4,1,0,0,0
262402,Undergraduate students,284,279,5,1,1,0,18,18,0,15,15,0,68,67,1,3,3,0,165,162,3,9,9,0,5,4,1,0,0,0
262466,Total students enrolled for credit,161,77,84,1,1,0,5,3,2,1,0,1,2,1,1,0,0,0,127,62,65,7,5,2,0,0,0,18,5,13
262466,Undergraduate students,161,77,84,1,1,0,5,3,2,1,0,1,2,1,1,0,0,0,127,62,65,7,5,2,0,0,0,18,5,13
362700,Total students enrolled for credit,623,103,520,1,0,1,4,0,4,76,18,58,279,56,223,4,0,4,247,28,219,4,1,3,8,0,8,0,0,0
362700,Undergraduate students,623,103,520,1,0,1,4,0,4,76,18,58,279,56,223,4,0,4,247,28,219,4,1,3,8,0,8,0,0,0
362782,Total students enrolled for credit,349,12,337,0,0,0,26,2,24,22,1,21,59,1,58,0,0,0,191,6,185,33,1,32,17,1,16,1,0,1
362782,Undergraduate students,349,12,337,0,0,0,26,2,24,22,1,21,59,1,58,0,0,0,191,6,185,33,1,32,17,1,16,1,0,1
363013,Total students enrolled for credit,106,10,96,1,1,0,0,0,0,5,0,5,7,0,7,0,0,0,90,8,82,2,1,1,1,0,1,0,0,0
363013,Undergraduate students,106,10,96,1,1,0,0,0,0,5,0,5,7,0,7,0,0,0,90,8,82,2,1,1,1,0,1,0,0,0
363077,Total students enrolled for credit,291,61,230,1,0,1,9,1,8,30,7,23,177,31,146,0,0,0,44,11,33,6,2,4,22,9,13,2,0,2
363077,Undergraduate students,291,61,230,1,0,1,9,1,8,30,7,23,177,31,146,0,0,0,44,11,33,6,2,4,22,9,13,2,0,2
363147,Total students enrolled for credit,239,12,227,0,0,0,3,0,3,62,2,60,25,2,23,1,0,1,133,6,127,15,2,13,0,0,0,0,0,0
363147,Undergraduate students,239,12,227,0,0,0,3,0,3,62,2,60,25,2,23,1,0,1,133,6,127,15,2,13,0,0,0,0,0,0
363165,Total students enrolled for credit,1259,665,594,21,11,10,21,16,5,240,87,153,358,170,188,16,10,6,204,127,77,52,21,31,347,223,124,0,0,0
363165,Undergraduate students,1259,665,594,21,11,10,21,16,5,240,87,153,358,170,188,16,10,6,204,127,77,52,21,31,347,223,124,0,0,0
363439,Total students enrolled for credit,535,108,427,4,1,3,1,0,1,97,23,74,14,4,10,0,0,0,362,69,293,34,5,29,23,6,17,0,0,0
363439,Undergraduate students,535,108,427,4,1,3,1,0,1,97,23,74,14,4,10,0,0,0,362,69,293,34,5,29,23,6,17,0,0,0
363590,Total students enrolled for credit,412,58,354,12,0,12,33,4,29,26,7,19,71,9,62,15,6,9,220,26,194,29,5,24,6,1,5,0,0,0
363590,Undergraduate students,412,58,354,12,0,12,33,4,29,26,7,19,71,9,62,15,6,9,220,26,194,29,5,24,6,1,5,0,0,0
363633,Total students enrolled for credit,2208,1013,1195,26,10,16,16,11,5,28,19,9,1676,728,948,3,3,0,401,213,188,6,3,3,52,26,26,0,0,0
363633,Undergraduate students,2208,1013,1195,26,10,16,16,11,5,28,19,9,1676,728,948,3,3,0,401,213,188,6,3,3,52,26,26,0,0,0
363679,Total students enrolled for credit,130,5,125,0,0,0,9,0,9,50,2,48,3,0,3,0,0,0,68,3,65,0,0,0,0,0,0,0,0,0
363679,Undergraduate students,130,5,125,0,0,0,9,0,9,50,2,48,3,0,3,0,0,0,68,3,65,0,0,0,0,0,0,0,0,0
363712,Total students enrolled for credit,29,29,0,0,0,0,0,0,0,0,0,0,0,0,0,0,0,0,25,25,0,0,0,0,0,0,0,4,4,0
363712,Undergraduate students,29,29,0,0,0,0,0,0,0,0,0,0,0,0,0,0,0,0,25,25,0,0,0,0,0,0,0,4,4,0
363721,Total students enrolled for credit,301,115,186,1,1,0,15,6,9,143,43,100,34,15,19,1,1,0,89,44,45,0,0,0,17,4,13,1,1,0
363721,Graduate student,301,115,186,1,1,0,15,6,9,143,43,100,34,15,19,1,1,0,89,44,45,0,0,0,17,4,13,1,1,0
363882,Total students enrolled for credit,86,1,85,0,0,0,1,0,1,12,0,12,2,0,2,0,0,0,67,1,66,4,0,4,0,0,0,0,0,0
363882,Undergraduate students,86,1,85,0,0,0,1,0,1,12,0,12,2,0,2,0,0,0,67,1,66,4,0,4,0,0,0,0,0,0
363907,Total students enrolled for credit,1217,547,670,0,0,0,0,0,0,0,0,0,1217,547,670,0,0,0,0,0,0,0,0,0,0,0,0,0,0,0
363907,Undergraduate students,893,478,415,0,0,0,0,0,0,0,0,0,893,478,415,0,0,0,0,0,0,0,0,0,0,0,0,0,0,0
363907,Graduate student,324,69,255,0,0,0,0,0,0,0,0,0,324,69,255,0,0,0,0,0,0,0,0,0,0,0,0,0,0,0
363916,Total students enrolled for credit,422,142,280,0,0,0,0,0,0,0,0,0,422,142,280,0,0,0,0,0,0,0,0,0,0,0,0,0,0,0
363916,Undergraduate students,382,132,250,0,0,0,0,0,0,0,0,0,382,132,250,0,0,0,0,0,0,0,0,0,0,0,0,0,0,0
363916,Graduate student,40,10,30,0,0,0,0,0,0,0,0,0,40,10,30,0,0,0,0,0,0,0,0,0,0,0,0,0,0,0
363934,Total students enrolled for credit,885,748,137,24,21,3,14,10,4,80,69,11,106,90,16,5,3,2,465,396,69,68,57,11,122,101,21,1,1,0
363934,Undergraduate students,855,726,129,24,21,3,13,9,4,77,67,10,105,89,16,5,3,2,448,383,65,66,56,10,116,97,19,1,1,0
363934,Graduate student,30,22,8,0,0,0,1,1,0,3,2,1,1,1,0,0,0,0,17,13,4,2,1,1,6,4,2,0,0,0
364016,Total students enrolled for credit,12586,5535,7051,161,60,101,440,178,262,471,200,271,2418,1035,1383,23,12,11,7424,3335,4089,215,90,125,1357,590,767,77,35,42
364016,Undergraduate students,12586,5535,7051,161,60,101,440,178,262,471,200,271,2418,1035,1383,23,12,11,7424,3335,4089,215,90,125,1357,590,767,77,35,42
364025,Total students enrolled for credit,19402,9191,10211,355,128,227,1142,542,600,833,402,431,4393,1945,2448,59,35,24,9764,4735,5029,509,234,275,2212,1103,1109,135,67,68
364025,Undergraduate students,19402,9191,10211,355,128,227,1142,542,600,833,402,431,4393,1945,2448,59,35,24,9764,4735,5029,509,234,275,2212,1103,1109,135,67,68
364122,Total students enrolled for credit,6,3,3,0,0,0,1,1,0,1,0,1,0,0,0,0,0,0,4,2,2,0,0,0,0,0,0,0,0,0
364122,Undergraduate students,6,3,3,0,0,0,1,1,0,1,0,1,0,0,0,0,0,0,4,2,2,0,0,0,0,0,0,0,0,0
364168,Total students enrolled for credit,441,306,135,6,3,3,3,2,1,84,44,40,17,15,2,0,0,0,310,227,83,11,8,3,10,7,3,0,0,0
364168,Undergraduate students,441,306,135,6,3,3,3,2,1,84,44,40,17,15,2,0,0,0,310,227,83,11,8,3,10,7,3,0,0,0
364548,Total students enrolled for credit,394,226,168,25,11,14,6,2,4,83,41,42,42,15,27,9,6,3,225,150,75,0,0,0,4,1,3,0,0,0
364548,Undergraduate students,394,226,168,25,11,14,6,2,4,83,41,42,42,15,27,9,6,3,225,150,75,0,0,0,4,1,3,0,0,0
364575,Total students enrolled for credit,24,1,23,0,0,0,0,0,0,0,0,0,0,0,0,0,0,0,23,1,22,1,0,1,0,0,0,0,0,0
364575,Undergraduate students,24,1,23,0,0,0,0,0,0,0,0,0,0,0,0,0,0,0,23,1,22,1,0,1,0,0,0,0,0,0
364627,Total students enrolled for credit,487,241,246,70,38,32,8,3,5,21,4,17,30,15,15,0,0,0,285,164,121,73,17,56,0,0,0,0,0,0
364627,Undergraduate students,487,241,246,70,38,32,8,3,5,21,4,17,30,15,15,0,0,0,285,164,121,73,17,56,0,0,0,0,0,0
364636,Total students enrolled for credit,116,42,74,2,0,2,3,2,1,14,3,11,2,1,1,0,0,0,90,36,54,5,0,5,0,0,0,0,0,0
364636,Undergraduate students,116,42,74,2,0,2,3,2,1,14,3,11,2,1,1,0,0,0,90,36,54,5,0,5,0,0,0,0,0,0
364751,Total students enrolled for credit,171,9,162,0,0,0,0,0,0,115,5,110,3,0,3,0,0,0,53,4,49,0,0,0,0,0,0,0,0,0
364751,Undergraduate students,171,9,162,0,0,0,0,0,0,115,5,110,3,0,3,0,0,0,53,4,49,0,0,0,0,0,0,0,0,0
364760,Total students enrolled for credit,95,6,89,0,0,0,0,0,0,14,1,13,81,5,76,0,0,0,0,0,0,0,0,0,0,0,0,0,0,0
364760,Undergraduate students,95,6,89,0,0,0,0,0,0,14,1,13,81,5,76,0,0,0,0,0,0,0,0,0,0,0,0,0,0,0
364946,Total students enrolled for credit,544,237,307,157,78,79,1,0,1,8,4,4,58,27,31,1,0,1,272,109,163,42,15,27,5,4,1,0,0,0
364946,Undergraduate students,544,237,307,157,78,79,1,0,1,8,4,4,58,27,31,1,0,1,272,109,163,42,15,27,5,4,1,0,0,0
364955,Total students enrolled for credit,724,123,601,8,1,7,6,2,4,110,28,82,458,66,392,2,0,2,104,22,82,8,1,7,28,3,25,0,0,0
364955,Undergraduate students,724,123,601,8,1,7,6,2,4,110,28,82,458,66,392,2,0,2,104,22,82,8,1,7,28,3,25,0,0,0
364964,Total students enrolled for credit,134,47,87,0,0,0,0,0,0,3,1,2,5,4,1,1,1,0,124,40,84,0,0,0,1,1,0,0,0,0
364964,Undergraduate students,134,47,87,0,0,0,0,0,0,3,1,2,5,4,1,1,1,0,124,40,84,0,0,0,1,1,0,0,0,0
364973,Total students enrolled for credit,260,135,125,4,1,3,8,2,6,50,29,21,77,41,36,1,1,0,90,48,42,2,0,2,28,13,15,0,0,0
364973,Undergraduate students,260,135,125,4,1,3,8,2,6,50,29,21,77,41,36,1,1,0,90,48,42,2,0,2,28,13,15,0,0,0
365055,Total students enrolled for credit,176,78,98,3,1,2,4,2,2,57,26,31,69,31,38,2,1,1,13,5,8,5,2,3,12,6,6,11,4,7
365055,Undergraduate students,176,78,98,3,1,2,4,2,2,57,26,31,69,31,38,2,1,1,13,5,8,5,2,3,12,6,6,11,4,7
365091,Total students enrolled for credit,428,24,404,4,0,4,11,1,10,281,15,266,42,2,40,1,0,1,65,4,61,19,2,17,4,0,4,1,0,1
365091,Undergraduate students,428,24,404,4,0,4,11,1,10,281,15,266,42,2,40,1,0,1,65,4,61,19,2,17,4,0,4,1,0,1
365125,Total students enrolled for credit,203,7,196,1,0,1,5,0,5,15,1,14,79,2,77,4,0,4,91,4,87,8,0,8,0,0,0,0,0,0
365125,Undergraduate students,203,7,196,1,0,1,5,0,5,15,1,14,79,2,77,4,0,4,91,4,87,8,0,8,0,0,0,0,0,0
365198,Total students enrolled for credit,806,398,408,98,52,46,2,1,1,44,21,23,81,29,52,0,0,0,498,254,244,77,35,42,6,6,0,0,0,0
365198,Undergraduate students,806,398,408,98,52,46,2,1,1,44,21,23,81,29,52,0,0,0,498,254,244,77,35,42,6,6,0,0,0,0
365204,Total students enrolled for credit,7316,2445,4871,91,24,67,45,15,30,2019,635,1384,3148,1115,2033,17,4,13,1704,550,1154,148,56,92,141,44,97,3,2,1
365204,Undergraduate students,7316,2445,4871,91,24,67,45,15,30,2019,635,1384,3148,1115,2033,17,4,13,1704,550,1154,148,56,92,141,44,97,3,2,1
365213,Total students enrolled for credit,610,302,308,20,11,9,3,1,2,11,5,6,120,56,64,6,2,4,399,199,200,28,14,14,23,14,9,0,0,0
365213,Undergraduate students,610,302,308,20,11,9,3,1,2,11,5,6,120,56,64,6,2,4,399,199,200,28,14,14,23,14,9,0,0,0
365240,Total students enrolled for credit,55,45,10,0,0,0,0,0,0,3,3,0,0,0,0,0,0,0,52,42,10,0,0,0,0,0,0,0,0,0
365240,Undergraduate students,55,45,10,0,0,0,0,0,0,3,3,0,0,0,0,0,0,0,52,42,10,0,0,0,0,0,0,0,0,0
365374,Total students enrolled for credit,1533,852,681,131,74,57,31,17,14,61,26,35,153,77,76,9,7,2,1082,614,468,64,35,29,2,2,0,0,0,0
365374,Undergraduate students,1533,852,681,131,74,57,31,17,14,61,26,35,153,77,76,9,7,2,1082,614,468,64,35,29,2,2,0,0,0,0
365383,Total students enrolled for credit,169,15,154,0,0,0,2,0,2,24,1,23,6,0,6,0,0,0,136,14,122,1,0,1,0,0,0,0,0,0
365383,Undergraduate students,169,15,154,0,0,0,2,0,2,24,1,23,6,0,6,0,0,0,136,14,122,1,0,1,0,0,0,0,0,0
365426,Total students enrolled for credit,312,148,164,1,0,1,10,6,4,6,1,5,18,8,10,0,0,0,154,76,78,25,14,11,27,12,15,71,31,40
365426,Graduate student,312,148,164,1,0,1,10,6,4,6,1,5,18,8,10,0,0,0,154,76,78,25,14,11,27,12,15,71,31,40
365480,Total students enrolled for credit,880,475,405,55,23,32,16,10,6,19,6,13,32,20,12,0,0,0,608,340,268,75,36,39,75,40,35,0,0,0
365480,Undergraduate students,880,475,405,55,23,32,16,10,6,19,6,13,32,20,12,0,0,0,608,340,268,75,36,39,75,40,35,0,0,0
365505,Total students enrolled for credit,51,8,43,4,0,4,4,0,4,0,0,0,3,0,3,0,0,0,38,8,30,2,0,2,0,0,0,0,0,0
365505,Undergraduate students,51,8,43,4,0,4,4,0,4,0,0,0,3,0,3,0,0,0,38,8,30,2,0,2,0,0,0,0,0,0
365693,Total students enrolled for credit,208,11,197,0,0,0,4,0,4,13,1,12,25,3,22,0,0,0,166,7,159,0,0,0,0,0,0,0,0,0
365693,Undergraduate students,208,11,197,0,0,0,4,0,4,13,1,12,25,3,22,0,0,0,166,7,159,0,0,0,0,0,0,0,0,0
365763,Total students enrolled for credit,59,21,38,0,0,0,4,0,4,16,6,10,11,5,6,0,0,0,28,10,18,0,0,0,0,0,0,0,0,0
365763,Undergraduate students,59,21,38,0,0,0,4,0,4,16,6,10,11,5,6,0,0,0,28,10,18,0,0,0,0,0,0,0,0,0
365824,Total students enrolled for credit,325,11,314,2,0,2,1,0,1,69,2,67,33,0,33,0,0,0,214,9,205,5,0,5,1,0,1,0,0,0
365824,Undergraduate students,325,11,314,2,0,2,1,0,1,69,2,67,33,0,33,0,0,0,214,9,205,5,0,5,1,0,1,0,0,0
365833,Total students enrolled for credit,301,23,278,2,0,2,6,1,5,52,4,48,55,5,50,0,0,0,172,11,161,12,2,10,2,0,2,0,0,0
365833,Undergraduate students,301,23,278,2,0,2,6,1,5,52,4,48,55,5,50,0,0,0,172,11,161,12,2,10,2,0,2,0,0,0
366003,Total students enrolled for credit,391,156,235,0,0,0,1,1,0,80,46,34,23,9,14,1,0,1,47,25,22,7,4,3,15,5,10,217,66,151
366003,Undergraduate students,272,114,158,0,0,0,1,1,0,70,44,26,21,7,14,1,0,1,39,20,19,5,3,2,10,4,6,125,35,90
366003,Graduate student,119,42,77,0,0,0,0,0,0,10,2,8,2,2,0,0,0,0,8,5,3,2,1,1,5,1,4,92,31,61
366155,Total students enrolled for credit,41,25,16,0,0,0,0,0,0,40,25,15,0,0,0,0,0,0,1,0,1,0,0,0,0,0,0,0,0,0
366155,Undergraduate students,41,25,16,0,0,0,0,0,0,40,25,15,0,0,0,0,0,0,1,0,1,0,0,0,0,0,0,0,0,0
366191,Total students enrolled for credit,1592,1545,47,8,7,1,38,37,1,145,142,3,370,365,5,1,1,0,907,875,32,96,91,5,23,23,0,4,4,0
366191,Undergraduate students,1592,1545,47,8,7,1,38,37,1,145,142,3,370,365,5,1,1,0,907,875,32,96,91,5,23,23,0,4,4,0
366252,Total students enrolled for credit,6126,3773,2353,11,8,3,66,40,26,205,133,72,228,134,94,3,2,1,5402,3317,2085,111,63,48,48,28,20,52,48,4
366252,Undergraduate students,6126,3773,2353,11,8,3,66,40,26,205,133,72,228,134,94,3,2,1,5402,3317,2085,111,63,48,48,28,20,52,48,4
366261,Total students enrolled for credit,398,145,253,4,0,4,2,1,1,96,31,65,85,27,58,0,0,0,210,85,125,1,1,0,0,0,0,0,0,0
366261,Undergraduate students,398,145,253,4,0,4,2,1,1,96,31,65,85,27,58,0,0,0,210,85,125,1,1,0,0,0,0,0,0,0
366270,Total students enrolled for credit,426,24,402,2,0,2,2,0,2,305,18,287,9,0,9,0,0,0,104,6,98,4,0,4,0,0,0,0,0,0
366270,Undergraduate students,426,24,402,2,0,2,2,0,2,305,18,287,9,0,9,0,0,0,104,6,98,4,0,4,0,0,0,0,0,0
366289,Total students enrolled for credit,437,211,226,2,0,2,16,11,5,54,17,37,170,95,75,3,1,2,124,59,65,2,1,1,65,26,39,1,1,0
366289,Undergraduate students,437,211,226,2,0,2,16,11,5,54,17,37,170,95,75,3,1,2,124,59,65,2,1,1,65,26,39,1,1,0
366340,Total students enrolled for credit,1010,411,599,945,377,568,0,0,0,1,1,0,1,1,0,0,0,0,60,31,29,0,0,0,0,0,0,3,1,2
366340,Undergraduate students,1010,411,599,945,377,568,0,0,0,1,1,0,1,1,0,0,0,0,60,31,29,0,0,0,0,0,0,3,1,2
366368,Total students enrolled for credit,117,34,83,1,0,1,8,2,6,4,1,3,10,2,8,0,0,0,54,15,39,2,0,2,6,3,3,32,11,21
366368,Graduate student,117,34,83,1,0,1,8,2,6,4,1,3,10,2,8,0,0,0,54,15,39,2,0,2,6,3,3,32,11,21
366395,Total students enrolled for credit,33784,15609,18175,110,55,55,1182,602,580,2759,1157,1602,7134,3105,4029,23,13,10,19044,9021,10023,414,180,234,2988,1423,1565,130,53,77
366395,Undergraduate students,33784,15609,18175,110,55,55,1182,602,580,2759,1157,1602,7134,3105,4029,23,13,10,19044,9021,10023,414,180,234,2988,1423,1565,130,53,77
366401,Total students enrolled for credit,12995,6249,6746,24,12,12,2430,1130,1300,600,264,336,3760,1715,2045,79,35,44,4982,2558,2424,854,416,438,105,49,56,161,70,91
366401,Undergraduate students,12995,6249,6746,24,12,12,2430,1130,1300,600,264,336,3760,1715,2045,79,35,44,4982,2558,2424,854,416,438,105,49,56,161,70,91
366438,Total students enrolled for credit,112,2,110,0,0,0,0,0,0,16,0,16,3,0,3,1,0,1,85,2,83,7,0,7,0,0,0,0,0,0
366438,Undergraduate students,112,2,110,0,0,0,0,0,0,16,0,16,3,0,3,1,0,1,85,2,83,7,0,7,0,0,0,0,0,0
366465,Total students enrolled for credit,2891,914,1977,5,0,5,18,3,15,944,284,660,123,45,78,4,2,2,1731,558,1173,61,21,40,1,0,1,4,1,3
366465,Undergraduate students,2891,914,1977,5,0,5,18,3,15,944,284,660,123,45,78,4,2,2,1731,558,1173,61,21,40,1,0,1,4,1,3
366535,Total students enrolled for credit,605,119,486,9,2,7,3,1,2,325,46,279,5,0,5,0,0,0,246,68,178,15,2,13,2,0,2,0,0,0
366535,Undergraduate students,605,119,486,9,2,7,3,1,2,325,46,279,5,0,5,0,0,0,246,68,178,15,2,13,2,0,2,0,0,0
366553,Total students enrolled for credit,1907,383,1524,10,0,10,22,3,19,426,95,331,454,85,369,2,0,2,870,180,690,92,15,77,31,5,26,0,0,0
366553,Undergraduate students,1907,383,1524,10,0,10,22,3,19,426,95,331,454,85,369,2,0,2,870,180,690,92,15,77,31,5,26,0,0,0
366571,Total students enrolled for credit,23,3,20,0,0,0,0,0,0,0,0,0,0,0,0,0,0,0,22,3,19,0,0,0,1,0,1,0,0,0
366571,Undergraduate students,23,3,20,0,0,0,0,0,0,0,0,0,0,0,0,0,0,0,22,3,19,0,0,0,1,0,1,0,0,0
366605,Total students enrolled for credit,67,20,47,2,0,2,2,1,1,1,0,1,16,1,15,0,0,0,28,12,16,3,2,1,15,4,11,0,0,0
366605,Graduate student,67,20,47,2,0,2,2,1,1,1,0,1,16,1,15,0,0,0,28,12,16,3,2,1,15,4,11,0,0,0
366623,Total students enrolled for credit,128,68,60,7,4,3,0,0,0,1,1,0,9,5,4,0,0,0,103,55,48,8,3,5,0,0,0,0,0,0
366623,Undergraduate students,128,68,60,7,4,3,0,0,0,1,1,0,9,5,4,0,0,0,103,55,48,8,3,5,0,0,0,0,0,0
366632,Total students enrolled for credit,31,1,30,0,0,0,0,0,0,1,0,1,0,0,0,0,0,0,30,1,29,0,0,0,0,0,0,0,0,0
366632,Undergraduate students,31,1,30,0,0,0,0,0,0,1,0,1,0,0,0,0,0,0,30,1,29,0,0,0,0,0,0,0,0,0
366711,Total students enrolled for credit,13615,5350,8265,46,17,29,1330,578,752,437,175,262,5568,1874,3694,42,14,28,3980,1751,2229,705,270,435,784,358,426,723,313,410
366711,Undergraduate students,12996,5143,7853,42,14,28,1302,565,737,427,174,253,5406,1834,3572,41,14,27,3699,1658,2041,680,258,422,718,336,382,681,290,391
366711,Graduate student,619,207,412,4,3,1,28,13,15,10,1,9,162,40,122,1,0,1,281,93,188,25,12,13,66,22,44,42,23,19
366748,Total students enrolled for credit,1289,516,773,8,5,3,170,70,100,116,74,42,96,45,51,641,199,442,235,111,124,2,1,1,17,10,7,4,1,3
366748,Undergraduate students,599,231,368,2,2,0,56,27,29,43,28,15,39,21,18,386,116,270,65,32,33,0,0,0,8,5,3,0,0,0
366748,Graduate student,690,285,405,6,3,3,114,43,71,73,46,27,57,24,33,255,83,172,170,79,91,2,1,1,9,5,4,4,1,3
366793,Total students enrolled for credit,75,36,39,0,0,0,0,0,0,12,5,7,1,0,1,0,0,0,56,27,29,0,0,0,4,2,2,2,2,0
366793,Graduate student,75,36,39,0,0,0,0,0,0,12,5,7,1,0,1,0,0,0,56,27,29,0,0,0,4,2,2,2,2,0
366960,Total students enrolled for credit,624,82,542,4,1,3,36,12,24,20,4,16,354,40,314,3,1,2,161,20,141,5,0,5,41,4,37,0,0,0
366960,Undergraduate students,624,82,542,4,1,3,36,12,24,20,4,16,354,40,314,3,1,2,161,20,141,5,0,5,41,4,37,0,0,0
367024,Total students enrolled for credit,1248,283,965,3,2,1,18,2,16,88,25,63,68,9,59,3,2,1,851,197,654,20,5,15,197,41,156,0,0,0
367024,Undergraduate students,1093,249,844,3,2,1,14,1,13,78,21,57,60,8,52,3,2,1,748,175,573,18,4,14,169,36,133,0,0,0
367024,Graduate student,155,34,121,0,0,0,4,1,3,10,4,6,8,1,7,0,0,0,103,22,81,2,1,1,28,5,23,0,0,0
367051,Total students enrolled for credit,118,3,115,0,0,0,0,0,0,57,2,55,11,0,11,0,0,0,50,1,49,0,0,0,0,0,0,0,0,0
367051,Undergraduate students,118,3,115,0,0,0,0,0,0,57,2,55,11,0,11,0,0,0,50,1,49,0,0,0,0,0,0,0,0,0
367088,Total students enrolled for credit,117,9,108,0,0,0,0,0,0,6,2,4,0,0,0,1,0,1,107,7,100,2,0,2,1,0,1,0,0,0
367088,Undergraduate students,117,9,108,0,0,0,0,0,0,6,2,4,0,0,0,1,0,1,107,7,100,2,0,2,1,0,1,0,0,0
367097,Total students enrolled for credit,92,5,87,9,0,9,2,0,2,6,1,5,5,0,5,0,0,0,64,4,60,6,0,6,0,0,0,0,0,0
367097,Undergraduate students,92,5,87,9,0,9,2,0,2,6,1,5,5,0,5,0,0,0,64,4,60,6,0,6,0,0,0,0,0,0
367103,Total students enrolled for credit,113,64,49,0,0,0,0,0,0,44,25,19,1,1,0,0,0,0,68,38,30,0,0,0,0,0,0,0,0,0
367103,Undergraduate students,113,64,49,0,0,0,0,0,0,44,25,19,1,1,0,0,0,0,68,38,30,0,0,0,0,0,0,0,0,0
367112,Total students enrolled for credit,1310,231,1079,6,1,5,2,0,2,1035,185,850,13,1,12,1,0,1,219,42,177,6,0,6,28,2,26,0,0,0
367112,Undergraduate students,1310,231,1079,6,1,5,2,0,2,1035,185,850,13,1,12,1,0,1,219,42,177,6,0,6,28,2,26,0,0,0
367158,Total students enrolled for credit,123,8,115,1,0,1,1,0,1,31,4,27,16,1,15,0,0,0,65,2,63,2,0,2,7,1,6,0,0,0
367158,Undergraduate students,123,8,115,1,0,1,1,0,1,31,4,27,16,1,15,0,0,0,65,2,63,2,0,2,7,1,6,0,0,0
367194,Total students enrolled for credit,445,315,130,2,1,1,10,6,4,47,33,14,9,6,3,0,0,0,298,218,80,44,27,17,3,2,1,32,22,10
367194,Undergraduate students,440,310,130,2,1,1,10,6,4,47,33,14,9,6,3,0,0,0,296,216,80,44,27,17,3,2,1,29,19,10
367194,Graduate student,5,5,0,0,0,0,0,0,0,0,0,0,0,0,0,0,0,0,2,2,0,0,0,0,0,0,0,3,3,0
367334,Total students enrolled for credit,343,318,25,1,1,0,8,7,1,62,59,3,22,20,2,0,0,0,240,222,18,0,0,0,10,9,1,0,0,0
367334,Undergraduate students,343,318,25,1,1,0,8,7,1,62,59,3,22,20,2,0,0,0,240,222,18,0,0,0,10,9,1,0,0,0
367361,Total students enrolled for credit,57,28,29,0,0,0,11,7,4,16,9,7,25,12,13,0,0,0,1,0,1,0,0,0,4,0,4,0,0,0
367361,Undergraduate students,57,28,29,0,0,0,11,7,4,16,9,7,25,12,13,0,0,0,1,0,1,0,0,0,4,0,4,0,0,0
367431,Total students enrolled for credit,38,4,34,0,0,0,0,0,0,3,3,0,0,0,0,0,0,0,35,1,34,0,0,0,0,0,0,0,0,0
367431,Undergraduate students,38,4,34,0,0,0,0,0,0,3,3,0,0,0,0,0,0,0,35,1,34,0,0,0,0,0,0,0,0,0
367459,Total students enrolled for credit,11225,4915,6310,225,83,142,363,159,204,309,149,160,1700,714,986,35,16,19,7701,3350,4351,337,132,205,310,146,164,245,166,79
367459,Undergraduate students,11225,4915,6310,225,83,142,363,159,204,309,149,160,1700,714,986,35,16,19,7701,3350,4351,337,132,205,310,146,164,245,166,79
367839,Total students enrolled for credit,117,51,66,0,0,0,3,1,2,1,1,0,5,3,2,0,0,0,1,1,0,2,0,2,2,1,1,103,44,59
367839,Undergraduate students,88,37,51,0,0,0,3,1,2,1,1,0,4,3,1,0,0,0,0,0,0,2,0,2,2,1,1,76,31,45
367839,Graduate student,29,14,15,0,0,0,0,0,0,0,0,0,1,0,1,0,0,0,1,1,0,0,0,0,0,0,0,27,13,14
367875,Total students enrolled for credit,447,100,347,1,1,0,9,1,8,173,38,135,155,34,121,0,0,0,91,20,71,13,4,9,0,0,0,5,2,3
367875,Undergraduate students,447,100,347,1,1,0,9,1,8,173,38,135,155,34,121,0,0,0,91,20,71,13,4,9,0,0,0,5,2,3
367884,Total students enrolled for credit,2410,987,1423,12,5,7,54,19,35,329,130,199,819,297,522,3,1,2,1113,503,610,11,4,7,69,28,41,0,0,0
367884,Undergraduate students,2066,868,1198,12,5,7,45,16,29,287,117,170,737,266,471,3,1,2,909,434,475,10,3,7,63,26,37,0,0,0
367884,Graduate student,344,119,225,0,0,0,9,3,6,42,13,29,82,31,51,0,0,0,204,69,135,1,1,0,6,2,4,0,0,0
367936,Total students enrolled for credit,1998,468,1530,7,3,4,17,4,13,1529,352,1177,98,20,78,5,3,2,292,73,219,0,0,0,39,9,30,11,4,7
367936,Undergraduate students,715,179,536,3,1,2,3,1,2,549,141,408,31,6,25,2,1,1,114,27,87,0,0,0,11,2,9,2,0,2
367936,Graduate student,1283,289,994,4,2,2,14,3,11,980,211,769,67,14,53,3,2,1,178,46,132,0,0,0,28,7,21,9,4,5
367954,Total students enrolled for credit,3544,1304,2240,8,1,7,433,224,209,206,76,130,408,161,247,19,7,12,2168,727,1441,122,45,77,157,53,104,23,10,13
367954,Graduate student,3544,1304,2240,8,1,7,433,224,209,206,76,130,408,161,247,19,7,12,2168,727,1441,122,45,77,157,53,104,23,10,13
367972,Total students enrolled for credit,186,7,179,0,0,0,2,0,2,47,1,46,2,0,2,0,0,0,127,5,122,8,1,7,0,0,0,0,0,0
367972,Undergraduate students,186,7,179,0,0,0,2,0,2,47,1,46,2,0,2,0,0,0,127,5,122,8,1,7,0,0,0,0,0,0
367981,Total students enrolled for credit,113,2,111,0,0,0,2,0,2,24,0,24,30,1,29,0,0,0,55,1,54,2,0,2,0,0,0,0,0,0
367981,Undergraduate students,113,2,111,0,0,0,2,0,2,24,0,24,30,1,29,0,0,0,55,1,54,2,0,2,0,0,0,0,0,0
368036,Total students enrolled for credit,31,5,26,0,0,0,0,0,0,1,0,1,1,0,1,0,0,0,29,5,24,0,0,0,0,0,0,0,0,0
368036,Undergraduate students,31,5,26,0,0,0,0,0,0,1,0,1,1,0,1,0,0,0,29,5,24,0,0,0,0,0,0,0,0,0
368230,Total students enrolled for credit,254,19,235,0,0,0,0,0,0,183,12,171,51,5,46,0,0,0,8,2,6,6,0,6,6,0,6,0,0,0
368230,Undergraduate students,254,19,235,0,0,0,0,0,0,183,12,171,51,5,46,0,0,0,8,2,6,6,0,6,6,0,6,0,0,0
368364,Total students enrolled for credit,379,186,193,9,7,2,4,3,1,16,3,13,85,35,50,0,0,0,210,115,95,49,18,31,6,5,1,0,0,0
368364,Undergraduate students,379,186,193,9,7,2,4,3,1,16,3,13,85,35,50,0,0,0,210,115,95,49,18,31,6,5,1,0,0,0
368407,Total students enrolled for credit,123,12,111,0,0,0,0,0,0,27,6,21,0,0,0,0,0,0,96,6,90,0,0,0,0,0,0,0,0,0
368407,Undergraduate students,123,12,111,0,0,0,0,0,0,27,6,21,0,0,0,0,0,0,96,6,90,0,0,0,0,0,0,0,0,0
368443,Total students enrolled for credit,1414,339,1075,10,2,8,4,0,4,619,144,475,73,17,56,6,2,4,608,151,457,72,14,58,22,9,13,0,0,0
368443,Undergraduate students,1414,339,1075,10,2,8,4,0,4,619,144,475,73,17,56,6,2,4,608,151,457,72,14,58,22,9,13,0,0,0
368452,Total students enrolled for credit,348,140,208,0,0,0,6,1,5,54,35,19,18,11,7,1,0,1,264,92,172,4,1,3,0,0,0,1,0,1
368452,Undergraduate students,348,140,208,0,0,0,6,1,5,54,35,19,18,11,7,1,0,1,264,92,172,4,1,3,0,0,0,1,0,1
368540,Total students enrolled for credit,39,1,38,0,0,0,0,0,0,1,0,1,22,1,21,0,0,0,16,0,16,0,0,0,0,0,0,0,0,0
368540,Undergraduate students,39,1,38,0,0,0,0,0,0,1,0,1,22,1,21,0,0,0,16,0,16,0,0,0,0,0,0,0,0,0
368629,Total students enrolled for credit,960,166,794,4,0,4,108,33,75,47,13,34,121,16,105,4,1,3,618,94,524,57,9,48,1,0,1,0,0,0
368629,Undergraduate students,960,166,794,4,0,4,108,33,75,47,13,34,121,16,105,4,1,3,618,94,524,57,9,48,1,0,1,0,0,0
368647,Total students enrolled for credit,44,2,42,0,0,0,0,0,0,1,0,1,0,0,0,0,0,0,43,2,41,0,0,0,0,0,0,0,0,0
368647,Undergraduate students,44,2,42,0,0,0,0,0,0,1,0,1,0,0,0,0,0,0,43,2,41,0,0,0,0,0,0,0,0,0
368771,Total students enrolled for credit,186,57,129,1,1,0,20,5,15,19,6,13,32,14,18,3,0,3,90,29,61,19,2,17,2,0,2,0,0,0
368771,Undergraduate students,186,57,129,1,1,0,20,5,15,19,6,13,32,14,18,3,0,3,90,29,61,19,2,17,2,0,2,0,0,0
368780,Total students enrolled for credit,639,201,438,0,0,0,83,26,57,153,66,87,283,58,225,0,0,0,80,30,50,0,0,0,3,3,0,37,18,19
368780,Undergraduate students,639,201,438,0,0,0,83,26,57,153,66,87,283,58,225,0,0,0,80,30,50,0,0,0,3,3,0,37,18,19
368832,Total students enrolled for credit,75,21,54,0,0,0,51,17,34,0,0,0,24,4,20,0,0,0,0,0,0,0,0,0,0,0,0,0,0,0
368832,Undergraduate students,75,21,54,0,0,0,51,17,34,0,0,0,24,4,20,0,0,0,0,0,0,0,0,0,0,0,0,0,0,0
368911,Total students enrolled for credit,2293,615,1678,0,0,0,7,2,5,634,145,489,164,51,113,0,0,0,1465,411,1054,20,6,14,0,0,0,3,0,3
368911,Undergraduate students,2293,615,1678,0,0,0,7,2,5,634,145,489,164,51,113,0,0,0,1465,411,1054,20,6,14,0,0,0,3,0,3
369002,Total students enrolled for credit,379,179,200,0,0,0,22,11,11,56,29,27,43,17,26,0,0,0,258,122,136,0,0,0,0,0,0,0,0,0
369002,Graduate student,379,179,200,0,0,0,22,11,11,56,29,27,43,17,26,0,0,0,258,122,136,0,0,0,0,0,0,0,0,0
369109,Total students enrolled for credit,94,13,81,0,0,0,0,0,0,13,3,10,3,1,2,0,0,0,78,9,69,0,0,0,0,0,0,0,0,0
369109,Undergraduate students,94,13,81,0,0,0,0,0,0,13,3,10,3,1,2,0,0,0,78,9,69,0,0,0,0,0,0,0,0,0
369400,Total students enrolled for credit,3523,3392,131,25,25,0,37,35,2,395,385,10,688,658,30,10,10,0,2002,1931,71,256,243,13,97,93,4,13,12,1
369400,Undergraduate students,3523,3392,131,25,25,0,37,35,2,395,385,10,688,658,30,10,10,0,2002,1931,71,256,243,13,97,93,4,13,12,1
369419,Total students enrolled for credit,3231,2296,935,14,12,2,47,22,25,869,496,373,658,392,266,15,11,4,1537,1309,228,74,48,26,0,0,0,17,6,11
369419,Undergraduate students,3231,2296,935,14,12,2,47,22,25,869,496,373,658,392,266,15,11,4,1537,1309,228,74,48,26,0,0,0,17,6,11
369446,Total students enrolled for credit,75,1,74,0,0,0,70,1,69,0,0,0,0,0,0,0,0,0,5,0,5,0,0,0,0,0,0,0,0,0
369446,Undergraduate students,75,1,74,0,0,0,70,1,69,0,0,0,0,0,0,0,0,0,5,0,5,0,0,0,0,0,0,0,0,0
369455,Total students enrolled for credit,123,46,77,0,0,0,1,0,1,22,7,15,7,1,6,0,0,0,93,38,55,0,0,0,0,0,0,0,0,0
369455,Undergraduate students,123,46,77,0,0,0,1,0,1,22,7,15,7,1,6,0,0,0,93,38,55,0,0,0,0,0,0,0,0,0
369516,Total students enrolled for credit,457,149,308,6,2,4,6,2,4,112,38,74,10,4,6,5,2,3,301,93,208,9,5,4,8,3,5,0,0,0
369516,Undergraduate students,452,147,305,6,2,4,6,2,4,112,38,74,9,4,5,5,2,3,297,91,206,9,5,4,8,3,5,0,0,0
369516,Graduate student,5,2,3,0,0,0,0,0,0,0,0,0,1,0,1,0,0,0,4,2,2,0,0,0,0,0,0,0,0,0
369659,Total students enrolled for credit,331,88,243,0,0,0,33,12,21,1,0,1,21,10,11,0,0,0,246,55,191,19,5,14,1,0,1,10,6,4
369659,Graduate student,331,88,243,0,0,0,33,12,21,1,0,1,21,10,11,0,0,0,246,55,191,19,5,14,1,0,1,10,6,4
369668,Total students enrolled for credit,322,154,168,0,0,0,1,0,1,10,4,6,3,1,2,0,0,0,308,149,159,0,0,0,0,0,0,0,0,0
369668,Undergraduate students,322,154,168,0,0,0,1,0,1,10,4,6,3,1,2,0,0,0,308,149,159,0,0,0,0,0,0,0,0,0
369686,Total students enrolled for credit,259,18,241,0,0,0,3,1,2,76,7,69,137,8,129,0,0,0,9,0,9,0,0,0,4,0,4,30,2,28
369686,Undergraduate students,259,18,241,0,0,0,3,1,2,76,7,69,137,8,129,0,0,0,9,0,9,0,0,0,4,0,4,30,2,28
369695,Total students enrolled for credit,150,26,124,0,0,0,141,25,116,0,0,0,6,1,5,0,0,0,3,0,3,0,0,0,0,0,0,0,0,0
369695,Undergraduate students,150,26,124,0,0,0,141,25,116,0,0,0,6,1,5,0,0,0,3,0,3,0,0,0,0,0,0,0,0,0
369783,Total students enrolled for credit,672,43,629,2,0,2,12,1,11,112,7,105,479,29,450,1,0,1,61,4,57,2,1,1,3,1,2,0,0,0
369783,Undergraduate students,672,43,629,2,0,2,12,1,11,112,7,105,479,29,450,1,0,1,61,4,57,2,1,1,3,1,2,0,0,0
369862,Total students enrolled for credit,646,131,515,1,0,1,3,0,3,452,95,357,17,6,11,1,0,1,148,28,120,7,0,7,17,2,15,0,0,0
369862,Undergraduate students,646,131,515,1,0,1,3,0,3,452,95,357,17,6,11,1,0,1,148,28,120,7,0,7,17,2,15,0,0,0
369905,Total students enrolled for credit,433,69,364,2,0,2,5,0,5,181,19,162,12,3,9,1,1,0,199,36,163,7,2,5,25,8,17,1,0,1
369905,Undergraduate students,433,69,364,2,0,2,5,0,5,181,19,162,12,3,9,1,1,0,199,36,163,7,2,5,25,8,17,1,0,1
369950,Total students enrolled for credit,295,265,30,0,0,0,10,10,0,109,97,12,4,3,1,0,0,0,154,138,16,3,3,0,15,14,1,0,0,0
369950,Undergraduate students,295,265,30,0,0,0,10,10,0,109,97,12,4,3,1,0,0,0,154,138,16,3,3,0,15,14,1,0,0,0
371034,Total students enrolled for credit,23,16,7,0,0,0,0,0,0,5,4,1,1,1,0,0,0,0,16,11,5,1,0,1,0,0,0,0,0,0
371034,Undergraduate students,23,16,7,0,0,0,0,0,0,5,4,1,1,1,0,0,0,0,16,11,5,1,0,1,0,0,0,0,0,0
371052,Total students enrolled for credit,626,134,492,0,0,0,3,0,3,436,90,346,13,6,7,2,1,1,168,37,131,1,0,1,3,0,3,0,0,0
371052,Undergraduate students,626,134,492,0,0,0,3,0,3,436,90,346,13,6,7,2,1,1,168,37,131,1,0,1,3,0,3,0,0,0
371690,Total students enrolled for credit,1228,184,1044,3,0,3,87,23,64,72,7,65,953,142,811,7,0,7,86,10,76,7,1,6,13,1,12,0,0,0
371690,Undergraduate students,1228,184,1044,3,0,3,87,23,64,72,7,65,953,142,811,7,0,7,86,10,76,7,1,6,13,1,12,0,0,0
371830,Total students enrolled for credit,107,64,43,1,1,0,6,2,4,15,10,5,60,39,21,1,1,0,23,10,13,0,0,0,0,0,0,1,1,0
371830,Undergraduate students,107,64,43,1,1,0,6,2,4,15,10,5,60,39,21,1,1,0,23,10,13,0,0,0,0,0,0,1,1,0
371928,Total students enrolled for credit,165,69,96,0,0,0,28,17,11,4,3,1,59,23,36,5,5,0,45,9,36,14,9,5,10,3,7,0,0,0
371928,Undergraduate students,165,69,96,0,0,0,28,17,11,4,3,1,59,23,36,5,5,0,45,9,36,14,9,5,10,3,7,0,0,0
371964,Total students enrolled for credit,617,286,331,6,1,5,64,23,41,112,47,65,155,79,76,4,3,1,215,106,109,14,6,8,47,21,26,0,0,0
371964,Undergraduate students,617,286,331,6,1,5,64,23,41,112,47,65,155,79,76,4,3,1,215,106,109,14,6,8,47,21,26,0,0,0
372000,Total students enrolled for credit,111,19,92,0,0,0,74,17,57,0,0,0,32,2,30,0,0,0,0,0,0,0,0,0,0,0,0,5,0,5
372000,Undergraduate students,111,19,92,0,0,0,74,17,57,0,0,0,32,2,30,0,0,0,0,0,0,0,0,0,0,0,0,5,0,5
372028,Total students enrolled for credit,181,21,160,0,0,0,1,0,1,3,0,3,27,4,23,0,0,0,22,4,18,1,0,1,127,13,114,0,0,0
372028,Undergraduate students,181,21,160,0,0,0,1,0,1,3,0,3,27,4,23,0,0,0,22,4,18,1,0,1,127,13,114,0,0,0
372073,Total students enrolled for credit,383,119,264,2,1,1,25,8,17,80,15,65,190,64,126,0,0,0,30,8,22,16,3,13,40,20,20,0,0,0
372073,Undergraduate students,383,119,264,2,1,1,25,8,17,80,15,65,190,64,126,0,0,0,30,8,22,16,3,13,40,20,20,0,0,0
372082,Total students enrolled for credit,225,40,185,0,0,0,14,8,6,12,3,9,163,22,141,2,0,2,34,7,27,0,0,0,0,0,0,0,0,0
372082,Undergraduate students,225,40,185,0,0,0,14,8,6,12,3,9,163,22,141,2,0,2,34,7,27,0,0,0,0,0,0,0,0,0
372240,Total students enrolled for credit,46,0,46,0,0,0,0,0,0,46,0,46,0,0,0,0,0,0,0,0,0,0,0,0,0,0,0,0,0,0
372240,Undergraduate students,46,0,46,0,0,0,0,0,0,46,0,46,0,0,0,0,0,0,0,0,0,0,0,0,0,0,0,0,0,0
372329,Total students enrolled for credit,2255,343,1912,27,5,22,15,3,12,52,20,32,809,83,726,7,2,5,1259,212,1047,84,18,66,2,0,2,0,0,0
372329,Undergraduate students,2255,343,1912,27,5,22,15,3,12,52,20,32,809,83,726,7,2,5,1259,212,1047,84,18,66,2,0,2,0,0,0
372356,Total students enrolled for credit,103,5,98,2,0,2,2,0,2,12,2,10,30,1,29,0,0,0,49,2,47,8,0,8,0,0,0,0,0,0
372356,Undergraduate students,103,5,98,2,0,2,2,0,2,12,2,10,30,1,29,0,0,0,49,2,47,8,0,8,0,0,0,0,0,0
372462,Total students enrolled for credit,212,12,200,3,0,3,1,0,1,44,4,40,26,0,26,0,0,0,118,6,112,19,2,17,1,0,1,0,0,0
372462,Undergraduate students,212,12,200,3,0,3,1,0,1,44,4,40,26,0,26,0,0,0,118,6,112,19,2,17,1,0,1,0,0,0
372718,Total students enrolled for credit,460,70,390,2,1,1,5,3,2,79,19,60,70,16,54,0,0,0,297,29,268,4,1,3,2,1,1,1,0,1
372718,Undergraduate students,460,70,390,2,1,1,5,3,2,79,19,60,70,16,54,0,0,0,297,29,268,4,1,3,2,1,1,1,0,1
372921,Total students enrolled for credit,1009,375,634,6,2,4,7,1,6,661,258,403,115,29,86,1,0,1,189,71,118,27,12,15,3,2,1,0,0,0
372921,Undergraduate students,1009,375,634,6,2,4,7,1,6,661,258,403,115,29,86,1,0,1,189,71,118,27,12,15,3,2,1,0,0,0
372958,Total students enrolled for credit,512,177,335,1,1,0,187,57,130,48,27,21,52,24,28,116,32,84,39,21,18,65,15,50,4,0,4,0,0,0
372958,Undergraduate students,512,177,335,1,1,0,187,57,130,48,27,21,52,24,28,116,32,84,39,21,18,65,15,50,4,0,4,0,0,0
373058,Total students enrolled for credit,133,43,90,0,0,0,1,0,1,15,3,12,5,2,3,0,0,0,102,34,68,1,0,1,9,4,5,0,0,0
373058,Undergraduate students,133,43,90,0,0,0,1,0,1,15,3,12,5,2,3,0,0,0,102,34,68,1,0,1,9,4,5,0,0,0
373085,Total students enrolled for credit,230,50,180,7,2,5,0,0,0,54,20,34,16,4,12,0,0,0,149,24,125,2,0,2,2,0,2,0,0,0
373085,Undergraduate students,230,50,180,7,2,5,0,0,0,54,20,34,16,4,12,0,0,0,149,24,125,2,0,2,2,0,2,0,0,0
373216,Total students enrolled for credit,96,5,91,0,0,0,2,0,2,8,0,8,12,0,12,0,0,0,70,5,65,4,0,4,0,0,0,0,0,0
373216,Undergraduate students,96,5,91,0,0,0,2,0,2,8,0,8,12,0,12,0,0,0,70,5,65,4,0,4,0,0,0,0,0,0
373456,Total students enrolled for credit,18,0,18,0,0,0,0,0,0,9,0,9,0,0,0,0,0,0,0,0,0,0,0,0,0,0,0,9,0,9
373456,Undergraduate students,18,0,18,0,0,0,0,0,0,9,0,9,0,0,0,0,0,0,0,0,0,0,0,0,0,0,0,9,0,9
373526,Total students enrolled for credit,431,374,57,3,2,1,1,1,0,336,294,42,13,11,2,0,0,0,76,65,11,2,1,1,0,0,0,0,0,0
373526,Undergraduate students,431,374,57,3,2,1,1,1,0,336,294,42,13,11,2,0,0,0,76,65,11,2,1,1,0,0,0,0,0,0
373678,Total students enrolled for credit,284,133,151,2,0,2,11,2,9,25,12,13,72,38,34,0,0,0,155,75,80,11,6,5,8,0,8,0,0,0
373678,Undergraduate students,284,133,151,2,0,2,11,2,9,25,12,13,72,38,34,0,0,0,155,75,80,11,6,5,8,0,8,0,0,0
373696,Total students enrolled for credit,215,111,104,0,0,0,9,2,7,18,10,8,64,44,20,0,0,0,122,54,68,2,1,1,0,0,0,0,0,0
373696,Undergraduate students,215,111,104,0,0,0,9,2,7,18,10,8,64,44,20,0,0,0,122,54,68,2,1,1,0,0,0,0,0,0
373711,Total students enrolled for credit,87,10,77,1,0,1,1,0,1,13,4,9,3,1,2,1,0,1,59,5,54,9,0,9,0,0,0,0,0,0
373711,Undergraduate students,87,10,77,1,0,1,1,0,1,13,4,9,3,1,2,1,0,1,59,5,54,9,0,9,0,0,0,0,0,0
373784,Total students enrolled for credit,1074,699,375,0,0,0,4,4,0,831,559,272,28,16,12,1,0,1,158,83,75,3,1,2,48,35,13,1,1,0
373784,Undergraduate students,1074,699,375,0,0,0,4,4,0,831,559,272,28,16,12,1,0,1,158,83,75,3,1,2,48,35,13,1,1,0
374024,Total students enrolled for credit,471,110,361,5,1,4,11,3,8,49,17,32,12,3,9,0,0,0,394,86,308,0,0,0,0,0,0,0,0,0
374024,Graduate student,471,110,361,5,1,4,11,3,8,49,17,32,12,3,9,0,0,0,394,86,308,0,0,0,0,0,0,0,0,0
374316,Total students enrolled for credit,96,55,41,0,0,0,0,0,0,96,55,41,0,0,0,0,0,0,0,0,0,0,0,0,0,0,0,0,0,0
374316,Undergraduate students,96,55,41,0,0,0,0,0,0,96,55,41,0,0,0,0,0,0,0,0,0,0,0,0,0,0,0,0,0,0
374343,Total students enrolled for credit,73,0,73,0,0,0,0,0,0,14,0,14,0,0,0,0,0,0,59,0,59,0,0,0,0,0,0,0,0,0
374343,Undergraduate students,73,0,73,0,0,0,0,0,0,14,0,14,0,0,0,0,0,0,59,0,59,0,0,0,0,0,0,0,0,0
374574,Total students enrolled for credit,823,121,702,1,0,1,9,5,4,352,51,301,103,16,87,0,0,0,166,30,136,21,1,20,170,18,152,1,0,1
374574,Undergraduate students,823,121,702,1,0,1,9,5,4,352,51,301,103,16,87,0,0,0,166,30,136,21,1,20,170,18,152,1,0,1
374592,Total students enrolled for credit,84,2,82,0,0,0,0,0,0,25,0,25,20,0,20,0,0,0,37,2,35,2,0,2,0,0,0,0,0,0
374592,Undergraduate students,84,2,82,0,0,0,0,0,0,25,0,25,20,0,20,0,0,0,37,2,35,2,0,2,0,0,0,0,0,0
374875,Total students enrolled for credit,1088,236,852,3,1,2,85,27,58,312,51,261,364,81,283,36,10,26,206,45,161,32,10,22,50,11,39,0,0,0
374875,Undergraduate students,1088,236,852,3,1,2,85,27,58,312,51,261,364,81,283,36,10,26,206,45,161,32,10,22,50,11,39,0,0,0
374927,Total students enrolled for credit,87,0,87,0,0,0,3,0,3,9,0,9,26,0,26,0,0,0,49,0,49,0,0,0,0,0,0,0,0,0
374927,Undergraduate students,87,0,87,0,0,0,3,0,3,9,0,9,26,0,26,0,0,0,49,0,49,0,0,0,0,0,0,0,0,0
374972,Total students enrolled for credit,838,289,549,9,2,7,6,6,0,56,16,40,32,8,24,1,0,1,701,247,454,14,3,11,19,7,12,0,0,0
374972,Undergraduate students,838,289,549,9,2,7,6,6,0,56,16,40,32,8,24,1,0,1,701,247,454,14,3,11,19,7,12,0,0,0
374990,Total students enrolled for credit,95,5,90,1,0,1,0,0,0,7,0,7,4,0,4,0,0,0,82,5,77,1,0,1,0,0,0,0,0,0
374990,Undergraduate students,95,5,90,1,0,1,0,0,0,7,0,7,4,0,4,0,0,0,82,5,77,1,0,1,0,0,0,0,0,0
375106,Total students enrolled for credit,195,178,17,2,1,1,9,9,0,51,46,5,17,15,2,0,0,0,116,107,9,0,0,0,0,0,0,0,0,0
375106,Undergraduate students,195,178,17,2,1,1,9,9,0,51,46,5,17,15,2,0,0,0,116,107,9,0,0,0,0,0,0,0,0,0
375230,Total students enrolled for credit,121,121,0,0,0,0,0,0,0,0,0,0,0,0,0,0,0,0,121,121,0,0,0,0,0,0,0,0,0,0
375230,Undergraduate students,121,121,0,0,0,0,0,0,0,0,0,0,0,0,0,0,0,0,121,121,0,0,0,0,0,0,0,0,0,0
375300,Total students enrolled for credit,185,8,177,0,0,0,1,0,1,45,4,41,10,0,10,0,0,0,129,4,125,0,0,0,0,0,0,0,0,0
375300,Undergraduate students,185,8,177,0,0,0,1,0,1,45,4,41,10,0,10,0,0,0,129,4,125,0,0,0,0,0,0,0,0,0
375319,Total students enrolled for credit,31,0,31,0,0,0,0,0,0,28,0,28,0,0,0,0,0,0,3,0,3,0,0,0,0,0,0,0,0,0
375319,Undergraduate students,31,0,31,0,0,0,0,0,0,28,0,28,0,0,0,0,0,0,3,0,3,0,0,0,0,0,0,0,0,0
375373,Total students enrolled for credit,385,131,254,0,0,0,1,0,1,17,5,12,8,7,1,0,0,0,324,114,210,2,1,1,33,4,29,0,0,0
375373,Undergraduate students,385,131,254,0,0,0,1,0,1,17,5,12,8,7,1,0,0,0,324,114,210,2,1,1,33,4,29,0,0,0
375407,Total students enrolled for credit,161,38,123,2,0,2,2,0,2,34,3,31,2,1,1,0,0,0,110,31,79,11,3,8,0,0,0,0,0,0
375407,Undergraduate students,161,38,123,2,0,2,2,0,2,34,3,31,2,1,1,0,0,0,110,31,79,11,3,8,0,0,0,0,0,0
375416,Total students enrolled for credit,1067,248,819,3,1,2,4,1,3,804,165,639,64,21,43,1,1,0,128,43,85,57,15,42,6,1,5,0,0,0
375416,Undergraduate students,1067,248,819,3,1,2,4,1,3,804,165,639,64,21,43,1,1,0,128,43,85,57,15,42,6,1,5,0,0,0
375489,Total students enrolled for credit,277,36,241,0,0,0,4,0,4,139,14,125,11,0,11,0,0,0,108,11,97,0,0,0,15,11,4,0,0,0
375489,Undergraduate students,277,36,241,0,0,0,4,0,4,139,14,125,11,0,11,0,0,0,108,11,97,0,0,0,15,11,4,0,0,0
375540,Total students enrolled for credit,121,1,120,1,0,1,1,0,1,48,0,48,15,0,15,0,0,0,56,1,55,0,0,0,0,0,0,0,0,0
375540,Undergraduate students,121,1,120,1,0,1,1,0,1,48,0,48,15,0,15,0,0,0,56,1,55,0,0,0,0,0,0,0,0,0
375568,Total students enrolled for credit,53,10,43,0,0,0,0,0,0,1,0,1,0,0,0,1,0,1,51,10,41,0,0,0,0,0,0,0,0,0
375568,Undergraduate students,53,10,43,0,0,0,0,0,0,1,0,1,0,0,0,1,0,1,51,10,41,0,0,0,0,0,0,0,0,0
375656,Total students enrolled for credit,167,69,98,18,6,12,1,0,1,3,0,3,27,16,11,0,0,0,96,39,57,22,8,14,0,0,0,0,0,0
375656,Undergraduate students,167,69,98,18,6,12,1,0,1,3,0,3,27,16,11,0,0,0,96,39,57,22,8,14,0,0,0,0,0,0
375683,Total students enrolled for credit,1011,552,459,126,61,65,7,4,3,33,21,12,21,12,9,4,2,2,757,415,342,40,25,15,12,12,0,11,0,11
375683,Undergraduate students,1011,552,459,126,61,65,7,4,3,33,21,12,21,12,9,4,2,2,757,415,342,40,25,15,12,12,0,11,0,11
375692,Total students enrolled for credit,194,105,89,28,17,11,0,0,0,2,1,1,6,4,2,0,0,0,133,69,64,22,12,10,3,2,1,0,0,0
375692,Undergraduate students,194,105,89,28,17,11,0,0,0,2,1,1,6,4,2,0,0,0,133,69,64,22,12,10,3,2,1,0,0,0
375708,Total students enrolled for credit,129,91,38,37,28,9,2,1,1,4,2,2,8,4,4,0,0,0,78,56,22,0,0,0,0,0,0,0,0,0
375708,Undergraduate students,129,91,38,37,28,9,2,1,1,4,2,2,8,4,4,0,0,0,78,56,22,0,0,0,0,0,0,0,0,0
375717,Total students enrolled for credit,92,41,51,22,10,12,0,0,0,19,12,7,6,4,2,0,0,0,45,15,30,0,0,0,0,0,0,0,0,0
375717,Undergraduate students,92,41,51,22,10,12,0,0,0,19,12,7,6,4,2,0,0,0,45,15,30,0,0,0,0,0,0,0,0,0
375726,Total students enrolled for credit,847,440,407,195,106,89,11,9,2,37,15,22,47,22,25,0,0,0,491,253,238,21,9,12,45,26,19,0,0,0
375726,Undergraduate students,847,440,407,195,106,89,11,9,2,37,15,22,47,22,25,0,0,0,491,253,238,21,9,12,45,26,19,0,0,0
375735,Total students enrolled for credit,171,69,102,36,12,24,1,0,1,18,6,12,13,5,8,0,0,0,103,46,57,0,0,0,0,0,0,0,0,0
375735,Undergraduate students,171,69,102,36,12,24,1,0,1,18,6,12,13,5,8,0,0,0,103,46,57,0,0,0,0,0,0,0,0,0
375744,Total students enrolled for credit,297,173,124,32,19,13,0,0,0,6,3,3,6,5,1,0,0,0,111,75,36,0,0,0,142,71,71,0,0,0
375744,Undergraduate students,297,173,124,32,19,13,0,0,0,6,3,3,6,5,1,0,0,0,111,75,36,0,0,0,142,71,71,0,0,0
375753,Total students enrolled for credit,11,9,2,2,1,1,0,0,0,1,1,0,0,0,0,0,0,0,8,7,1,0,0,0,0,0,0,0,0,0
375753,Undergraduate students,11,9,2,2,1,1,0,0,0,1,1,0,0,0,0,0,0,0,8,7,1,0,0,0,0,0,0,0,0,0
375762,Total students enrolled for credit,124,47,77,52,25,27,0,0,0,2,1,1,7,3,4,0,0,0,57,18,39,0,0,0,6,0,6,0,0,0
375762,Undergraduate students,124,47,77,52,25,27,0,0,0,2,1,1,7,3,4,0,0,0,57,18,39,0,0,0,6,0,6,0,0,0
375841,Total students enrolled for credit,123,62,61,3,3,0,8,5,3,1,1,0,5,2,3,3,2,1,32,13,19,3,1,2,68,35,33,0,0,0
375841,Undergraduate students,123,62,61,3,3,0,8,5,3,1,1,0,5,2,3,3,2,1,32,13,19,3,1,2,68,35,33,0,0,0
375939,Total students enrolled for credit,303,77,226,0,0,0,1,0,1,12,4,8,0,0,0,0,0,0,281,72,209,9,1,8,0,0,0,0,0,0
375939,Undergraduate students,303,77,226,0,0,0,1,0,1,12,4,8,0,0,0,0,0,0,281,72,209,9,1,8,0,0,0,0,0,0
375966,Total students enrolled for credit,214,29,185,1,1,0,8,1,7,102,19,83,8,0,8,0,0,0,95,8,87,0,0,0,0,0,0,0,0,0
375966,Undergraduate students,214,29,185,1,1,0,8,1,7,102,19,83,8,0,8,0,0,0,95,8,87,0,0,0,0,0,0,0,0,0
375984,Total students enrolled for credit,526,41,485,0,0,0,4,0,4,378,24,354,37,5,32,0,0,0,8,3,5,8,0,8,91,9,82,0,0,0
375984,Undergraduate students,526,41,485,0,0,0,4,0,4,378,24,354,37,5,32,0,0,0,8,3,5,8,0,8,91,9,82,0,0,0
376224,Total students enrolled for credit,815,207,608,0,0,0,0,0,0,0,0,0,815,207,608,0,0,0,0,0,0,0,0,0,0,0,0,0,0,0
376224,Undergraduate students,815,207,608,0,0,0,0,0,0,0,0,0,815,207,608,0,0,0,0,0,0,0,0,0,0,0,0,0,0,0
376242,Total students enrolled for credit,441,296,145,0,0,0,0,0,0,0,0,0,441,296,145,0,0,0,0,0,0,0,0,0,0,0,0,0,0,0
376242,Undergraduate students,441,296,145,0,0,0,0,0,0,0,0,0,441,296,145,0,0,0,0,0,0,0,0,0,0,0,0,0,0,0
376288,Total students enrolled for credit,144,44,100,0,0,0,0,0,0,0,0,0,144,44,100,0,0,0,0,0,0,0,0,0,0,0,0,0,0,0
376288,Undergraduate students,144,44,100,0,0,0,0,0,0,0,0,0,144,44,100,0,0,0,0,0,0,0,0,0,0,0,0,0,0,0
376321,Total students enrolled for credit,3276,874,2402,0,0,0,0,0,0,0,0,0,3276,874,2402,0,0,0,0,0,0,0,0,0,0,0,0,0,0,0
376321,Undergraduate students,3276,874,2402,0,0,0,0,0,0,0,0,0,3276,874,2402,0,0,0,0,0,0,0,0,0,0,0,0,0,0,0
376330,Total students enrolled for credit,453,98,355,0,0,0,0,0,0,0,0,0,453,98,355,0,0,0,0,0,0,0,0,0,0,0,0,0,0,0
376330,Undergraduate students,453,98,355,0,0,0,0,0,0,0,0,0,453,98,355,0,0,0,0,0,0,0,0,0,0,0,0,0,0,0
376385,Total students enrolled for credit,1061,382,679,0,0,0,0,0,0,0,0,0,1061,382,679,0,0,0,0,0,0,0,0,0,0,0,0,0,0,0
376385,Undergraduate students,1061,382,679,0,0,0,0,0,0,0,0,0,1061,382,679,0,0,0,0,0,0,0,0,0,0,0,0,0,0,0
376446,Total students enrolled for credit,149,7,142,2,0,2,12,0,12,50,4,46,13,0,13,0,0,0,71,3,68,0,0,0,0,0,0,1,0,1
376446,Undergraduate students,149,7,142,2,0,2,12,0,12,50,4,46,13,0,13,0,0,0,71,3,68,0,0,0,0,0,0,1,0,1
376631,Total students enrolled for credit,56,8,48,2,0,2,0,0,0,1,1,0,3,0,3,0,0,0,50,7,43,0,0,0,0,0,0,0,0,0
376631,Undergraduate students,56,8,48,2,0,2,0,0,0,1,1,0,3,0,3,0,0,0,50,7,43,0,0,0,0,0,0,0,0,0
376677,Total students enrolled for credit,182,71,111,1,0,1,7,1,6,108,53,55,14,4,10,2,0,2,43,11,32,4,2,2,3,0,3,0,0,0
376677,Undergraduate students,182,71,111,1,0,1,7,1,6,108,53,55,14,4,10,2,0,2,43,11,32,4,2,2,3,0,3,0,0,0
376695,Total students enrolled for credit,1329,665,664,0,0,0,2,1,1,0,0,0,0,0,0,1326,663,663,1,1,0,0,0,0,0,0,0,0,0,0
376695,Undergraduate students,1329,665,664,0,0,0,2,1,1,0,0,0,0,0,0,1326,663,663,1,1,0,0,0,0,0,0,0,0,0,0
377111,Total students enrolled for credit,872,297,575,7,2,5,10,4,6,295,102,193,273,92,181,0,0,0,247,87,160,32,4,28,7,5,2,1,1,0
377111,Undergraduate students,872,297,575,7,2,5,10,4,6,295,102,193,273,92,181,0,0,0,247,87,160,32,4,28,7,5,2,1,1,0
377193,Total students enrolled for credit,80,8,72,0,0,0,1,0,1,5,0,5,45,0,45,0,0,0,13,0,13,0,0,0,16,8,8,0,0,0
377193,Undergraduate students,80,8,72,0,0,0,1,0,1,5,0,5,45,0,45,0,0,0,13,0,13,0,0,0,16,8,8,0,0,0
377218,Total students enrolled for credit,324,321,3,4,4,0,5,5,0,25,25,0,48,48,0,1,1,0,232,229,3,7,7,0,0,0,0,2,2,0
377218,Undergraduate students,324,321,3,4,4,0,5,5,0,25,25,0,48,48,0,1,1,0,232,229,3,7,7,0,0,0,0,2,2,0
377272,Total students enrolled for credit,41,2,39,0,0,0,0,0,0,4,0,4,25,2,23,0,0,0,12,0,12,0,0,0,0,0,0,0,0,0
377272,Undergraduate students,41,2,39,0,0,0,0,0,0,4,0,4,25,2,23,0,0,0,12,0,12,0,0,0,0,0,0,0,0,0
377281,Total students enrolled for credit,71,4,67,0,0,0,5,1,4,14,0,14,33,2,31,0,0,0,19,1,18,0,0,0,0,0,0,0,0,0
377281,Undergraduate students,71,4,67,0,0,0,5,1,4,14,0,14,33,2,31,0,0,0,19,1,18,0,0,0,0,0,0,0,0,0
377315,Total students enrolled for credit,106,3,103,0,0,0,5,0,5,9,1,8,29,0,29,0,0,0,63,2,61,0,0,0,0,0,0,0,0,0
377315,Undergraduate students,106,3,103,0,0,0,5,0,5,9,1,8,29,0,29,0,0,0,63,2,61,0,0,0,0,0,0,0,0,0
377342,Total students enrolled for credit,843,167,676,8,2,6,3,1,2,298,58,240,198,45,153,4,0,4,228,42,186,39,6,33,65,13,52,0,0,0
377342,Undergraduate students,843,167,676,8,2,6,3,1,2,298,58,240,198,45,153,4,0,4,228,42,186,39,6,33,65,13,52,0,0,0
377449,Total students enrolled for credit,423,86,337,0,0,0,2,0,2,257,50,207,33,8,25,2,2,0,80,13,67,37,10,27,12,3,9,0,0,0
377449,Undergraduate students,423,86,337,0,0,0,2,0,2,257,50,207,33,8,25,2,2,0,80,13,67,37,10,27,12,3,9,0,0,0
377458,Total students enrolled for credit,532,38,494,2,0,2,4,1,3,345,18,327,33,4,29,1,0,1,103,9,94,29,6,23,15,0,15,0,0,0
377458,Undergraduate students,532,38,494,2,0,2,4,1,3,345,18,327,33,4,29,1,0,1,103,9,94,29,6,23,15,0,15,0,0,0
377485,Total students enrolled for credit,60,4,56,0,0,0,9,2,7,16,0,16,5,0,5,0,0,0,26,2,24,2,0,2,2,0,2,0,0,0
377485,Undergraduate students,60,4,56,0,0,0,9,2,7,16,0,16,5,0,5,0,0,0,26,2,24,2,0,2,2,0,2,0,0,0
377546,Total students enrolled for credit,114,36,78,6,3,3,6,0,6,4,0,4,10,5,5,1,1,0,73,21,52,14,6,8,0,0,0,0,0,0
377546,Undergraduate students,114,36,78,6,3,3,6,0,6,4,0,4,10,5,5,1,1,0,73,21,52,14,6,8,0,0,0,0,0,0
377555,Total students enrolled for credit,6864,3402,3462,17,8,9,1662,846,816,414,184,230,576,252,324,45,20,25,2864,1442,1422,388,179,209,182,83,99,716,388,328
377555,Undergraduate students,6175,3098,3077,15,7,8,1569,805,764,393,173,220,537,237,300,44,20,24,2479,1266,1213,364,170,194,157,76,81,617,344,273
377555,Graduate student,689,304,385,2,1,1,93,41,52,21,11,10,39,15,24,1,0,1,385,176,209,24,9,15,25,7,18,99,44,55
377564,Total students enrolled for credit,5998,2787,3211,39,14,25,1046,532,514,458,210,248,736,305,431,74,30,44,2618,1180,1438,479,209,270,152,72,80,396,235,161
377564,Undergraduate students,5095,2453,2642,34,13,21,955,492,463,387,176,211,671,286,385,71,29,42,2174,1033,1141,421,188,233,124,67,57,258,169,89
377564,Graduate student,903,334,569,5,1,4,91,40,51,71,34,37,65,19,46,3,1,2,444,147,297,58,21,37,28,5,23,138,66,72
377652,Total students enrolled for credit,498,140,358,1,1,0,0,0,0,47,16,31,2,1,1,0,0,0,442,122,320,5,0,5,1,0,1,0,0,0
377652,Undergraduate students,498,140,358,1,1,0,0,0,0,47,16,31,2,1,1,0,0,0,442,122,320,5,0,5,1,0,1,0,0,0
377661,Total students enrolled for credit,498,100,398,3,3,0,3,0,3,77,26,51,13,1,12,2,0,2,380,63,317,19,7,12,1,0,1,0,0,0
377661,Undergraduate students,498,100,398,3,3,0,3,0,3,77,26,51,13,1,12,2,0,2,380,63,317,19,7,12,1,0,1,0,0,0
377670,Total students enrolled for credit,241,37,204,0,0,0,0,0,0,29,7,22,1,0,1,0,0,0,198,30,168,9,0,9,4,0,4,0,0,0
377670,Undergraduate students,241,37,204,0,0,0,0,0,0,29,7,22,1,0,1,0,0,0,198,30,168,9,0,9,4,0,4,0,0,0
377722,Total students enrolled for credit,620,72,548,10,1,9,45,4,41,38,14,24,160,20,140,8,3,5,273,17,256,76,12,64,10,1,9,0,0,0
377722,Undergraduate students,620,72,548,10,1,9,45,4,41,38,14,24,160,20,140,8,3,5,273,17,256,76,12,64,10,1,9,0,0,0
377759,Total students enrolled for credit,62,55,7,0,0,0,12,10,2,6,6,0,31,27,4,0,0,0,13,12,1,0,0,0,0,0,0,0,0,0
377759,Undergraduate students,62,55,7,0,0,0,12,10,2,6,6,0,31,27,4,0,0,0,13,12,1,0,0,0,0,0,0,0,0,0
378105,Total students enrolled for credit,261,52,209,1,0,1,3,2,1,3,0,3,189,11,178,2,1,1,13,1,12,3,1,2,47,36,11,0,0,0
378105,Undergraduate students,261,52,209,1,0,1,3,2,1,3,0,3,189,11,178,2,1,1,13,1,12,3,1,2,47,36,11,0,0,0
378576,Total students enrolled for credit,1240,329,911,16,2,14,143,37,106,40,13,27,147,49,98,42,13,29,662,165,497,78,20,58,109,30,79,3,0,3
378576,Undergraduate students,261,70,191,2,0,2,18,6,12,18,8,10,53,17,36,6,2,4,96,21,75,32,7,25,35,9,26,1,0,1
378576,Graduate student,979,259,720,14,2,12,125,31,94,22,5,17,94,32,62,36,11,25,566,144,422,46,13,33,74,21,53,2,0,2
378886,Total students enrolled for credit,262,77,185,0,0,0,3,1,2,113,35,78,78,29,49,0,0,0,47,6,41,19,5,14,2,1,1,0,0,0
378886,Undergraduate students,262,77,185,0,0,0,3,1,2,113,35,78,78,29,49,0,0,0,47,6,41,19,5,14,2,1,1,0,0,0
378956,Total students enrolled for credit,987,940,47,3,3,0,27,27,0,152,142,10,239,231,8,6,6,0,536,508,28,17,16,1,2,2,0,5,5,0
378956,Undergraduate students,987,940,47,3,3,0,27,27,0,152,142,10,239,231,8,6,6,0,536,508,28,17,16,1,2,2,0,5,5,0
379621,Total students enrolled for credit,84,7,77,0,0,0,2,1,1,14,1,13,6,0,6,0,0,0,62,5,57,0,0,0,0,0,0,0,0,0
379621,Undergraduate students,84,7,77,0,0,0,2,1,1,14,1,13,6,0,6,0,0,0,62,5,57,0,0,0,0,0,0,0,0,0
379746,Total students enrolled for credit,141,10,131,0,0,0,0,0,0,17,2,15,120,7,113,0,0,0,3,1,2,0,0,0,1,0,1,0,0,0
379746,Undergraduate students,141,10,131,0,0,0,0,0,0,17,2,15,120,7,113,0,0,0,3,1,2,0,0,0,1,0,1,0,0,0
379782,Total students enrolled for credit,338,48,290,1,0,1,8,2,6,99,14,85,98,14,84,0,0,0,131,18,113,0,0,0,0,0,0,1,0,1
379782,Undergraduate students,338,48,290,1,0,1,8,2,6,99,14,85,98,14,84,0,0,0,131,18,113,0,0,0,0,0,0,1,0,1
380067,Total students enrolled for credit,165,2,163,0,0,0,0,0,0,63,0,63,100,2,98,0,0,0,2,0,2,0,0,0,0,0,0,0,0,0
380067,Undergraduate students,165,2,163,0,0,0,0,0,0,63,0,63,100,2,98,0,0,0,2,0,2,0,0,0,0,0,0,0,0,0
380359,Total students enrolled for credit,596,186,410,329,112,217,3,1,2,7,1,6,11,2,9,0,0,0,246,70,176,0,0,0,0,0,0,0,0,0
380359,Undergraduate students,596,186,410,329,112,217,3,1,2,7,1,6,11,2,9,0,0,0,246,70,176,0,0,0,0,0,0,0,0,0
380368,Total students enrolled for credit,2522,1094,1428,196,72,124,26,13,13,94,73,21,63,32,31,2,1,1,1956,824,1132,162,70,92,23,9,14,0,0,0
380368,Undergraduate students,2522,1094,1428,196,72,124,26,13,13,94,73,21,63,32,31,2,1,1,1956,824,1132,162,70,92,23,9,14,0,0,0
380377,Total students enrolled for credit,835,268,567,778,244,534,0,0,0,4,3,1,8,3,5,1,0,1,36,16,20,4,1,3,4,1,3,0,0,0
380377,Undergraduate students,835,268,567,778,244,534,0,0,0,4,3,1,8,3,5,1,0,1,36,16,20,4,1,3,4,1,3,0,0,0
380438,Total students enrolled for credit,599,158,441,8,3,5,9,3,6,15,5,10,109,24,85,17,8,9,433,112,321,8,3,5,0,0,0,0,0,0
380438,Undergraduate students,599,158,441,8,3,5,9,3,6,15,5,10,109,24,85,17,8,9,433,112,321,8,3,5,0,0,0,0,0,0
380456,Total students enrolled for credit,161,4,157,0,0,0,1,0,1,1,0,1,6,1,5,3,0,3,140,2,138,9,1,8,0,0,0,1,0,1
380456,Undergraduate students,161,4,157,0,0,0,1,0,1,1,0,1,6,1,5,3,0,3,140,2,138,9,1,8,0,0,0,1,0,1
380465,Total students enrolled for credit,631,330,301,2,2,0,12,5,7,15,11,4,47,32,15,10,5,5,341,175,166,7,1,6,188,95,93,9,4,5
380465,Undergraduate students,296,204,92,2,2,0,7,4,3,6,6,0,34,25,9,6,2,4,158,106,52,4,1,3,76,56,20,3,2,1
380465,Graduate student,335,126,209,0,0,0,5,1,4,9,5,4,13,7,6,4,3,1,183,69,114,3,0,3,112,39,73,6,2,4
380474,Total students enrolled for credit,457,100,357,5,1,4,4,2,2,5,1,4,89,12,77,4,0,4,272,64,208,14,2,12,64,18,46,0,0,0
380474,Undergraduate students,457,100,357,5,1,4,4,2,2,5,1,4,89,12,77,4,0,4,272,64,208,14,2,12,64,18,46,0,0,0
381255,Total students enrolled for credit,200,151,49,0,0,0,0,0,0,4,4,0,191,142,49,1,1,0,3,3,0,0,0,0,1,1,0,0,0,0
381255,Undergraduate students,200,151,49,0,0,0,0,0,0,4,4,0,191,142,49,1,1,0,3,3,0,0,0,0,1,1,0,0,0,0
381282,Total students enrolled for credit,260,139,121,0,0,0,3,3,0,3,2,1,239,123,116,1,1,0,9,6,3,5,4,1,0,0,0,0,0,0
381282,Undergraduate students,260,139,121,0,0,0,3,3,0,3,2,1,239,123,116,1,1,0,9,6,3,5,4,1,0,0,0,0,0,0
381325,Total students enrolled for credit,238,70,168,1,0,1,2,0,2,9,6,3,213,59,154,1,0,1,8,4,4,4,1,3,0,0,0,0,0,0
381325,Undergraduate students,238,70,168,1,0,1,2,0,2,9,6,3,213,59,154,1,0,1,8,4,4,4,1,3,0,0,0,0,0,0
381352,Total students enrolled for credit,137,27,110,9,1,8,17,9,8,4,1,3,11,5,6,0,0,0,91,8,83,0,0,0,5,3,2,0,0,0
381352,Graduate student,137,27,110,9,1,8,17,9,8,4,1,3,11,5,6,0,0,0,91,8,83,0,0,0,5,3,2,0,0,0
381361,Total students enrolled for credit,93,18,75,3,1,2,6,3,3,5,1,4,6,2,4,0,0,0,70,11,59,1,0,1,2,0,2,0,0,0
381361,Undergraduate students,93,18,75,3,1,2,6,3,3,5,1,4,6,2,4,0,0,0,70,11,59,1,0,1,2,0,2,0,0,0
381370,Total students enrolled for credit,416,12,404,2,0,2,15,1,14,172,4,168,11,0,11,1,0,1,192,7,185,8,0,8,15,0,15,0,0,0
381370,Undergraduate students,416,12,404,2,0,2,15,1,14,172,4,168,11,0,11,1,0,1,192,7,185,8,0,8,15,0,15,0,0,0
381404,Total students enrolled for credit,451,17,434,2,0,2,6,3,3,234,7,227,121,3,118,1,0,1,61,3,58,14,1,13,12,0,12,0,0,0
381404,Undergraduate students,451,17,434,2,0,2,6,3,3,234,7,227,121,3,118,1,0,1,61,3,58,14,1,13,12,0,12,0,0,0
381459,Total students enrolled for credit,298,203,95,4,2,2,17,11,6,14,7,7,14,10,4,0,0,0,225,158,67,19,11,8,5,4,1,0,0,0
381459,Graduate student,298,203,95,4,2,2,17,11,6,14,7,7,14,10,4,0,0,0,225,158,67,19,11,8,5,4,1,0,0,0
381486,Total students enrolled for credit,19,0,19,0,0,0,0,0,0,0,0,0,1,0,1,0,0,0,18,0,18,0,0,0,0,0,0,0,0,0
381486,Undergraduate students,19,0,19,0,0,0,0,0,0,0,0,0,1,0,1,0,0,0,18,0,18,0,0,0,0,0,0,0,0,0
381699,Total students enrolled for credit,34,1,33,0,0,0,0,0,0,0,0,0,13,0,13,0,0,0,21,1,20,0,0,0,0,0,0,0,0,0
381699,Undergraduate students,34,1,33,0,0,0,0,0,0,0,0,0,13,0,13,0,0,0,21,1,20,0,0,0,0,0,0,0,0,0
381732,Total students enrolled for credit,201,32,169,0,0,0,2,0,2,5,1,4,19,3,16,0,0,0,173,28,145,0,0,0,0,0,0,2,0,2
381732,Undergraduate students,201,32,169,0,0,0,2,0,2,5,1,4,19,3,16,0,0,0,173,28,145,0,0,0,0,0,0,2,0,2
381866,Total students enrolled for credit,82,17,65,1,0,1,3,0,3,3,1,2,7,2,5,1,0,1,67,14,53,0,0,0,0,0,0,0,0,0
381866,Undergraduate students,82,17,65,1,0,1,3,0,3,3,1,2,7,2,5,1,0,1,67,14,53,0,0,0,0,0,0,0,0,0
381945,Total students enrolled for credit,438,133,305,0,0,0,32,10,22,46,11,35,204,56,148,0,0,0,98,44,54,2,2,0,16,5,11,40,5,35
381945,Undergraduate students,438,133,305,0,0,0,32,10,22,46,11,35,204,56,148,0,0,0,98,44,54,2,2,0,16,5,11,40,5,35
382063,Total students enrolled for credit,243,140,103,0,0,0,0,0,0,0,0,0,184,100,84,1,1,0,2,1,1,1,1,0,51,33,18,4,4,0
382063,Undergraduate students,114,71,43,0,0,0,0,0,0,0,0,0,88,51,37,0,0,0,1,1,0,0,0,0,25,19,6,0,0,0
382063,Graduate student,129,69,60,0,0,0,0,0,0,0,0,0,96,49,47,1,1,0,1,0,1,1,1,0,26,14,12,4,4,0
382258,Total students enrolled for credit,183,34,149,1,0,1,20,8,12,15,2,13,76,12,64,1,0,1,70,12,58,0,0,0,0,0,0,0,0,0
382258,Undergraduate students,183,34,149,1,0,1,20,8,12,15,2,13,76,12,64,1,0,1,70,12,58,0,0,0,0,0,0,0,0,0
382267,Total students enrolled for credit,157,48,109,2,0,2,6,1,5,22,11,11,65,25,40,3,2,1,53,7,46,4,1,3,1,1,0,1,0,1
382267,Undergraduate students,157,48,109,2,0,2,6,1,5,22,11,11,65,25,40,3,2,1,53,7,46,4,1,3,1,1,0,1,0,1
382416,Total students enrolled for credit,82,23,59,0,0,0,3,2,1,26,12,14,15,3,12,0,0,0,38,6,32,0,0,0,0,0,0,0,0,0
382416,Undergraduate students,82,23,59,0,0,0,3,2,1,26,12,14,15,3,12,0,0,0,38,6,32,0,0,0,0,0,0,0,0,0
382461,Total students enrolled for credit,73,0,73,0,0,0,0,0,0,19,0,19,0,0,0,0,0,0,54,0,54,0,0,0,0,0,0,0,0,0
382461,Undergraduate students,73,0,73,0,0,0,0,0,0,19,0,19,0,0,0,0,0,0,54,0,54,0,0,0,0,0,0,0,0,0
382504,Total students enrolled for credit,461,125,336,5,0,5,6,2,4,188,47,141,78,17,61,0,0,0,157,53,104,27,6,21,0,0,0,0,0,0
382504,Undergraduate students,461,125,336,5,0,5,6,2,4,188,47,141,78,17,61,0,0,0,157,53,104,27,6,21,0,0,0,0,0,0
382771,Total students enrolled for credit,909,274,635,1,0,1,7,2,5,304,96,208,52,12,40,5,2,3,497,151,346,29,5,24,14,6,8,0,0,0
382771,Undergraduate students,909,274,635,1,0,1,7,2,5,304,96,208,52,12,40,5,2,3,497,151,346,29,5,24,14,6,8,0,0,0
382780,Total students enrolled for credit,216,5,211,0,0,0,1,0,1,36,2,34,25,0,25,0,0,0,126,3,123,1,0,1,27,0,27,0,0,0
382780,Undergraduate students,216,5,211,0,0,0,1,0,1,36,2,34,25,0,25,0,0,0,126,3,123,1,0,1,27,0,27,0,0,0
382896,Total students enrolled for credit,584,95,489,3,1,2,17,12,5,152,32,120,278,18,260,0,0,0,91,23,68,7,1,6,36,8,28,0,0,0
382896,Undergraduate students,584,95,489,3,1,2,17,12,5,152,32,120,278,18,260,0,0,0,91,23,68,7,1,6,36,8,28,0,0,0
382902,Total students enrolled for credit,98,3,95,0,0,0,0,0,0,26,2,24,18,1,17,2,0,2,52,0,52,0,0,0,0,0,0,0,0,0
382902,Undergraduate students,98,3,95,0,0,0,0,0,0,26,2,24,18,1,17,2,0,2,52,0,52,0,0,0,0,0,0,0,0,0
382911,Total students enrolled for credit,128,59,69,6,4,2,4,4,0,20,8,12,46,22,24,1,1,0,34,10,24,5,1,4,0,0,0,12,9,3
382911,Undergraduate students,128,59,69,6,4,2,4,4,0,20,8,12,46,22,24,1,1,0,34,10,24,5,1,4,0,0,0,12,9,3
382957,Total students enrolled for credit,624,263,361,1,0,1,10,4,6,458,192,266,14,6,8,0,0,0,91,36,55,12,4,8,38,21,17,0,0,0
382957,Undergraduate students,624,263,361,1,0,1,10,4,6,458,192,266,14,6,8,0,0,0,91,36,55,12,4,8,38,21,17,0,0,0
383020,Total students enrolled for credit,81,15,66,2,0,2,6,2,4,5,2,3,2,0,2,1,0,1,65,11,54,0,0,0,0,0,0,0,0,0
383020,Undergraduate students,19,3,16,0,0,0,1,0,1,1,1,0,0,0,0,1,0,1,16,2,14,0,0,0,0,0,0,0,0,0
383020,Graduate student,62,12,50,2,0,2,5,2,3,4,1,3,2,0,2,0,0,0,49,9,40,0,0,0,0,0,0,0,0,0
383084,Total students enrolled for credit,5640,2528,3112,25,13,12,458,195,263,278,215,63,3012,980,2032,132,35,97,1582,1020,562,12,7,5,141,63,78,0,0,0
383084,Undergraduate students,5640,2528,3112,25,13,12,458,195,263,278,215,63,3012,980,2032,132,35,97,1582,1020,562,12,7,5,141,63,78,0,0,0
383163,Total students enrolled for credit,409,18,391,0,0,0,2,0,2,4,1,3,398,17,381,0,0,0,5,0,5,0,0,0,0,0,0,0,0,0
383163,Undergraduate students,409,18,391,0,0,0,2,0,2,4,1,3,398,17,381,0,0,0,5,0,5,0,0,0,0,0,0,0,0,0
383172,Total students enrolled for credit,48,8,40,0,0,0,0,0,0,5,0,5,43,8,35,0,0,0,0,0,0,0,0,0,0,0,0,0,0,0
383172,Undergraduate students,48,8,40,0,0,0,0,0,0,5,0,5,43,8,35,0,0,0,0,0,0,0,0,0,0,0,0,0,0,0
383190,Total students enrolled for credit,3769,1458,2311,12,5,7,653,280,373,24,13,11,579,196,383,300,102,198,557,223,334,1575,616,959,13,5,8,56,18,38
383190,Undergraduate students,3769,1458,2311,12,5,7,653,280,373,24,13,11,579,196,383,300,102,198,557,223,334,1575,616,959,13,5,8,56,18,38
383279,Total students enrolled for credit,257,63,194,2,0,2,6,2,4,74,23,51,94,19,75,0,0,0,69,17,52,4,1,3,1,0,1,7,1,6
383279,Undergraduate students,257,63,194,2,0,2,6,2,4,74,23,51,94,19,75,0,0,0,69,17,52,4,1,3,1,0,1,7,1,6
383297,Total students enrolled for credit,316,14,302,1,0,1,2,0,2,38,2,36,59,1,58,0,0,0,189,9,180,5,1,4,10,1,9,12,0,12
383297,Undergraduate students,316,14,302,1,0,1,2,0,2,38,2,36,59,1,58,0,0,0,189,9,180,5,1,4,10,1,9,12,0,12
383312,Total students enrolled for credit,117,52,65,0,0,0,0,0,0,3,0,3,1,0,1,0,0,0,113,52,61,0,0,0,0,0,0,0,0,0
383312,Undergraduate students,117,52,65,0,0,0,0,0,0,3,0,3,1,0,1,0,0,0,113,52,61,0,0,0,0,0,0,0,0,0
383330,Total students enrolled for credit,97,25,72,0,0,0,0,0,0,24,3,21,3,1,2,0,0,0,68,20,48,1,0,1,1,1,0,0,0,0
383330,Undergraduate students,97,25,72,0,0,0,0,0,0,24,3,21,3,1,2,0,0,0,68,20,48,1,0,1,1,1,0,0,0,0
383367,Total students enrolled for credit,318,72,246,0,0,0,1,1,0,6,1,5,6,2,4,1,0,1,296,67,229,5,0,5,3,1,2,0,0,0
383367,Undergraduate students,318,72,246,0,0,0,1,1,0,6,1,5,6,2,4,1,0,1,296,67,229,5,0,5,3,1,2,0,0,0
383464,Total students enrolled for credit,198,23,175,1,0,1,5,1,4,48,9,39,52,8,44,1,0,1,80,5,75,0,0,0,11,0,11,0,0,0
383464,Undergraduate students,198,23,175,1,0,1,5,1,4,48,9,39,52,8,44,1,0,1,80,5,75,0,0,0,11,0,11,0,0,0
383525,Total students enrolled for credit,164,45,119,0,0,0,0,0,0,55,17,38,44,22,22,0,0,0,65,6,59,0,0,0,0,0,0,0,0,0
383525,Undergraduate students,164,45,119,0,0,0,0,0,0,55,17,38,44,22,22,0,0,0,65,6,59,0,0,0,0,0,0,0,0,0
383765,Total students enrolled for credit,204,7,197,1,0,1,12,0,12,93,4,89,28,0,28,1,0,1,33,1,32,5,1,4,31,1,30,0,0,0
383765,Undergraduate students,204,7,197,1,0,1,12,0,12,93,4,89,28,0,28,1,0,1,33,1,32,5,1,4,31,1,30,0,0,0
383792,Total students enrolled for credit,225,2,223,0,0,0,0,0,0,66,1,65,159,1,158,0,0,0,0,0,0,0,0,0,0,0,0,0,0,0
383792,Undergraduate students,225,2,223,0,0,0,0,0,0,66,1,65,159,1,158,0,0,0,0,0,0,0,0,0,0,0,0,0,0,0
383950,Total students enrolled for credit,354,30,324,2,0,2,1,0,1,257,21,236,1,0,1,0,0,0,92,9,83,1,0,1,0,0,0,0,0,0
383950,Undergraduate students,354,30,324,2,0,2,1,0,1,257,21,236,1,0,1,0,0,0,92,9,83,1,0,1,0,0,0,0,0,0
383996,Total students enrolled for credit,1021,417,604,128,42,86,7,1,6,21,11,10,332,134,198,3,2,1,423,182,241,21,7,14,75,35,40,11,3,8
383996,Undergraduate students,1021,417,604,128,42,86,7,1,6,21,11,10,332,134,198,3,2,1,423,182,241,21,7,14,75,35,40,11,3,8
384236,Total students enrolled for credit,675,274,401,2,1,1,13,6,7,53,24,29,514,196,318,5,0,5,65,33,32,22,14,8,1,0,1,0,0,0
384236,Undergraduate students,675,274,401,2,1,1,13,6,7,53,24,29,514,196,318,5,0,5,65,33,32,22,14,8,1,0,1,0,0,0
384245,Total students enrolled for credit,967,300,667,2,1,1,33,12,21,44,17,27,733,208,525,25,11,14,116,46,70,13,5,8,1,0,1,0,0,0
384245,Undergraduate students,967,300,667,2,1,1,33,12,21,44,17,27,733,208,525,25,11,14,116,46,70,13,5,8,1,0,1,0,0,0
384254,Total students enrolled for credit,343,197,146,4,1,3,11,7,4,54,29,25,18,12,6,1,0,1,233,135,98,12,7,5,0,0,0,10,6,4
384254,Undergraduate students,343,197,146,4,1,3,11,7,4,54,29,25,18,12,6,1,0,1,233,135,98,12,7,5,0,0,0,10,6,4
384306,Total students enrolled for credit,119,24,95,0,0,0,14,5,9,5,1,4,7,2,5,1,0,1,65,12,53,11,2,9,11,2,9,5,0,5
384306,Graduate student,119,24,95,0,0,0,14,5,9,5,1,4,7,2,5,1,0,1,65,12,53,11,2,9,11,2,9,5,0,5
384333,Total students enrolled for credit,13080,5276,7804,205,85,120,497,218,279,1088,438,650,6441,2469,3972,54,22,32,4051,1744,2307,312,120,192,391,159,232,41,21,20
384333,Undergraduate students,13080,5276,7804,205,85,120,497,218,279,1088,438,650,6441,2469,3972,54,22,32,4051,1744,2307,312,120,192,391,159,232,41,21,20
384342,Total students enrolled for credit,9167,4428,4739,17,6,11,381,164,217,1130,531,599,655,295,360,2,1,1,6166,2990,3176,365,173,192,381,233,148,70,35,35
384342,Undergraduate students,9167,4428,4739,17,6,11,381,164,217,1130,531,599,655,295,360,2,1,1,6166,2990,3176,365,173,192,381,233,148,70,35,35
384412,Total students enrolled for credit,205,112,93,2,0,2,2,1,1,114,63,51,6,4,2,0,0,0,41,22,19,6,4,2,11,5,6,23,13,10
384412,Undergraduate students,181,106,75,1,0,1,1,0,1,101,59,42,6,4,2,0,0,0,35,22,13,6,4,2,9,5,4,22,12,10
384412,Graduate student,24,6,18,1,0,1,1,1,0,13,4,9,0,0,0,0,0,0,6,0,6,0,0,0,2,0,2,1,1,0
384421,Total students enrolled for credit,104,104,0,0,0,0,0,0,0,0,0,0,0,0,0,0,0,0,101,101,0,0,0,0,0,0,0,3,3,0
384421,Undergraduate students,104,104,0,0,0,0,0,0,0,0,0,0,0,0,0,0,0,0,101,101,0,0,0,0,0,0,0,3,3,0
385132,Total students enrolled for credit,182,14,168,0,0,0,2,0,2,26,3,23,20,2,18,2,0,2,122,9,113,10,0,10,0,0,0,0,0,0
385132,Undergraduate students,182,14,168,0,0,0,2,0,2,26,3,23,20,2,18,2,0,2,122,9,113,10,0,10,0,0,0,0,0,0
385503,Total students enrolled for credit,463,32,431,0,0,0,7,0,7,60,9,51,75,6,69,1,1,0,316,16,300,2,0,2,2,0,2,0,0,0
385503,Undergraduate students,463,32,431,0,0,0,7,0,7,60,9,51,75,6,69,1,1,0,316,16,300,2,0,2,2,0,2,0,0,0
385549,Total students enrolled for credit,136,28,108,1,0,1,5,2,3,20,7,13,68,17,51,1,0,1,40,2,38,0,0,0,1,0,1,0,0,0
385549,Undergraduate students,136,28,108,1,0,1,5,2,3,20,7,13,68,17,51,1,0,1,40,2,38,0,0,0,1,0,1,0,0,0
385619,Total students enrolled for credit,2539,1251,1288,29,12,17,46,21,25,467,237,230,448,237,211,6,3,3,1276,611,665,84,40,44,181,88,93,2,2,0
385619,Undergraduate students,2144,1062,1082,26,12,14,30,15,15,371,189,182,372,196,176,5,2,3,1109,540,569,71,31,40,159,76,83,1,1,0
385619,Graduate student,395,189,206,3,0,3,16,6,10,96,48,48,76,41,35,1,1,0,167,71,96,13,9,4,22,12,10,1,1,0
386153,Total students enrolled for credit,341,0,341,0,0,0,0,0,0,0,0,0,0,0,0,0,0,0,336,0,336,0,0,0,0,0,0,5,0,5
386153,Undergraduate students,341,0,341,0,0,0,0,0,0,0,0,0,0,0,0,0,0,0,336,0,336,0,0,0,0,0,0,5,0,5
386472,Total students enrolled for credit,970,207,763,8,2,6,46,17,29,294,60,234,231,49,182,0,0,0,280,58,222,5,2,3,106,19,87,0,0,0
386472,Undergraduate students,901,185,716,8,2,6,42,17,25,272,50,222,211,45,166,0,0,0,263,53,210,4,2,2,101,16,85,0,0,0
386472,Graduate student,69,22,47,0,0,0,4,0,4,22,10,12,20,4,16,0,0,0,17,5,12,1,0,1,5,3,2,0,0,0
387819,Total students enrolled for credit,72,8,64,0,0,0,22,6,16,16,2,14,11,0,11,0,0,0,23,0,23,0,0,0,0,0,0,0,0,0
387819,Undergraduate students,72,8,64,0,0,0,22,6,16,16,2,14,11,0,11,0,0,0,23,0,23,0,0,0,0,0,0,0,0,0
387925,Total students enrolled for credit,364,63,301,1,0,1,5,1,4,112,19,93,114,24,90,0,0,0,112,16,96,17,2,15,3,1,2,0,0,0
387925,Undergraduate students,364,63,301,1,0,1,5,1,4,112,19,93,114,24,90,0,0,0,112,16,96,17,2,15,3,1,2,0,0,0
388043,Total students enrolled for credit,694,89,605,0,0,0,2,2,0,572,60,512,11,5,6,0,0,0,54,13,41,7,1,6,46,7,39,2,1,1
388043,Undergraduate students,694,89,605,0,0,0,2,2,0,572,60,512,11,5,6,0,0,0,54,13,41,7,1,6,46,7,39,2,1,1
388520,Total students enrolled for credit,621,329,292,0,0,0,12,8,4,306,154,152,198,103,95,0,0,0,79,46,33,20,13,7,6,5,1,0,0,0
388520,Undergraduate students,621,329,292,0,0,0,12,8,4,306,154,152,198,103,95,0,0,0,79,46,33,20,13,7,6,5,1,0,0,0
388663,Total students enrolled for credit,208,4,204,0,0,0,13,0,13,155,0,155,14,1,13,0,0,0,23,3,20,0,0,0,3,0,3,0,0,0
388663,Undergraduate students,208,4,204,0,0,0,13,0,13,155,0,155,14,1,13,0,0,0,23,3,20,0,0,0,3,0,3,0,0,0
389727,Total students enrolled for credit,534,97,437,1,1,0,4,2,2,209,38,171,18,7,11,3,1,2,208,36,172,9,1,8,82,11,71,0,0,0
389727,Undergraduate students,534,97,437,1,1,0,4,2,2,209,38,171,18,7,11,3,1,2,208,36,172,9,1,8,82,11,71,0,0,0
389860,Total students enrolled for credit,255,119,136,0,0,0,0,0,0,22,17,5,0,0,0,0,0,0,217,94,123,16,8,8,0,0,0,0,0,0
389860,Undergraduate students,255,119,136,0,0,0,0,0,0,22,17,5,0,0,0,0,0,0,217,94,123,16,8,8,0,0,0,0,0,0
390701,Total students enrolled for credit,4420,1051,3369,31,3,28,34,18,16,2224,508,1716,251,79,172,17,5,12,1386,317,1069,163,36,127,314,85,229,0,0,0
390701,Undergraduate students,4269,1008,3261,31,3,28,21,6,15,2151,495,1656,238,76,162,17,5,12,1344,305,1039,154,34,120,313,84,229,0,0,0
390701,Graduate student,151,43,108,0,0,0,13,12,1,73,13,60,13,3,10,0,0,0,42,12,30,9,2,7,1,1,0,0,0,0
390905,Total students enrolled for credit,250,126,124,2,1,1,4,2,2,21,13,8,11,5,6,0,0,0,192,100,92,9,4,5,11,1,10,0,0,0
390905,Undergraduate students,250,126,124,2,1,1,4,2,2,21,13,8,11,5,6,0,0,0,192,100,92,9,4,5,11,1,10,0,0,0
391005,Total students enrolled for credit,453,18,435,1,0,1,0,0,0,450,17,433,1,0,1,0,0,0,1,1,0,0,0,0,0,0,0,0,0,0
391005,Undergraduate students,453,18,435,1,0,1,0,0,0,450,17,433,1,0,1,0,0,0,1,1,0,0,0,0,0,0,0,0,0,0
391546,Total students enrolled for credit,213,13,200,6,1,5,9,3,6,8,1,7,178,8,170,0,0,0,12,0,12,0,0,0,0,0,0,0,0,0
391546,Undergraduate students,213,13,200,6,1,5,9,3,6,8,1,7,178,8,170,0,0,0,12,0,12,0,0,0,0,0,0,0,0,0
391759,Total students enrolled for credit,52,3,49,0,0,0,0,0,0,1,1,0,1,0,1,0,0,0,50,2,48,0,0,0,0,0,0,0,0,0
391759,Undergraduate students,52,3,49,0,0,0,0,0,0,1,1,0,1,0,1,0,0,0,50,2,48,0,0,0,0,0,0,0,0,0
392257,Total students enrolled for credit,2097,204,1893,9,1,8,35,9,26,726,57,669,842,93,749,3,0,3,357,32,325,44,5,39,81,7,74,0,0,0
392257,Undergraduate students,2097,204,1893,9,1,8,35,9,26,726,57,669,842,93,749,3,0,3,357,32,325,44,5,39,81,7,74,0,0,0
392354,Total students enrolled for credit,32,14,18,0,0,0,1,0,1,1,0,1,1,0,1,1,1,0,25,12,13,0,0,0,0,0,0,3,1,2
392354,Undergraduate students,32,14,18,0,0,0,1,0,1,1,0,1,1,0,1,1,1,0,25,12,13,0,0,0,0,0,0,3,1,2
392415,Total students enrolled for credit,473,152,321,4,3,1,16,8,8,128,41,87,89,28,61,0,0,0,15,6,9,0,0,0,220,65,155,1,1,0
392415,Undergraduate students,473,152,321,4,3,1,16,8,8,128,41,87,89,28,61,0,0,0,15,6,9,0,0,0,220,65,155,1,1,0
392840,Total students enrolled for credit,268,109,159,1,0,1,4,3,1,38,23,15,17,6,11,1,1,0,190,72,118,16,4,12,1,0,1,0,0,0
392840,Undergraduate students,268,109,159,1,0,1,4,3,1,38,23,15,17,6,11,1,1,0,190,72,118,16,4,12,1,0,1,0,0,0
393524,Total students enrolled for credit,198,22,176,0,0,0,109,8,101,6,3,3,76,11,65,0,0,0,4,0,4,0,0,0,2,0,2,1,0,1
393524,Undergraduate students,198,22,176,0,0,0,109,8,101,6,3,3,76,11,65,0,0,0,4,0,4,0,0,0,2,0,2,1,0,1
393649,Total students enrolled for credit,1145,389,756,3,0,3,24,12,12,309,98,211,697,233,464,22,9,13,51,20,31,35,17,18,4,0,4,0,0,0
393649,Undergraduate students,1145,389,756,3,0,3,24,12,12,309,98,211,697,233,464,22,9,13,51,20,31,35,17,18,4,0,4,0,0,0
393861,Total students enrolled for credit,1072,238,834,0,0,0,1060,238,822,1,0,1,10,0,10,0,0,0,1,0,1,0,0,0,0,0,0,0,0,0
393861,Undergraduate students,1072,238,834,0,0,0,1060,238,822,1,0,1,10,0,10,0,0,0,1,0,1,0,0,0,0,0,0,0,0,0
395195,Total students enrolled for credit,23,4,19,1,0,1,0,0,0,7,1,6,9,3,6,0,0,0,3,0,3,2,0,2,1,0,1,0,0,0
395195,Undergraduate students,23,4,19,1,0,1,0,0,0,7,1,6,9,3,6,0,0,0,3,0,3,2,0,2,1,0,1,0,0,0
395362,Total students enrolled for credit,2234,827,1407,23,9,14,71,30,41,122,51,71,686,260,426,15,8,7,1117,401,716,145,48,97,53,20,33,2,0,2
395362,Undergraduate students,2234,827,1407,23,9,14,71,30,41,122,51,71,686,260,426,15,8,7,1117,401,716,145,48,97,53,20,33,2,0,2
395690,Total students enrolled for credit,909,468,441,2,1,1,13,4,9,371,243,128,430,178,252,1,1,0,70,31,39,21,9,12,1,1,0,0,0,0
395690,Undergraduate students,909,468,441,2,1,1,13,4,9,371,243,128,430,178,252,1,1,0,70,31,39,21,9,12,1,1,0,0,0,0
397942,Total students enrolled for credit,1504,442,1062,17,6,11,82,27,55,193,56,137,1012,280,732,8,2,6,162,64,98,30,7,23,0,0,0,0,0,0
397942,Undergraduate students,1504,442,1062,17,6,11,82,27,55,193,56,137,1012,280,732,8,2,6,162,64,98,30,7,23,0,0,0,0,0,0
398130,Total students enrolled for credit,361,267,94,0,0,0,37,27,10,19,17,2,151,106,45,4,4,0,51,43,8,31,21,10,40,28,12,28,21,7
398130,Undergraduate students,361,267,94,0,0,0,37,27,10,19,17,2,151,106,45,4,4,0,51,43,8,31,21,10,40,28,12,28,21,7
399212,Total students enrolled for credit,17097,10202,6895,33,21,12,1326,677,649,387,267,120,8499,5059,3440,45,38,7,5573,3442,2131,650,361,289,419,244,175,165,93,72
399212,Undergraduate students,17097,10202,6895,33,21,12,1326,677,649,387,267,120,8499,5059,3440,45,38,7,5573,3442,2131,650,361,289,419,244,175,165,93,72
399869,Total students enrolled for credit,907,864,43,3,3,0,124,115,9,56,49,7,442,426,16,20,20,0,214,203,11,24,24,0,24,24,0,0,0,0
399869,Undergraduate students,907,864,43,3,3,0,124,115,9,56,49,7,442,426,16,20,20,0,214,203,11,24,24,0,24,24,0,0,0,0
399911,Total students enrolled for credit,434,166,268,2,0,2,63,17,46,17,8,9,41,11,30,2,1,1,84,31,53,22,5,17,15,4,11,188,89,99
399911,Undergraduate students,421,161,260,2,0,2,61,16,45,16,8,8,40,11,29,2,1,1,84,31,53,22,5,17,15,4,11,179,85,94
399911,Graduate student,13,5,8,0,0,0,2,1,1,1,0,1,1,0,1,0,0,0,0,0,0,0,0,0,0,0,0,9,4,5
400080,Total students enrolled for credit,1743,984,759,6,5,1,85,37,48,187,68,119,738,345,393,4,1,3,225,144,81,67,30,37,431,354,77,0,0,0
400080,Undergraduate students,1743,984,759,6,5,1,85,37,48,187,68,119,738,345,393,4,1,3,225,144,81,67,30,37,431,354,77,0,0,0
400187,Total students enrolled for credit,744,90,654,2,0,2,669,90,579,10,0,10,22,0,22,1,0,1,24,0,24,0,0,0,4,0,4,12,0,12
400187,Undergraduate students,744,90,654,2,0,2,669,90,579,10,0,10,22,0,22,1,0,1,24,0,24,0,0,0,4,0,4,12,0,12
401223,Total students enrolled for credit,389,151,238,0,0,0,207,55,152,0,0,0,0,0,0,0,0,0,0,0,0,0,0,0,0,0,0,182,96,86
401223,Undergraduate students,135,45,90,0,0,0,90,17,73,0,0,0,0,0,0,0,0,0,0,0,0,0,0,0,0,0,0,45,28,17
401223,Graduate student,254,106,148,0,0,0,117,38,79,0,0,0,0,0,0,0,0,0,0,0,0,0,0,0,0,0,0,137,68,69
401250,Total students enrolled for credit,197,55,142,3,2,1,44,12,32,11,2,9,19,4,15,0,0,0,105,30,75,9,4,5,0,0,0,6,1,5
401250,Graduate student,197,55,142,3,2,1,44,12,32,11,2,9,19,4,15,0,0,0,105,30,75,9,4,5,0,0,0,6,1,5
401481,Total students enrolled for credit,61,2,59,0,0,0,0,0,0,34,1,33,23,1,22,0,0,0,0,0,0,0,0,0,4,0,4,0,0,0
401481,Undergraduate students,61,2,59,0,0,0,0,0,0,34,1,33,23,1,22,0,0,0,0,0,0,0,0,0,4,0,4,0,0,0
401764,Total students enrolled for credit,337,18,319,2,0,2,0,0,0,263,11,252,24,4,20,0,0,0,37,2,35,5,1,4,1,0,1,5,0,5
401764,Undergraduate students,337,18,319,2,0,2,0,0,0,263,11,252,24,4,20,0,0,0,37,2,35,5,1,4,1,0,1,5,0,5
402563,Total students enrolled for credit,314,20,294,2,1,1,3,1,2,74,3,71,15,1,14,0,0,0,213,13,200,7,1,6,0,0,0,0,0,0
402563,Undergraduate students,314,20,294,2,1,1,3,1,2,74,3,71,15,1,14,0,0,0,213,13,200,7,1,6,0,0,0,0,0,0
402776,Total students enrolled for credit,97,53,44,9,6,3,1,0,1,5,4,1,44,25,19,0,0,0,36,17,19,0,0,0,2,1,1,0,0,0
402776,Undergraduate students,94,51,43,9,6,3,1,0,1,4,3,1,43,24,19,0,0,0,35,17,18,0,0,0,2,1,1,0,0,0
402776,Graduate student,3,2,1,0,0,0,0,0,0,1,1,0,1,1,0,0,0,0,1,0,1,0,0,0,0,0,0,0,0,0
402800,Total students enrolled for credit,249,21,228,0,0,0,0,0,0,20,1,19,192,17,175,0,0,0,25,3,22,3,0,3,9,0,9,0,0,0
402800,Undergraduate students,249,21,228,0,0,0,0,0,0,20,1,19,192,17,175,0,0,0,25,3,22,3,0,3,9,0,9,0,0,0
403469,Total students enrolled for credit,8210,3542,4668,30,15,15,26,7,19,45,26,19,69,31,38,6,5,1,7947,3417,4530,86,40,46,1,1,0,0,0,0
403469,Undergraduate students,8210,3542,4668,30,15,15,26,7,19,45,26,19,69,31,38,6,5,1,7947,3417,4530,86,40,46,1,1,0,0,0,0
403478,Total students enrolled for credit,1513,697,816,5,5,0,13,6,7,45,24,21,20,10,10,1,1,0,1395,639,756,34,12,22,0,0,0,0,0,0
403478,Undergraduate students,1513,697,816,5,5,0,13,6,7,45,24,21,20,10,10,1,1,0,1395,639,756,34,12,22,0,0,0,0,0,0
403487,Total students enrolled for credit,16515,12586,3929,42,34,8,180,141,39,399,161,238,222,196,26,13,11,2,15594,11996,3598,58,43,15,7,4,3,0,0,0
403487,Undergraduate students,16515,12586,3929,42,34,8,180,141,39,399,161,238,222,196,26,13,11,2,15594,11996,3598,58,43,15,7,4,3,0,0,0
404037,Total students enrolled for credit,27,1,26,0,0,0,0,0,0,2,0,2,4,0,4,0,0,0,21,1,20,0,0,0,0,0,0,0,0,0
404037,Undergraduate students,27,1,26,0,0,0,0,0,0,2,0,2,4,0,4,0,0,0,21,1,20,0,0,0,0,0,0,0,0,0
404055,Total students enrolled for credit,634,124,510,74,11,63,8,2,6,88,21,67,251,51,200,5,2,3,179,30,149,27,7,20,2,0,2,0,0,0
404055,Undergraduate students,634,124,510,74,11,63,8,2,6,88,21,67,251,51,200,5,2,3,179,30,149,27,7,20,2,0,2,0,0,0
404222,Total students enrolled for credit,231,75,156,0,0,0,51,12,39,8,0,8,129,41,88,1,1,0,42,21,21,0,0,0,0,0,0,0,0,0
404222,Graduate student,231,75,156,0,0,0,51,12,39,8,0,8,129,41,88,1,1,0,42,21,21,0,0,0,0,0,0,0,0,0
404338,Total students enrolled for credit,780,457,323,1,1,0,16,6,10,77,32,45,31,13,18,1,1,0,93,35,58,10,7,3,81,54,27,470,308,162
404338,Undergraduate students,489,265,224,1,1,0,7,1,6,58,25,33,24,10,14,1,1,0,67,27,40,8,6,2,58,42,16,265,152,113
404338,Graduate student,291,192,99,0,0,0,9,5,4,19,7,12,7,3,4,0,0,0,26,8,18,2,1,1,23,12,11,205,156,49
404365,Total students enrolled for credit,398,196,202,9,5,4,1,0,1,22,11,11,10,5,5,0,0,0,338,166,172,7,2,5,11,7,4,0,0,0
404365,Undergraduate students,398,196,202,9,5,4,1,0,1,22,11,11,10,5,5,0,0,0,338,166,172,7,2,5,11,7,4,0,0,0
404374,Total students enrolled for credit,290,169,121,13,8,5,0,0,0,20,13,7,6,4,2,1,0,1,235,134,101,8,5,3,7,5,2,0,0,0
404374,Undergraduate students,290,169,121,13,8,5,0,0,0,20,13,7,6,4,2,1,0,1,235,134,101,8,5,3,7,5,2,0,0,0
404383,Total students enrolled for credit,528,401,127,5,2,3,1,1,0,120,85,35,23,19,4,3,3,0,347,267,80,12,9,3,17,15,2,0,0,0
404383,Undergraduate students,528,401,127,5,2,3,1,1,0,120,85,35,23,19,4,3,3,0,347,267,80,12,9,3,17,15,2,0,0,0
404426,Total students enrolled for credit,5461,2573,2888,1021,345,676,74,35,39,127,78,49,954,466,488,13,6,7,2772,1392,1380,184,89,95,316,162,154,0,0,0
404426,Undergraduate students,5461,2573,2888,1021,345,676,74,35,39,127,78,49,954,466,488,13,6,7,2772,1392,1380,184,89,95,316,162,154,0,0,0
404684,Total students enrolled for credit,563,337,226,0,0,0,0,0,0,0,0,0,563,337,226,0,0,0,0,0,0,0,0,0,0,0,0,0,0,0
404684,Undergraduate students,563,337,226,0,0,0,0,0,0,0,0,0,563,337,226,0,0,0,0,0,0,0,0,0,0,0,0,0,0,0
404718,Total students enrolled for credit,55,2,53,0,0,0,1,0,1,4,0,4,6,1,5,0,0,0,44,1,43,0,0,0,0,0,0,0,0,0
404718,Undergraduate students,55,2,53,0,0,0,1,0,1,4,0,4,6,1,5,0,0,0,44,1,43,0,0,0,0,0,0,0,0,0
404806,Total students enrolled for credit,471,131,340,0,0,0,0,0,0,0,0,0,471,131,340,0,0,0,0,0,0,0,0,0,0,0,0,0,0,0
404806,Undergraduate students,471,131,340,0,0,0,0,0,0,0,0,0,471,131,340,0,0,0,0,0,0,0,0,0,0,0,0,0,0,0
404912,Total students enrolled for credit,1224,221,1003,9,1,8,39,9,30,42,18,24,452,54,398,1,1,0,626,125,501,35,8,27,20,5,15,0,0,0
404912,Undergraduate students,1224,221,1003,9,1,8,39,9,30,42,18,24,452,54,398,1,1,0,626,125,501,35,8,27,20,5,15,0,0,0
404994,Total students enrolled for credit,7387,2888,4499,10,3,7,464,171,293,2058,944,1114,2573,628,1945,8,3,5,323,114,209,122,69,53,12,7,5,1817,949,868
404994,Undergraduate students,7387,2888,4499,10,3,7,464,171,293,2058,944,1114,2573,628,1945,8,3,5,323,114,209,122,69,53,12,7,5,1817,949,868
405012,Total students enrolled for credit,124,3,121,1,0,1,0,0,0,9,0,9,2,1,1,0,0,0,111,2,109,0,0,0,1,0,1,0,0,0
405012,Undergraduate students,124,3,121,1,0,1,0,0,0,9,0,9,2,1,1,0,0,0,111,2,109,0,0,0,1,0,1,0,0,0
405021,Total students enrolled for credit,92,2,90,1,0,1,2,0,2,10,1,9,5,0,5,1,1,0,71,0,71,0,0,0,2,0,2,0,0,0
405021,Undergraduate students,92,2,90,1,0,1,2,0,2,10,1,9,5,0,5,1,1,0,71,0,71,0,0,0,2,0,2,0,0,0
405058,Total students enrolled for credit,165,165,0,0,0,0,0,0,0,0,0,0,0,0,0,0,0,0,164,164,0,0,0,0,0,0,0,1,1,0
405058,Undergraduate students,165,165,0,0,0,0,0,0,0,0,0,0,0,0,0,0,0,0,164,164,0,0,0,0,0,0,0,1,1,0
405076,Total students enrolled for credit,866,260,606,1,0,1,2,1,1,43,17,26,617,187,430,5,2,3,167,39,128,3,2,1,28,12,16,0,0,0
405076,Undergraduate students,866,260,606,1,0,1,2,1,1,43,17,26,617,187,430,5,2,3,167,39,128,3,2,1,28,12,16,0,0,0
405748,Total students enrolled for credit,127,68,59,38,23,15,0,0,0,0,0,0,4,2,2,0,0,0,75,36,39,10,7,3,0,0,0,0,0,0
405748,Undergraduate students,127,68,59,38,23,15,0,0,0,0,0,0,4,2,2,0,0,0,75,36,39,10,7,3,0,0,0,0,0,0
405854,Total students enrolled for credit,197,197,0,0,0,0,0,0,0,0,0,0,0,0,0,0,0,0,197,197,0,0,0,0,0,0,0,0,0,0
405854,Undergraduate students,197,197,0,0,0,0,0,0,0,0,0,0,0,0,0,0,0,0,197,197,0,0,0,0,0,0,0,0,0,0
405872,Total students enrolled for credit,4659,1886,2773,9,3,6,100,43,57,181,72,109,197,84,113,3,2,1,3933,1590,2343,115,41,74,114,47,67,7,4,3
405872,Undergraduate students,4659,1886,2773,9,3,6,100,43,57,181,72,109,197,84,113,3,2,1,3933,1590,2343,115,41,74,114,47,67,7,4,3
405997,Total students enrolled for credit,610,248,362,11,6,5,2,1,1,30,17,13,324,117,207,1,1,0,48,26,22,3,1,2,171,74,97,20,5,15
405997,Undergraduate students,487,208,279,9,4,5,2,1,1,25,16,9,280,103,177,1,1,0,36,20,16,2,1,1,116,57,59,16,5,11
405997,Graduate student,123,40,83,2,2,0,0,0,0,5,1,4,44,14,30,0,0,0,12,6,6,1,0,1,55,17,38,4,0,4
406024,Total students enrolled for credit,1673,232,1441,3,1,2,56,6,50,292,25,267,193,28,165,8,3,5,987,152,835,80,9,71,54,8,46,0,0,0
406024,Undergraduate students,1673,232,1441,3,1,2,56,6,50,292,25,267,193,28,165,8,3,5,987,152,835,80,9,71,54,8,46,0,0,0
406033,Total students enrolled for credit,2097,351,1746,3,1,2,75,16,59,257,55,202,809,133,676,11,1,10,689,98,591,147,23,124,106,24,82,0,0,0
406033,Undergraduate students,2097,351,1746,3,1,2,75,16,59,257,55,202,809,133,676,11,1,10,689,98,591,147,23,124,106,24,82,0,0,0
406149,Total students enrolled for credit,146,48,98,2,1,1,2,0,2,12,5,7,13,5,8,3,2,1,102,33,69,9,2,7,3,0,3,0,0,0
406149,Undergraduate students,146,48,98,2,1,1,2,0,2,12,5,7,13,5,8,3,2,1,102,33,69,9,2,7,3,0,3,0,0,0
406325,Total students enrolled for credit,171,6,165,0,0,0,2,1,1,6,0,6,1,1,0,2,0,2,158,4,154,2,0,2,0,0,0,0,0,0
406325,Undergraduate students,171,6,165,0,0,0,2,1,1,6,0,6,1,1,0,2,0,2,158,4,154,2,0,2,0,0,0,0,0,0
406413,Total students enrolled for credit,111,11,100,0,0,0,0,0,0,14,1,13,0,0,0,0,0,0,91,10,81,6,0,6,0,0,0,0,0,0
406413,Undergraduate students,111,11,100,0,0,0,0,0,0,14,1,13,0,0,0,0,0,0,91,10,81,6,0,6,0,0,0,0,0,0
406422,Total students enrolled for credit,140,10,130,0,0,0,0,0,0,3,0,3,2,1,1,1,0,1,134,9,125,0,0,0,0,0,0,0,0,0
406422,Undergraduate students,140,10,130,0,0,0,0,0,0,3,0,3,2,1,1,1,0,1,134,9,125,0,0,0,0,0,0,0,0,0
406486,Total students enrolled for credit,117,20,97,3,1,2,5,2,3,1,0,1,12,3,9,0,0,0,94,14,80,0,0,0,2,0,2,0,0,0
406486,Undergraduate students,117,20,97,3,1,2,5,2,3,1,0,1,12,3,9,0,0,0,94,14,80,0,0,0,2,0,2,0,0,0
406495,Total students enrolled for credit,146,8,138,0,0,0,6,0,6,64,2,62,10,1,9,0,0,0,52,5,47,0,0,0,14,0,14,0,0,0
406495,Undergraduate students,146,8,138,0,0,0,6,0,6,64,2,62,10,1,9,0,0,0,52,5,47,0,0,0,14,0,14,0,0,0
406547,Total students enrolled for credit,570,118,452,0,0,0,3,3,0,290,59,231,37,12,25,0,0,0,217,38,179,23,6,17,0,0,0,0,0,0
406547,Undergraduate students,570,118,452,0,0,0,3,3,0,290,59,231,37,12,25,0,0,0,217,38,179,23,6,17,0,0,0,0,0,0
407009,Total students enrolled for credit,4358,1726,2632,78,19,59,237,102,135,257,100,157,1257,412,845,13,8,5,2067,858,1209,165,64,101,35,8,27,249,155,94
407009,Undergraduate students,3743,1560,2183,71,16,55,197,95,102,213,82,131,1153,388,765,10,7,3,1726,764,962,139,58,81,28,7,21,206,143,63
407009,Graduate student,615,166,449,7,3,4,40,7,33,44,18,26,104,24,80,3,1,2,341,94,247,26,6,20,7,1,6,43,12,31
407054,Total students enrolled for credit,272,84,188,2,1,1,4,1,3,51,19,32,47,15,32,0,0,0,73,18,55,9,2,7,86,28,58,0,0,0
407054,Undergraduate students,272,84,188,2,1,1,4,1,3,51,19,32,47,15,32,0,0,0,73,18,55,9,2,7,86,28,58,0,0,0
407090,Total students enrolled for credit,542,10,532,1,0,1,15,2,13,186,3,183,125,1,124,7,0,7,199,4,195,7,0,7,0,0,0,2,0,2
407090,Undergraduate students,542,10,532,1,0,1,15,2,13,186,3,183,125,1,124,7,0,7,199,4,195,7,0,7,0,0,0,2,0,2
407142,Total students enrolled for credit,151,5,146,1,0,1,1,0,1,3,0,3,1,0,1,0,0,0,143,4,139,0,0,0,1,1,0,1,0,1
407142,Undergraduate students,151,5,146,1,0,1,1,0,1,3,0,3,1,0,1,0,0,0,143,4,139,0,0,0,1,1,0,1,0,1
407151,Total students enrolled for credit,124,1,123,0,0,0,1,0,1,19,0,19,1,0,1,0,0,0,103,1,102,0,0,0,0,0,0,0,0,0
407151,Undergraduate students,124,1,123,0,0,0,1,0,1,19,0,19,1,0,1,0,0,0,103,1,102,0,0,0,0,0,0,0,0,0
407179,Total students enrolled for credit,167,9,158,0,0,0,4,0,4,33,0,33,31,0,31,0,0,0,73,3,70,11,4,7,15,2,13,0,0,0
407179,Undergraduate students,167,9,158,0,0,0,4,0,4,33,0,33,31,0,31,0,0,0,73,3,70,11,4,7,15,2,13,0,0,0
407328,Total students enrolled for credit,148,27,121,2,1,1,1,0,1,16,5,11,7,0,7,0,0,0,111,20,91,2,0,2,9,1,8,0,0,0
407328,Undergraduate students,148,27,121,2,1,1,1,0,1,16,5,11,7,0,7,0,0,0,111,20,91,2,0,2,9,1,8,0,0,0
407355,Total students enrolled for credit,307,9,298,3,0,3,0,0,0,25,0,25,35,3,32,4,0,4,219,6,213,14,0,14,7,0,7,0,0,0
407355,Undergraduate students,307,9,298,3,0,3,0,0,0,25,0,25,35,3,32,4,0,4,219,6,213,14,0,14,7,0,7,0,0,0
407391,Total students enrolled for credit,191,37,154,0,0,0,0,0,0,11,3,8,23,8,15,0,0,0,143,23,120,4,2,2,10,1,9,0,0,0
407391,Undergraduate students,191,37,154,0,0,0,0,0,0,11,3,8,23,8,15,0,0,0,143,23,120,4,2,2,10,1,9,0,0,0
407407,Total students enrolled for credit,202,40,162,0,0,0,9,1,8,68,15,53,67,19,48,1,0,1,53,5,48,2,0,2,0,0,0,2,0,2
407407,Undergraduate students,202,40,162,0,0,0,9,1,8,68,15,53,67,19,48,1,0,1,53,5,48,2,0,2,0,0,0,2,0,2
407425,Total students enrolled for credit,191,37,154,0,0,0,4,1,3,20,8,12,36,6,30,0,0,0,131,22,109,0,0,0,0,0,0,0,0,0
407425,Undergraduate students,191,37,154,0,0,0,4,1,3,20,8,12,36,6,30,0,0,0,131,22,109,0,0,0,0,0,0,0,0,0
407434,Total students enrolled for credit,83,5,78,0,0,0,2,0,2,19,3,16,1,0,1,0,0,0,60,2,58,1,0,1,0,0,0,0,0,0
407434,Undergraduate students,83,5,78,0,0,0,2,0,2,19,3,16,1,0,1,0,0,0,60,2,58,1,0,1,0,0,0,0,0,0
407461,Total students enrolled for credit,183,143,40,1,0,1,1,1,0,15,12,3,4,3,1,0,0,0,161,126,35,0,0,0,1,1,0,0,0,0
407461,Undergraduate students,183,143,40,1,0,1,1,1,0,15,12,3,4,3,1,0,0,0,161,126,35,0,0,0,1,1,0,0,0,0
407470,Total students enrolled for credit,299,16,283,0,0,0,3,0,3,218,12,206,2,0,2,0,0,0,44,0,44,6,2,4,26,2,24,0,0,0
407470,Undergraduate students,299,16,283,0,0,0,3,0,3,218,12,206,2,0,2,0,0,0,44,0,44,6,2,4,26,2,24,0,0,0
407489,Total students enrolled for credit,149,96,53,0,0,0,0,0,0,13,6,7,2,0,2,0,0,0,132,90,42,2,0,2,0,0,0,0,0,0
407489,Undergraduate students,149,96,53,0,0,0,0,0,0,13,6,7,2,0,2,0,0,0,132,90,42,2,0,2,0,0,0,0,0,0
407513,Total students enrolled for credit,466,124,342,5,0,5,1,0,1,10,1,9,1,0,1,1,1,0,406,112,294,13,5,8,29,5,24,0,0,0
407513,Undergraduate students,466,124,342,5,0,5,1,0,1,10,1,9,1,0,1,1,1,0,406,112,294,13,5,8,29,5,24,0,0,0
407522,Total students enrolled for credit,27,7,20,0,0,0,0,0,0,0,0,0,0,0,0,0,0,0,27,7,20,0,0,0,0,0,0,0,0,0
407522,Undergraduate students,27,7,20,0,0,0,0,0,0,0,0,0,0,0,0,0,0,0,27,7,20,0,0,0,0,0,0,0,0,0
407568,Total students enrolled for credit,170,16,154,0,0,0,2,1,1,49,4,45,10,2,8,0,0,0,103,9,94,6,0,6,0,0,0,0,0,0
407568,Undergraduate students,170,16,154,0,0,0,2,1,1,49,4,45,10,2,8,0,0,0,103,9,94,6,0,6,0,0,0,0,0,0
407577,Total students enrolled for credit,305,132,173,1,1,0,0,0,0,6,2,4,2,2,0,0,0,0,292,125,167,1,0,1,3,2,1,0,0,0
407577,Undergraduate students,305,132,173,1,1,0,0,0,0,6,2,4,2,2,0,0,0,0,292,125,167,1,0,1,3,2,1,0,0,0
407595,Total students enrolled for credit,140,63,77,0,0,0,3,2,1,17,5,12,2,2,0,0,0,0,116,54,62,0,0,0,2,0,2,0,0,0
407595,Undergraduate students,140,63,77,0,0,0,3,2,1,17,5,12,2,2,0,0,0,0,116,54,62,0,0,0,2,0,2,0,0,0
407601,Total students enrolled for credit,91,49,42,4,2,2,0,0,0,1,0,1,5,0,5,0,0,0,75,43,32,6,4,2,0,0,0,0,0,0
407601,Undergraduate students,91,49,42,4,2,2,0,0,0,1,0,1,5,0,5,0,0,0,75,43,32,6,4,2,0,0,0,0,0,0
407610,Total students enrolled for credit,65,37,28,0,0,0,0,0,0,0,0,0,8,4,4,1,1,0,53,30,23,2,1,1,1,1,0,0,0,0
407610,Undergraduate students,65,37,28,0,0,0,0,0,0,0,0,0,8,4,4,1,1,0,53,30,23,2,1,1,1,1,0,0,0,0
407629,Total students enrolled for credit,4354,2306,2048,6,3,3,958,493,465,235,109,126,307,142,165,8,6,2,2735,1507,1228,105,46,59,0,0,0,0,0,0
407629,Graduate student,4354,2306,2048,6,3,3,958,493,465,235,109,126,307,142,165,8,6,2,2735,1507,1228,105,46,59,0,0,0,0,0,0
407683,Total students enrolled for credit,365,11,354,0,0,0,0,0,0,0,0,0,357,10,347,0,0,0,4,0,4,1,0,1,0,0,0,3,1,2
407683,Undergraduate students,365,11,354,0,0,0,0,0,0,0,0,0,357,10,347,0,0,0,4,0,4,1,0,1,0,0,0,3,1,2
407708,Total students enrolled for credit,331,14,317,4,0,4,20,2,18,29,3,26,39,3,36,6,1,5,207,4,203,18,1,17,8,0,8,0,0,0
407708,Undergraduate students,331,14,317,4,0,4,20,2,18,29,3,26,39,3,36,6,1,5,207,4,203,18,1,17,8,0,8,0,0,0
407735,Total students enrolled for credit,71,6,65,5,0,5,3,0,3,13,5,8,5,0,5,0,0,0,38,0,38,1,0,1,6,1,5,0,0,0
407735,Undergraduate students,71,6,65,5,0,5,3,0,3,13,5,8,5,0,5,0,0,0,38,0,38,1,0,1,6,1,5,0,0,0
407832,Total students enrolled for credit,437,189,248,0,0,0,3,1,2,31,7,24,7,2,5,1,0,1,332,166,166,10,4,6,53,9,44,0,0,0
407832,Undergraduate students,437,189,248,0,0,0,3,1,2,31,7,24,7,2,5,1,0,1,332,166,166,10,4,6,53,9,44,0,0,0
408039,Total students enrolled for credit,190,36,154,0,0,0,3,1,2,43,8,35,4,1,3,0,0,0,138,26,112,0,0,0,2,0,2,0,0,0
408039,Undergraduate students,190,36,154,0,0,0,3,1,2,43,8,35,4,1,3,0,0,0,138,26,112,0,0,0,2,0,2,0,0,0
408066,Total students enrolled for credit,193,25,168,0,0,0,5,1,4,19,4,15,27,9,18,0,0,0,120,10,110,19,1,18,2,0,2,1,0,1
408066,Undergraduate students,193,25,168,0,0,0,5,1,4,19,4,15,27,9,18,0,0,0,120,10,110,19,1,18,2,0,2,1,0,1
408163,Total students enrolled for credit,88,2,86,0,0,0,0,0,0,18,0,18,2,0,2,0,0,0,65,2,63,3,0,3,0,0,0,0,0,0
408163,Undergraduate students,88,2,86,0,0,0,0,0,0,18,0,18,2,0,2,0,0,0,65,2,63,3,0,3,0,0,0,0,0,0
408312,Total students enrolled for credit,178,13,165,0,0,0,0,0,0,45,2,43,0,0,0,0,0,0,119,10,109,13,1,12,1,0,1,0,0,0
408312,Undergraduate students,178,13,165,0,0,0,0,0,0,45,2,43,0,0,0,0,0,0,119,10,109,13,1,12,1,0,1,0,0,0
408385,Total students enrolled for credit,1208,497,711,0,0,0,0,0,0,4,3,1,947,375,572,0,0,0,26,11,15,2,1,1,229,107,122,0,0,0
408385,Undergraduate students,1208,497,711,0,0,0,0,0,0,4,3,1,947,375,572,0,0,0,26,11,15,2,1,1,229,107,122,0,0,0
408729,Total students enrolled for credit,216,44,172,0,0,0,2,0,2,7,3,4,3,1,2,0,0,0,196,38,158,6,2,4,2,0,2,0,0,0
408729,Undergraduate students,216,44,172,0,0,0,2,0,2,7,3,4,3,1,2,0,0,0,196,38,158,6,2,4,2,0,2,0,0,0
408844,Total students enrolled for credit,7051,1966,5085,6,2,4,3,2,1,178,53,125,5905,1484,4421,4,2,2,22,5,17,5,0,5,21,3,18,907,415,492
408844,Undergraduate students,6914,1914,5000,6,2,4,1,1,0,174,52,122,5785,1439,4346,4,2,2,19,3,16,3,0,3,21,3,18,901,412,489
408844,Graduate student,137,52,85,0,0,0,2,1,1,4,1,3,120,45,75,0,0,0,3,2,1,2,0,2,0,0,0,6,3,3
408862,Total students enrolled for credit,418,19,399,0,0,0,16,0,16,163,13,150,32,1,31,1,0,1,206,5,201,0,0,0,0,0,0,0,0,0
408862,Undergraduate students,418,19,399,0,0,0,16,0,16,163,13,150,32,1,31,1,0,1,206,5,201,0,0,0,0,0,0,0,0,0
409032,Total students enrolled for credit,628,31,597,0,0,0,0,0,0,0,0,0,628,31,597,0,0,0,0,0,0,0,0,0,0,0,0,0,0,0
409032,Undergraduate students,628,31,597,0,0,0,0,0,0,0,0,0,628,31,597,0,0,0,0,0,0,0,0,0,0,0,0,0,0,0
409120,Total students enrolled for credit,173,48,125,7,2,5,1,1,0,4,1,3,11,5,6,0,0,0,137,35,102,13,4,9,0,0,0,0,0,0
409120,Undergraduate students,173,48,125,7,2,5,1,1,0,4,1,3,11,5,6,0,0,0,137,35,102,13,4,9,0,0,0,0,0,0
409193,Total students enrolled for credit,569,562,7,0,0,0,0,0,0,0,0,0,569,562,7,0,0,0,0,0,0,0,0,0,0,0,0,0,0,0
409193,Undergraduate students,569,562,7,0,0,0,0,0,0,0,0,0,569,562,7,0,0,0,0,0,0,0,0,0,0,0,0,0,0,0
409254,Total students enrolled for credit,284,13,271,2,0,2,5,1,4,61,3,58,46,2,44,0,0,0,147,6,141,4,0,4,15,1,14,4,0,4
409254,Graduate student,284,13,271,2,0,2,5,1,4,61,3,58,46,2,44,0,0,0,147,6,141,4,0,4,15,1,14,4,0,4
409315,Total students enrolled for credit,44692,19714,24978,26,13,13,381,187,194,141,67,74,42082,18446,23636,19,8,11,1282,642,640,72,37,35,685,312,373,4,2,2
409315,Undergraduate students,44692,19714,24978,26,13,13,381,187,194,141,67,74,42082,18446,23636,19,8,11,1282,642,640,72,37,35,685,312,373,4,2,2
409537,Total students enrolled for credit,73,28,45,0,0,0,0,0,0,2,1,1,0,0,0,0,0,0,71,27,44,0,0,0,0,0,0,0,0,0
409537,Undergraduate students,73,28,45,0,0,0,0,0,0,2,1,1,0,0,0,0,0,0,71,27,44,0,0,0,0,0,0,0,0,0
409591,Total students enrolled for credit,156,60,96,0,0,0,0,0,0,16,7,9,18,13,5,1,1,0,117,38,79,3,1,2,1,0,1,0,0,0
409591,Undergraduate students,156,60,96,0,0,0,0,0,0,16,7,9,18,13,5,1,1,0,117,38,79,3,1,2,1,0,1,0,0,0
409616,Total students enrolled for credit,437,211,226,2,2,0,13,6,7,35,15,20,40,14,26,1,0,1,303,151,152,16,10,6,26,12,14,1,1,0
409616,Graduate student,437,211,226,2,2,0,13,6,7,35,15,20,40,14,26,1,0,1,303,151,152,16,10,6,26,12,14,1,1,0
409698,Total students enrolled for credit,7801,2909,4892,23,12,11,398,164,234,372,137,235,3458,1185,2273,19,7,12,2129,871,1258,438,152,286,542,211,331,422,170,252
409698,Undergraduate students,7250,2754,4496,21,12,9,379,160,219,356,132,224,3284,1146,2138,18,7,11,1924,803,1121,414,145,269,441,181,260,413,168,245
409698,Graduate student,551,155,396,2,0,2,19,4,15,16,5,11,174,39,135,1,0,1,205,68,137,24,7,17,101,30,71,9,2,7
410283,Total students enrolled for credit,302,71,231,1,1,0,1,1,0,253,58,195,18,6,12,3,1,2,17,1,16,0,0,0,9,3,6,0,0,0
410283,Undergraduate students,302,71,231,1,1,0,1,1,0,253,58,195,18,6,12,3,1,2,17,1,16,0,0,0,9,3,6,0,0,0
410496,Total students enrolled for credit,561,132,429,0,0,0,4,1,3,228,52,176,44,9,35,0,0,0,232,60,172,39,8,31,14,2,12,0,0,0
410496,Undergraduate students,561,132,429,0,0,0,4,1,3,228,52,176,44,9,35,0,0,0,232,60,172,39,8,31,14,2,12,0,0,0
410502,Total students enrolled for credit,1573,887,686,16,12,4,92,54,38,283,162,121,570,313,257,38,25,13,316,165,151,1,1,0,164,116,48,93,39,54
410502,Undergraduate students,1573,887,686,16,12,4,92,54,38,283,162,121,570,313,257,38,25,13,316,165,151,1,1,0,164,116,48,93,39,54
410797,Total students enrolled for credit,314,199,115,0,0,0,0,0,0,214,118,96,4,3,1,0,0,0,74,67,7,20,10,10,2,1,1,0,0,0
410797,Undergraduate students,314,199,115,0,0,0,0,0,0,214,118,96,4,3,1,0,0,0,74,67,7,20,10,10,2,1,1,0,0,0
410964,Total students enrolled for credit,43,1,42,0,0,0,2,0,2,3,0,3,5,0,5,0,0,0,33,1,32,0,0,0,0,0,0,0,0,0
410964,Undergraduate students,43,1,42,0,0,0,2,0,2,3,0,3,5,0,5,0,0,0,33,1,32,0,0,0,0,0,0,0,0,0
411684,Total students enrolled for credit,183,52,131,0,0,0,90,29,61,18,7,11,50,9,41,12,3,9,5,2,3,0,0,0,0,0,0,8,2,6
411684,Undergraduate students,183,52,131,0,0,0,90,29,61,18,7,11,50,9,41,12,3,9,5,2,3,0,0,0,0,0,0,8,2,6
411754,Total students enrolled for credit,51,10,41,0,0,0,3,1,2,6,2,4,2,0,2,0,0,0,36,7,29,4,0,4,0,0,0,0,0,0
411754,Undergraduate students,51,10,41,0,0,0,3,1,2,6,2,4,2,0,2,0,0,0,36,7,29,4,0,4,0,0,0,0,0,0
412173,Total students enrolled for credit,618,52,566,1,0,1,5,2,3,467,33,434,64,5,59,0,0,0,74,11,63,4,1,3,2,0,2,1,0,1
412173,Undergraduate students,618,52,566,1,0,1,5,2,3,467,33,434,64,5,59,0,0,0,74,11,63,4,1,3,2,0,2,1,0,1
412535,Total students enrolled for credit,39,12,27,1,0,1,0,0,0,24,9,15,2,1,1,0,0,0,12,2,10,0,0,0,0,0,0,0,0,0
412535,Undergraduate students,39,12,27,1,0,1,0,0,0,24,9,15,2,1,1,0,0,0,12,2,10,0,0,0,0,0,0,0,0,0
412544,Total students enrolled for credit,185,32,153,1,0,1,11,1,10,21,3,18,22,5,17,0,0,0,129,22,107,0,0,0,1,1,0,0,0,0
412544,Undergraduate students,185,32,153,1,0,1,11,1,10,21,3,18,22,5,17,0,0,0,129,22,107,0,0,0,1,1,0,0,0,0
412599,Total students enrolled for credit,1017,286,731,0,0,0,4,2,2,890,247,643,35,15,20,1,1,0,52,16,36,35,5,30,0,0,0,0,0,0
412599,Undergraduate students,1017,286,731,0,0,0,4,2,2,890,247,643,35,15,20,1,1,0,52,16,36,35,5,30,0,0,0,0,0,0
412650,Total students enrolled for credit,328,297,31,0,0,0,1,1,0,164,141,23,36,36,0,0,0,0,118,111,7,0,0,0,5,4,1,4,4,0
412650,Undergraduate students,328,297,31,0,0,0,1,1,0,164,141,23,36,36,0,0,0,0,118,111,7,0,0,0,5,4,1,4,4,0
413176,Total students enrolled for credit,50,16,34,0,0,0,0,0,0,2,0,2,0,0,0,0,0,0,48,16,32,0,0,0,0,0,0,0,0,0
413176,Undergraduate students,50,16,34,0,0,0,0,0,0,2,0,2,0,0,0,0,0,0,48,16,32,0,0,0,0,0,0,0,0,0
413343,Total students enrolled for credit,21,0,21,2,0,2,0,0,0,0,0,0,11,0,11,0,0,0,8,0,8,0,0,0,0,0,0,0,0,0
413343,Undergraduate students,21,0,21,2,0,2,0,0,0,0,0,0,11,0,11,0,0,0,8,0,8,0,0,0,0,0,0,0,0,0
413413,Total students enrolled for credit,58629,13544,45085,294,79,215,998,299,699,16549,3181,13368,3901,933,2968,227,67,160,22072,5304,16768,1298,286,1012,13013,3288,9725,277,107,170
413413,Undergraduate students,16615,4628,11987,71,21,50,250,89,161,3203,741,2462,1158,313,845,79,25,54,6687,1911,4776,362,89,273,4750,1411,3339,55,28,27
413413,Graduate student,42014,8916,33098,223,58,165,748,210,538,13346,2440,10906,2743,620,2123,148,42,106,15385,3393,11992,936,197,739,8263,1877,6386,222,79,143
413617,Total students enrolled for credit,549,144,405,418,122,296,4,0,4,9,1,8,19,1,18,3,2,1,84,15,69,0,0,0,8,2,6,4,1,3
413617,Undergraduate students,549,144,405,418,122,296,4,0,4,9,1,8,19,1,18,3,2,1,84,15,69,0,0,0,8,2,6,4,1,3
413626,Total students enrolled for credit,353,132,221,328,117,211,0,0,0,5,3,2,0,0,0,0,0,0,16,11,5,4,1,3,0,0,0,0,0,0
413626,Undergraduate students,353,132,221,328,117,211,0,0,0,5,3,2,0,0,0,0,0,0,16,11,5,4,1,3,0,0,0,0,0,0
413680,Total students enrolled for credit,814,766,48,1,1,0,78,73,5,112,106,6,414,392,22,9,6,3,91,87,4,6,5,1,101,94,7,2,2,0
413680,Undergraduate students,814,766,48,1,1,0,78,73,5,112,106,6,414,392,22,9,6,3,91,87,4,6,5,1,101,94,7,2,2,0
413778,Total students enrolled for credit,312,13,299,2,0,2,2,0,2,96,5,91,121,3,118,0,0,0,72,2,70,0,0,0,19,3,16,0,0,0
413778,Undergraduate students,312,13,299,2,0,2,2,0,2,96,5,91,121,3,118,0,0,0,72,2,70,0,0,0,19,3,16,0,0,0
413802,Total students enrolled for credit,458,130,328,2,0,2,16,9,7,13,3,10,369,103,266,2,1,1,32,9,23,19,5,14,5,0,5,0,0,0
413802,Undergraduate students,458,130,328,2,0,2,16,9,7,13,3,10,369,103,266,2,1,1,32,9,23,19,5,14,5,0,5,0,0,0
413820,Total students enrolled for credit,21,1,20,1,0,1,0,0,0,2,1,1,0,0,0,0,0,0,18,0,18,0,0,0,0,0,0,0,0,0
413820,Undergraduate students,21,1,20,1,0,1,0,0,0,2,1,1,0,0,0,0,0,0,18,0,18,0,0,0,0,0,0,0,0,0
413893,Total students enrolled for credit,782,133,649,1,0,1,10,4,6,657,111,546,50,8,42,0,0,0,34,7,27,30,3,27,0,0,0,0,0,0
413893,Undergraduate students,782,133,649,1,0,1,10,4,6,657,111,546,50,8,42,0,0,0,34,7,27,30,3,27,0,0,0,0,0,0
413945,Total students enrolled for credit,128,6,122,1,0,1,2,0,2,24,1,23,16,0,16,0,0,0,84,5,79,0,0,0,1,0,1,0,0,0
413945,Undergraduate students,128,6,122,1,0,1,2,0,2,24,1,23,16,0,16,0,0,0,84,5,79,0,0,0,1,0,1,0,0,0
413972,Total students enrolled for credit,66,3,63,0,0,0,2,0,2,11,1,10,2,0,2,0,0,0,47,2,45,4,0,4,0,0,0,0,0,0
413972,Undergraduate students,66,3,63,0,0,0,2,0,2,11,1,10,2,0,2,0,0,0,47,2,45,4,0,4,0,0,0,0,0,0
414054,Total students enrolled for credit,94,4,90,0,0,0,0,0,0,6,1,5,2,0,2,0,0,0,86,3,83,0,0,0,0,0,0,0,0,0
414054,Undergraduate students,94,4,90,0,0,0,0,0,0,6,1,5,2,0,2,0,0,0,86,3,83,0,0,0,0,0,0,0,0,0
414063,Total students enrolled for credit,200,5,195,0,0,0,10,1,9,7,1,6,29,0,29,1,1,0,147,2,145,4,0,4,1,0,1,1,0,1
414063,Undergraduate students,200,5,195,0,0,0,10,1,9,7,1,6,29,0,29,1,1,0,147,2,145,4,0,4,1,0,1,1,0,1
414124,Total students enrolled for credit,585,423,162,2,1,1,16,9,7,24,17,7,107,74,33,0,0,0,325,228,97,5,4,1,106,90,16,0,0,0
414124,Undergraduate students,585,423,162,2,1,1,16,9,7,24,17,7,107,74,33,0,0,0,325,228,97,5,4,1,106,90,16,0,0,0
414461,Total students enrolled for credit,3576,3397,179,5,4,1,0,0,0,18,17,1,3526,3349,177,2,2,0,24,24,0,1,1,0,0,0,0,0,0,0
414461,Undergraduate students,3576,3397,179,5,4,1,0,0,0,18,17,1,3526,3349,177,2,2,0,24,24,0,1,1,0,0,0,0,0,0,0
414489,Total students enrolled for credit,164,9,155,1,1,0,3,0,3,12,1,11,46,5,41,0,0,0,96,2,94,3,0,3,3,0,3,0,0,0
414489,Undergraduate students,164,9,155,1,1,0,3,0,3,12,1,11,46,5,41,0,0,0,96,2,94,3,0,3,3,0,3,0,0,0
414540,Total students enrolled for credit,448,27,421,0,0,0,12,0,12,123,6,117,35,3,32,0,0,0,274,17,257,4,1,3,0,0,0,0,0,0
414540,Undergraduate students,448,27,421,0,0,0,12,0,12,123,6,117,35,3,32,0,0,0,274,17,257,4,1,3,0,0,0,0,0,0
414595,Total students enrolled for credit,783,208,575,5,0,5,191,65,126,82,23,59,96,29,67,3,1,2,231,44,187,67,18,49,95,25,70,13,3,10
414595,Undergraduate students,216,61,155,0,0,0,22,9,13,43,12,31,46,16,30,1,0,1,54,9,45,20,6,14,29,9,20,1,0,1
414595,Graduate student,567,147,420,5,0,5,169,56,113,39,11,28,50,13,37,2,1,1,177,35,142,47,12,35,66,16,50,12,3,9
414823,Total students enrolled for credit,1764,683,1081,5,2,3,10,4,6,594,210,384,397,157,240,0,0,0,382,163,219,117,34,83,90,34,56,169,79,90
414823,Undergraduate students,1764,683,1081,5,2,3,10,4,6,594,210,384,397,157,240,0,0,0,382,163,219,117,34,83,90,34,56,169,79,90
414869,Total students enrolled for credit,286,22,264,2,0,2,1,0,1,133,8,125,6,0,6,2,0,2,121,13,108,13,1,12,8,0,8,0,0,0
414869,Undergraduate students,286,22,264,2,0,2,1,0,1,133,8,125,6,0,6,2,0,2,121,13,108,13,1,12,8,0,8,0,0,0
414878,Total students enrolled for credit,1132,578,554,2,1,1,5,1,4,46,21,25,26,8,18,2,1,1,663,247,416,11,4,7,70,49,21,307,246,61
414878,Undergraduate students,632,255,377,2,1,1,4,0,4,37,17,20,23,7,16,2,1,1,494,184,310,9,4,5,51,36,15,10,5,5
414878,Graduate student,500,323,177,0,0,0,1,1,0,9,4,5,3,1,2,0,0,0,169,63,106,2,0,2,19,13,6,297,241,56
414911,Total students enrolled for credit,3540,1458,2082,10,5,5,48,20,28,179,86,93,75,33,42,1,1,0,3003,1212,1791,86,41,45,137,59,78,1,1,0
414911,Undergraduate students,3540,1458,2082,10,5,5,48,20,28,179,86,93,75,33,42,1,1,0,3003,1212,1791,86,41,45,137,59,78,1,1,0
414939,Total students enrolled for credit,360,54,306,2,0,2,13,1,12,105,16,89,139,19,120,15,1,14,62,13,49,11,2,9,13,2,11,0,0,0
414939,Undergraduate students,360,54,306,2,0,2,13,1,12,105,16,89,139,19,120,15,1,14,62,13,49,11,2,9,13,2,11,0,0,0
414966,Total students enrolled for credit,122,57,65,2,1,1,1,0,1,16,7,9,3,3,0,0,0,0,90,40,50,7,4,3,2,2,0,1,0,1
414966,Graduate student,122,57,65,2,1,1,1,0,1,16,7,9,3,3,0,0,0,0,90,40,50,7,4,3,2,2,0,1,0,1
415039,Total students enrolled for credit,116,1,115,0,0,0,1,0,1,4,0,4,6,0,6,0,0,0,103,1,102,2,0,2,0,0,0,0,0,0
415039,Undergraduate students,116,1,115,0,0,0,1,0,1,4,0,4,6,0,6,0,0,0,103,1,102,2,0,2,0,0,0,0,0,0
415057,Total students enrolled for credit,148,147,1,0,0,0,0,0,0,19,19,0,24,24,0,0,0,0,105,104,1,0,0,0,0,0,0,0,0,0
415057,Undergraduate students,148,147,1,0,0,0,0,0,0,19,19,0,24,24,0,0,0,0,105,104,1,0,0,0,0,0,0,0,0,0
415729,Total students enrolled for credit,15,6,9,0,0,0,0,0,0,6,0,6,0,0,0,0,0,0,9,6,3,0,0,0,0,0,0,0,0,0
415729,Undergraduate students,15,6,9,0,0,0,0,0,0,6,0,6,0,0,0,0,0,0,9,6,3,0,0,0,0,0,0,0,0,0
415987,Total students enrolled for credit,562,32,530,12,1,11,48,1,47,240,20,220,148,6,142,1,1,0,7,0,7,18,1,17,87,2,85,1,0,1
415987,Undergraduate students,562,32,530,12,1,11,48,1,47,240,20,220,148,6,142,1,1,0,7,0,7,18,1,17,87,2,85,1,0,1
416458,Total students enrolled for credit,458,116,342,3,1,2,109,42,67,16,3,13,292,61,231,1,0,1,22,7,15,15,2,13,0,0,0,0,0,0
416458,Undergraduate students,458,116,342,3,1,2,109,42,67,16,3,13,292,61,231,1,0,1,22,7,15,15,2,13,0,0,0,0,0,0
416670,Total students enrolled for credit,116,4,112,0,0,0,2,0,2,76,3,73,5,0,5,0,0,0,27,1,26,2,0,2,4,0,4,0,0,0
416670,Undergraduate students,116,4,112,0,0,0,2,0,2,76,3,73,5,0,5,0,0,0,27,1,26,2,0,2,4,0,4,0,0,0
416801,Total students enrolled for credit,502,158,344,0,0,0,116,34,82,52,21,31,146,43,103,3,1,2,135,39,96,12,6,6,6,2,4,32,12,20
416801,Undergraduate students,452,140,312,0,0,0,108,30,78,47,18,29,140,42,98,3,1,2,120,35,85,11,6,5,6,2,4,17,6,11
416801,Graduate student,50,18,32,0,0,0,8,4,4,5,3,2,6,1,5,0,0,0,15,4,11,1,0,1,0,0,0,15,6,9
417008,Total students enrolled for credit,151,6,145,2,0,2,1,0,1,19,0,19,3,0,3,0,0,0,119,6,113,7,0,7,0,0,0,0,0,0
417008,Undergraduate students,151,6,145,2,0,2,1,0,1,19,0,19,3,0,3,0,0,0,119,6,113,7,0,7,0,0,0,0,0,0
417062,Total students enrolled for credit,109,7,102,3,0,3,2,1,1,1,0,1,68,5,63,0,0,0,32,1,31,2,0,2,1,0,1,0,0,0
417062,Undergraduate students,109,7,102,3,0,3,2,1,1,1,0,1,68,5,63,0,0,0,32,1,31,2,0,2,1,0,1,0,0,0
417105,Total students enrolled for credit,579,323,256,9,3,6,13,8,5,11,3,8,494,274,220,16,13,3,34,21,13,1,1,0,1,0,1,0,0,0
417105,Undergraduate students,579,323,256,9,3,6,13,8,5,11,3,8,494,274,220,16,13,3,34,21,13,1,1,0,1,0,1,0,0,0
417123,Total students enrolled for credit,266,127,139,5,2,3,18,7,11,9,4,5,113,47,66,2,0,2,115,65,50,0,0,0,4,2,2,0,0,0
417123,Undergraduate students,266,127,139,5,2,3,18,7,11,9,4,5,113,47,66,2,0,2,115,65,50,0,0,0,4,2,2,0,0,0
417178,Total students enrolled for credit,38,4,34,0,0,0,1,0,1,29,3,26,0,0,0,0,0,0,8,1,7,0,0,0,0,0,0,0,0,0
417178,Undergraduate students,38,4,34,0,0,0,1,0,1,29,3,26,0,0,0,0,0,0,8,1,7,0,0,0,0,0,0,0,0,0
417187,Total students enrolled for credit,24,2,22,1,0,1,0,0,0,16,2,14,3,0,3,0,0,0,4,0,4,0,0,0,0,0,0,0,0,0
417187,Undergraduate students,24,2,22,1,0,1,0,0,0,16,2,14,3,0,3,0,0,0,4,0,4,0,0,0,0,0,0,0,0,0
417248,Total students enrolled for credit,63,60,3,6,5,1,2,2,0,6,6,0,0,0,0,0,0,0,48,46,2,0,0,0,1,1,0,0,0,0
417248,Undergraduate students,63,60,3,6,5,1,2,2,0,6,6,0,0,0,0,0,0,0,48,46,2,0,0,0,1,1,0,0,0,0
417257,Total students enrolled for credit,39,3,36,0,0,0,1,0,1,10,1,9,9,0,9,1,0,1,18,2,16,0,0,0,0,0,0,0,0,0
417257,Undergraduate students,39,3,36,0,0,0,1,0,1,10,1,9,9,0,9,1,0,1,18,2,16,0,0,0,0,0,0,0,0,0
417318,Total students enrolled for credit,10,2,8,0,0,0,0,0,0,0,0,0,10,2,8,0,0,0,0,0,0,0,0,0,0,0,0,0,0,0
417318,Undergraduate students,10,2,8,0,0,0,0,0,0,0,0,0,10,2,8,0,0,0,0,0,0,0,0,0,0,0,0,0,0,0
417327,Total students enrolled for credit,428,97,331,1,1,0,5,1,4,157,32,125,124,28,96,1,0,1,126,30,96,12,4,8,2,1,1,0,0,0
417327,Undergraduate students,428,97,331,1,1,0,5,1,4,157,32,125,124,28,96,1,0,1,126,30,96,12,4,8,2,1,1,0,0,0
417381,Total students enrolled for credit,212,14,198,0,0,0,1,0,1,183,11,172,9,0,9,0,0,0,8,2,6,2,1,1,8,0,8,1,0,1
417381,Undergraduate students,212,14,198,0,0,0,1,0,1,183,11,172,9,0,9,0,0,0,8,2,6,2,1,1,8,0,8,1,0,1
417406,Total students enrolled for credit,61,1,60,0,0,0,1,0,1,9,0,9,3,1,2,0,0,0,47,0,47,0,0,0,1,0,1,0,0,0
417406,Undergraduate students,61,1,60,0,0,0,1,0,1,9,0,9,3,1,2,0,0,0,47,0,47,0,0,0,1,0,1,0,0,0
417442,Total students enrolled for credit,119,2,117,0,0,0,0,0,0,65,0,65,0,0,0,0,0,0,54,2,52,0,0,0,0,0,0,0,0,0
417442,Undergraduate students,119,2,117,0,0,0,0,0,0,65,0,65,0,0,0,0,0,0,54,2,52,0,0,0,0,0,0,0,0,0
417503,Total students enrolled for credit,292,5,287,2,0,2,6,0,6,37,0,37,20,2,18,1,0,1,213,3,210,12,0,12,0,0,0,1,0,1
417503,Undergraduate students,292,5,287,2,0,2,6,0,6,37,0,37,20,2,18,1,0,1,213,3,210,12,0,12,0,0,0,1,0,1
417549,Total students enrolled for credit,298,8,290,0,0,0,0,0,0,276,7,269,5,0,5,0,0,0,13,1,12,4,0,4,0,0,0,0,0,0
417549,Undergraduate students,298,8,290,0,0,0,0,0,0,276,7,269,5,0,5,0,0,0,13,1,12,4,0,4,0,0,0,0,0,0
417600,Total students enrolled for credit,40,0,40,0,0,0,0,0,0,2,0,2,0,0,0,0,0,0,36,0,36,2,0,2,0,0,0,0,0,0
417600,Undergraduate students,40,0,40,0,0,0,0,0,0,2,0,2,0,0,0,0,0,0,36,0,36,2,0,2,0,0,0,0,0,0
417628,Total students enrolled for credit,47,5,42,1,0,1,2,2,0,3,0,3,0,0,0,0,0,0,41,3,38,0,0,0,0,0,0,0,0,0
417628,Undergraduate students,47,5,42,1,0,1,2,2,0,3,0,3,0,0,0,0,0,0,41,3,38,0,0,0,0,0,0,0,0,0
417637,Total students enrolled for credit,123,36,87,0,0,0,2,1,1,1,0,1,3,0,3,0,0,0,117,35,82,0,0,0,0,0,0,0,0,0
417637,Undergraduate students,123,36,87,0,0,0,2,1,1,1,0,1,3,0,3,0,0,0,117,35,82,0,0,0,0,0,0,0,0,0
417646,Total students enrolled for credit,23,2,21,0,0,0,0,0,0,0,0,0,0,0,0,0,0,0,23,2,21,0,0,0,0,0,0,0,0,0
417646,Undergraduate students,23,2,21,0,0,0,0,0,0,0,0,0,0,0,0,0,0,0,23,2,21,0,0,0,0,0,0,0,0,0
417655,Total students enrolled for credit,35,1,34,0,0,0,0,0,0,5,0,5,0,0,0,0,0,0,30,1,29,0,0,0,0,0,0,0,0,0
417655,Undergraduate students,35,1,34,0,0,0,0,0,0,5,0,5,0,0,0,0,0,0,30,1,29,0,0,0,0,0,0,0,0,0
417673,Total students enrolled for credit,25,3,22,1,0,1,1,0,1,0,0,0,0,0,0,0,0,0,23,3,20,0,0,0,0,0,0,0,0,0
417673,Undergraduate students,25,3,22,1,0,1,1,0,1,0,0,0,0,0,0,0,0,0,23,3,20,0,0,0,0,0,0,0,0,0
417682,Total students enrolled for credit,22,1,21,0,0,0,1,0,1,2,0,2,0,0,0,0,0,0,17,1,16,2,0,2,0,0,0,0,0,0
417682,Undergraduate students,22,1,21,0,0,0,1,0,1,2,0,2,0,0,0,0,0,0,17,1,16,2,0,2,0,0,0,0,0,0
417716,Total students enrolled for credit,230,11,219,1,0,1,2,0,2,178,5,173,2,1,1,0,0,0,46,5,41,1,0,1,0,0,0,0,0,0
417716,Undergraduate students,230,11,219,1,0,1,2,0,2,178,5,173,2,1,1,0,0,0,46,5,41,1,0,1,0,0,0,0,0,0
417725,Total students enrolled for credit,108,4,104,0,0,0,0,0,0,19,1,18,2,0,2,0,0,0,85,3,82,0,0,0,2,0,2,0,0,0
417725,Undergraduate students,108,4,104,0,0,0,0,0,0,19,1,18,2,0,2,0,0,0,85,3,82,0,0,0,2,0,2,0,0,0
417734,Total students enrolled for credit,230,37,193,1,0,1,1,0,1,5,0,5,4,1,3,0,0,0,215,36,179,4,0,4,0,0,0,0,0,0
417734,Undergraduate students,230,37,193,1,0,1,1,0,1,5,0,5,4,1,3,0,0,0,215,36,179,4,0,4,0,0,0,0,0,0
417752,Total students enrolled for credit,70,34,36,0,0,0,0,0,0,4,2,2,3,1,2,0,0,0,50,23,27,5,3,2,8,5,3,0,0,0
417752,Undergraduate students,70,34,36,0,0,0,0,0,0,4,2,2,3,1,2,0,0,0,50,23,27,5,3,2,8,5,3,0,0,0
417789,Total students enrolled for credit,118,9,109,0,0,0,4,0,4,83,7,76,5,0,5,0,0,0,23,2,21,2,0,2,1,0,1,0,0,0
417789,Undergraduate students,118,9,109,0,0,0,4,0,4,83,7,76,5,0,5,0,0,0,23,2,21,2,0,2,1,0,1,0,0,0
417804,Total students enrolled for credit,114,5,109,1,0,1,2,0,2,103,5,98,4,0,4,0,0,0,3,0,3,0,0,0,1,0,1,0,0,0
417804,Undergraduate students,114,5,109,1,0,1,2,0,2,103,5,98,4,0,4,0,0,0,3,0,3,0,0,0,1,0,1,0,0,0
417831,Total students enrolled for credit,100,74,26,0,0,0,6,6,0,23,16,7,35,28,7,0,0,0,36,24,12,0,0,0,0,0,0,0,0,0
417831,Undergraduate students,100,74,26,0,0,0,6,6,0,23,16,7,35,28,7,0,0,0,36,24,12,0,0,0,0,0,0,0,0,0
417840,Total students enrolled for credit,302,27,275,0,0,0,7,3,4,236,18,218,27,2,25,0,0,0,23,2,21,7,1,6,2,1,1,0,0,0
417840,Undergraduate students,302,27,275,0,0,0,7,3,4,236,18,218,27,2,25,0,0,0,23,2,21,7,1,6,2,1,1,0,0,0
417868,Total students enrolled for credit,68,17,51,2,1,1,0,0,0,0,0,0,2,0,2,0,0,0,63,16,47,1,0,1,0,0,0,0,0,0
417868,Undergraduate students,68,17,51,2,1,1,0,0,0,0,0,0,2,0,2,0,0,0,63,16,47,1,0,1,0,0,0,0,0,0
417886,Total students enrolled for credit,117,10,107,1,0,1,1,0,1,15,6,9,6,0,6,1,0,1,87,3,84,6,1,5,0,0,0,0,0,0
417886,Undergraduate students,117,10,107,1,0,1,1,0,1,15,6,9,6,0,6,1,0,1,87,3,84,6,1,5,0,0,0,0,0,0
417910,Total students enrolled for credit,222,38,184,0,0,0,17,4,13,149,27,122,16,2,14,0,0,0,23,5,18,11,0,11,6,0,6,0,0,0
417910,Undergraduate students,222,38,184,0,0,0,17,4,13,149,27,122,16,2,14,0,0,0,23,5,18,11,0,11,6,0,6,0,0,0
417983,Total students enrolled for credit,72,3,69,2,0,2,0,0,0,0,0,0,0,0,0,0,0,0,70,3,67,0,0,0,0,0,0,0,0,0
417983,Undergraduate students,72,3,69,2,0,2,0,0,0,0,0,0,0,0,0,0,0,0,70,3,67,0,0,0,0,0,0,0,0,0
417992,Total students enrolled for credit,86,10,76,1,0,1,0,0,0,16,2,14,19,5,14,0,0,0,46,3,43,4,0,4,0,0,0,0,0,0
417992,Undergraduate students,86,10,76,1,0,1,0,0,0,16,2,14,19,5,14,0,0,0,46,3,43,4,0,4,0,0,0,0,0,0
418001,Total students enrolled for credit,264,17,247,1,0,1,2,1,1,128,8,120,14,1,13,0,0,0,106,6,100,13,1,12,0,0,0,0,0,0
418001,Undergraduate students,264,17,247,1,0,1,2,1,1,128,8,120,14,1,13,0,0,0,106,6,100,13,1,12,0,0,0,0,0,0
418010,Total students enrolled for credit,59,5,54,0,0,0,0,0,0,4,0,4,3,1,2,0,0,0,52,4,48,0,0,0,0,0,0,0,0,0
418010,Undergraduate students,59,5,54,0,0,0,0,0,0,4,0,4,3,1,2,0,0,0,52,4,48,0,0,0,0,0,0,0,0,0
418029,Total students enrolled for credit,30,2,28,1,0,1,1,0,1,2,0,2,1,0,1,0,0,0,25,2,23,0,0,0,0,0,0,0,0,0
418029,Undergraduate students,30,2,28,1,0,1,1,0,1,2,0,2,1,0,1,0,0,0,25,2,23,0,0,0,0,0,0,0,0,0
418038,Total students enrolled for credit,139,12,127,2,0,2,2,1,1,49,7,42,12,0,12,1,0,1,60,3,57,6,0,6,1,0,1,6,1,5
418038,Undergraduate students,139,12,127,2,0,2,2,1,1,49,7,42,12,0,12,1,0,1,60,3,57,6,0,6,1,0,1,6,1,5
418056,Total students enrolled for credit,88,5,83,0,0,0,0,0,0,21,2,19,16,1,15,0,0,0,51,2,49,0,0,0,0,0,0,0,0,0
418056,Undergraduate students,88,5,83,0,0,0,0,0,0,21,2,19,16,1,15,0,0,0,51,2,49,0,0,0,0,0,0,0,0,0
418065,Total students enrolled for credit,371,47,324,1,0,1,14,3,11,131,18,113,56,8,48,2,0,2,132,13,119,14,1,13,21,4,17,0,0,0
418065,Undergraduate students,371,47,324,1,0,1,14,3,11,131,18,113,56,8,48,2,0,2,132,13,119,14,1,13,21,4,17,0,0,0
418083,Total students enrolled for credit,47,11,36,0,0,0,3,1,2,27,6,21,4,1,3,2,1,1,6,0,6,2,1,1,3,1,2,0,0,0
418083,Undergraduate students,47,11,36,0,0,0,3,1,2,27,6,21,4,1,3,2,1,1,6,0,6,2,1,1,3,1,2,0,0,0
418126,Total students enrolled for credit,933,276,657,0,0,0,136,40,96,168,45,123,172,62,110,0,0,0,331,76,255,1,1,0,54,14,40,71,38,33
418126,Undergraduate students,636,179,457,0,0,0,58,16,42,145,39,106,147,53,94,0,0,0,229,53,176,1,1,0,46,13,33,10,4,6
418126,Graduate student,297,97,200,0,0,0,78,24,54,23,6,17,25,9,16,0,0,0,102,23,79,0,0,0,8,1,7,61,34,27
418171,Total students enrolled for credit,52,49,3,0,0,0,2,2,0,14,14,0,9,9,0,0,0,0,23,20,3,0,0,0,4,4,0,0,0,0
418171,Undergraduate students,52,49,3,0,0,0,2,2,0,14,14,0,9,9,0,0,0,0,23,20,3,0,0,0,4,4,0,0,0,0
418199,Total students enrolled for credit,210,129,81,0,0,0,0,0,0,66,43,23,10,6,4,0,0,0,98,57,41,14,8,6,22,15,7,0,0,0
418199,Undergraduate students,210,129,81,0,0,0,0,0,0,66,43,23,10,6,4,0,0,0,98,57,41,14,8,6,22,15,7,0,0,0
418205,Total students enrolled for credit,515,198,317,1,1,0,5,0,5,32,7,25,2,0,2,1,0,1,446,181,265,22,7,15,6,2,4,0,0,0
418205,Undergraduate students,515,198,317,1,1,0,5,0,5,32,7,25,2,0,2,1,0,1,446,181,265,22,7,15,6,2,4,0,0,0
418223,Total students enrolled for credit,113,12,101,0,0,0,0,0,0,84,8,76,1,0,1,0,0,0,23,3,20,5,1,4,0,0,0,0,0,0
418223,Undergraduate students,113,12,101,0,0,0,0,0,0,84,8,76,1,0,1,0,0,0,23,3,20,5,1,4,0,0,0,0,0,0
418250,Total students enrolled for credit,439,212,227,0,0,0,2,1,1,5,3,2,0,0,0,0,0,0,425,204,221,6,4,2,1,0,1,0,0,0
418250,Undergraduate students,439,212,227,0,0,0,2,1,1,5,3,2,0,0,0,0,0,0,425,204,221,6,4,2,1,0,1,0,0,0
418269,Total students enrolled for credit,153,89,64,1,1,0,1,1,0,108,60,48,3,2,1,0,0,0,36,25,11,4,0,4,0,0,0,0,0,0
418269,Undergraduate students,153,89,64,1,1,0,1,1,0,108,60,48,3,2,1,0,0,0,36,25,11,4,0,4,0,0,0,0,0,0
418278,Total students enrolled for credit,93,28,65,0,0,0,0,0,0,1,0,1,3,1,2,0,0,0,87,26,61,2,1,1,0,0,0,0,0,0
418278,Undergraduate students,93,28,65,0,0,0,0,0,0,1,0,1,3,1,2,0,0,0,87,26,61,2,1,1,0,0,0,0,0,0
418296,Total students enrolled for credit,720,373,347,192,92,100,2,2,0,40,26,14,44,26,18,0,0,0,378,208,170,2,0,2,61,18,43,1,1,0
418296,Undergraduate students,720,373,347,192,92,100,2,2,0,40,26,14,44,26,18,0,0,0,378,208,170,2,0,2,61,18,43,1,1,0
418302,Total students enrolled for credit,614,301,313,50,27,23,2,1,1,14,4,10,98,49,49,2,1,1,368,179,189,80,40,40,0,0,0,0,0,0
418302,Undergraduate students,614,301,313,50,27,23,2,1,1,14,4,10,98,49,49,2,1,1,368,179,189,80,40,40,0,0,0,0,0,0
418320,Total students enrolled for credit,918,533,385,154,92,62,4,3,1,18,8,10,90,45,45,0,0,0,649,383,266,0,0,0,3,2,1,0,0,0
418320,Undergraduate students,918,533,385,154,92,62,4,3,1,18,8,10,90,45,45,0,0,0,649,383,266,0,0,0,3,2,1,0,0,0
418339,Total students enrolled for credit,589,325,264,135,65,70,9,5,4,20,14,6,38,29,9,3,2,1,322,173,149,28,15,13,34,22,12,0,0,0
418339,Undergraduate students,589,325,264,135,65,70,9,5,4,20,14,6,38,29,9,3,2,1,322,173,149,28,15,13,34,22,12,0,0,0
418348,Total students enrolled for credit,659,427,232,39,23,16,2,1,1,21,9,12,44,29,15,2,1,1,471,312,159,71,43,28,9,9,0,0,0,0
418348,Undergraduate students,659,427,232,39,23,16,2,1,1,21,9,12,44,29,15,2,1,1,471,312,159,71,43,28,9,9,0,0,0,0
418357,Total students enrolled for credit,87,27,60,20,9,11,1,1,0,5,0,5,0,0,0,0,0,0,45,12,33,16,5,11,0,0,0,0,0,0
418357,Undergraduate students,87,27,60,20,9,11,1,1,0,5,0,5,0,0,0,0,0,0,45,12,33,16,5,11,0,0,0,0,0,0
418409,Total students enrolled for credit,1001,756,245,5,2,3,7,5,2,84,42,42,86,58,28,1,1,0,791,629,162,27,19,8,0,0,0,0,0,0
418409,Undergraduate students,1001,756,245,5,2,3,7,5,2,84,42,42,86,58,28,1,1,0,791,629,162,27,19,8,0,0,0,0,0,0
418427,Total students enrolled for credit,158,13,145,1,0,1,4,1,3,61,6,55,12,1,11,1,0,1,72,5,67,7,0,7,0,0,0,0,0,0
418427,Undergraduate students,158,13,145,1,0,1,4,1,3,61,6,55,12,1,11,1,0,1,72,5,67,7,0,7,0,0,0,0,0,0
418445,Total students enrolled for credit,37,3,34,0,0,0,0,0,0,1,0,1,1,0,1,0,0,0,35,3,32,0,0,0,0,0,0,0,0,0
418445,Undergraduate students,37,3,34,0,0,0,0,0,0,1,0,1,1,0,1,0,0,0,35,3,32,0,0,0,0,0,0,0,0,0
418454,Total students enrolled for credit,263,104,159,2,2,0,1,0,1,39,12,27,2,2,0,1,1,0,218,87,131,0,0,0,0,0,0,0,0,0
418454,Undergraduate students,263,104,159,2,2,0,1,0,1,39,12,27,2,2,0,1,1,0,218,87,131,0,0,0,0,0,0,0,0,0
418481,Total students enrolled for credit,67,4,63,1,0,1,0,0,0,0,0,0,0,0,0,0,0,0,66,4,62,0,0,0,0,0,0,0,0,0
418481,Undergraduate students,67,4,63,1,0,1,0,0,0,0,0,0,0,0,0,0,0,0,66,4,62,0,0,0,0,0,0,0,0,0
418515,Total students enrolled for credit,248,22,226,0,0,0,1,0,1,13,0,13,0,0,0,0,0,0,231,22,209,3,0,3,0,0,0,0,0,0
418515,Undergraduate students,248,22,226,0,0,0,1,0,1,13,0,13,0,0,0,0,0,0,231,22,209,3,0,3,0,0,0,0,0,0
418524,Total students enrolled for credit,56,11,45,0,0,0,0,0,0,0,0,0,0,0,0,0,0,0,56,11,45,0,0,0,0,0,0,0,0,0
418524,Undergraduate students,56,11,45,0,0,0,0,0,0,0,0,0,0,0,0,0,0,0,56,11,45,0,0,0,0,0,0,0,0,0
418533,Total students enrolled for credit,562,113,449,0,0,0,21,6,15,99,21,78,84,18,66,0,0,0,315,58,257,34,7,27,9,3,6,0,0,0
418533,Undergraduate students,562,113,449,0,0,0,21,6,15,99,21,78,84,18,66,0,0,0,315,58,257,34,7,27,9,3,6,0,0,0
418542,Total students enrolled for credit,173,27,146,0,0,0,3,1,2,39,9,30,32,6,26,0,0,0,99,11,88,0,0,0,0,0,0,0,0,0
418542,Undergraduate students,173,27,146,0,0,0,3,1,2,39,9,30,32,6,26,0,0,0,99,11,88,0,0,0,0,0,0,0,0,0
418560,Total students enrolled for credit,120,25,95,0,0,0,5,1,4,14,3,11,0,0,0,0,0,0,100,21,79,1,0,1,0,0,0,0,0,0
418560,Undergraduate students,120,25,95,0,0,0,5,1,4,14,3,11,0,0,0,0,0,0,100,21,79,1,0,1,0,0,0,0,0,0
418588,Total students enrolled for credit,55,1,54,1,1,0,0,0,0,0,0,0,3,0,3,0,0,0,49,0,49,2,0,2,0,0,0,0,0,0
418588,Undergraduate students,55,1,54,1,1,0,0,0,0,0,0,0,3,0,3,0,0,0,49,0,49,2,0,2,0,0,0,0,0,0
418603,Total students enrolled for credit,71,8,63,0,0,0,0,0,0,0,0,0,2,0,2,0,0,0,69,8,61,0,0,0,0,0,0,0,0,0
418603,Undergraduate students,71,8,63,0,0,0,0,0,0,0,0,0,2,0,2,0,0,0,69,8,61,0,0,0,0,0,0,0,0,0
418612,Total students enrolled for credit,42,1,41,0,0,0,0,0,0,1,1,0,11,0,11,0,0,0,30,0,30,0,0,0,0,0,0,0,0,0
418612,Undergraduate students,42,1,41,0,0,0,0,0,0,1,1,0,11,0,11,0,0,0,30,0,30,0,0,0,0,0,0,0,0,0
418658,Total students enrolled for credit,431,385,46,0,0,0,1,1,0,183,153,30,3,2,1,0,0,0,237,222,15,5,5,0,2,2,0,0,0,0
418658,Undergraduate students,431,385,46,0,0,0,1,1,0,183,153,30,3,2,1,0,0,0,237,222,15,5,5,0,2,2,0,0,0,0
418755,Total students enrolled for credit,84,14,70,0,0,0,0,0,0,0,0,0,84,14,70,0,0,0,0,0,0,0,0,0,0,0,0,0,0,0
418755,Undergraduate students,84,14,70,0,0,0,0,0,0,0,0,0,84,14,70,0,0,0,0,0,0,0,0,0,0,0,0,0,0,0
418764,Total students enrolled for credit,166,39,127,0,0,0,0,0,0,0,0,0,166,39,127,0,0,0,0,0,0,0,0,0,0,0,0,0,0,0
418764,Undergraduate students,166,39,127,0,0,0,0,0,0,0,0,0,166,39,127,0,0,0,0,0,0,0,0,0,0,0,0,0,0,0
418773,Total students enrolled for credit,787,250,537,0,0,0,0,0,0,0,0,0,787,250,537,0,0,0,0,0,0,0,0,0,0,0,0,0,0,0
418773,Undergraduate students,787,250,537,0,0,0,0,0,0,0,0,0,787,250,537,0,0,0,0,0,0,0,0,0,0,0,0,0,0,0
418782,Total students enrolled for credit,425,409,16,0,0,0,0,0,0,0,0,0,425,409,16,0,0,0,0,0,0,0,0,0,0,0,0,0,0,0
418782,Undergraduate students,425,409,16,0,0,0,0,0,0,0,0,0,425,409,16,0,0,0,0,0,0,0,0,0,0,0,0,0,0,0
418870,Total students enrolled for credit,312,106,206,0,0,0,1,0,1,9,6,3,5,0,5,0,0,0,297,100,197,0,0,0,0,0,0,0,0,0
418870,Undergraduate students,312,106,206,0,0,0,1,0,1,9,6,3,5,0,5,0,0,0,297,100,197,0,0,0,0,0,0,0,0,0
418889,Total students enrolled for credit,159,153,6,0,0,0,1,1,0,27,26,1,13,13,0,3,3,0,101,98,3,9,8,1,5,4,1,0,0,0
418889,Undergraduate students,159,153,6,0,0,0,1,1,0,27,26,1,13,13,0,3,3,0,101,98,3,9,8,1,5,4,1,0,0,0
418913,Total students enrolled for credit,22,9,13,0,0,0,1,1,0,1,0,1,20,8,12,0,0,0,0,0,0,0,0,0,0,0,0,0,0,0
418913,Undergraduate students,22,9,13,0,0,0,1,1,0,1,0,1,20,8,12,0,0,0,0,0,0,0,0,0,0,0,0,0,0,0
418968,Total students enrolled for credit,223,4,219,0,0,0,2,0,2,110,2,108,87,1,86,0,0,0,18,1,17,0,0,0,4,0,4,2,0,2
418968,Undergraduate students,223,4,219,0,0,0,2,0,2,110,2,108,87,1,86,0,0,0,18,1,17,0,0,0,4,0,4,2,0,2
419031,Total students enrolled for credit,30,3,27,0,0,0,0,0,0,0,0,0,0,0,0,0,0,0,30,3,27,0,0,0,0,0,0,0,0,0
419031,Undergraduate students,30,3,27,0,0,0,0,0,0,0,0,0,0,0,0,0,0,0,30,3,27,0,0,0,0,0,0,0,0,0
419095,Total students enrolled for credit,69,4,65,0,0,0,0,0,0,6,1,5,1,0,1,0,0,0,62,3,59,0,0,0,0,0,0,0,0,0
419095,Undergraduate students,69,4,65,0,0,0,0,0,0,6,1,5,1,0,1,0,0,0,62,3,59,0,0,0,0,0,0,0,0,0
419147,Total students enrolled for credit,26,1,25,0,0,0,1,0,1,10,0,10,2,0,2,0,0,0,7,0,7,5,0,5,0,0,0,1,1,0
419147,Undergraduate students,26,1,25,0,0,0,1,0,1,10,0,10,2,0,2,0,0,0,7,0,7,5,0,5,0,0,0,1,1,0
419156,Total students enrolled for credit,44,2,42,3,0,3,2,0,2,6,0,6,11,1,10,0,0,0,18,1,17,2,0,2,2,0,2,0,0,0
419156,Undergraduate students,44,2,42,3,0,3,2,0,2,6,0,6,11,1,10,0,0,0,18,1,17,2,0,2,2,0,2,0,0,0
419183,Total students enrolled for credit,440,84,356,0,0,0,0,0,0,2,1,1,227,37,190,0,0,0,182,27,155,2,1,1,27,18,9,0,0,0
419183,Undergraduate students,440,84,356,0,0,0,0,0,0,2,1,1,227,37,190,0,0,0,182,27,155,2,1,1,27,18,9,0,0,0
419217,Total students enrolled for credit,108,30,78,0,0,0,1,1,0,6,1,5,90,22,68,0,0,0,7,4,3,4,2,2,0,0,0,0,0,0
419217,Undergraduate students,108,30,78,0,0,0,1,1,0,6,1,5,90,22,68,0,0,0,7,4,3,4,2,2,0,0,0,0,0,0
419226,Total students enrolled for credit,686,300,386,1,1,0,5,1,4,133,40,93,108,46,62,0,0,0,427,208,219,9,1,8,0,0,0,3,3,0
419226,Undergraduate students,686,300,386,1,1,0,5,1,4,133,40,93,108,46,62,0,0,0,427,208,219,9,1,8,0,0,0,3,3,0
419235,Total students enrolled for credit,218,66,152,0,0,0,3,1,2,149,53,96,10,1,9,0,0,0,51,11,40,0,0,0,5,0,5,0,0,0
419235,Undergraduate students,218,66,152,0,0,0,3,1,2,149,53,96,10,1,9,0,0,0,51,11,40,0,0,0,5,0,5,0,0,0
419244,Total students enrolled for credit,257,234,23,1,1,0,3,3,0,87,74,13,23,21,2,0,0,0,117,115,2,12,9,3,14,11,3,0,0,0
419244,Undergraduate students,257,234,23,1,1,0,3,3,0,87,74,13,23,21,2,0,0,0,117,115,2,12,9,3,14,11,3,0,0,0
419253,Total students enrolled for credit,171,136,35,0,0,0,1,1,0,56,34,22,22,16,6,0,0,0,91,84,7,0,0,0,1,1,0,0,0,0
419253,Undergraduate students,171,136,35,0,0,0,1,1,0,56,34,22,22,16,6,0,0,0,91,84,7,0,0,0,1,1,0,0,0,0
419271,Total students enrolled for credit,11,3,8,0,0,0,0,0,0,11,3,8,0,0,0,0,0,0,0,0,0,0,0,0,0,0,0,0,0,0
419271,Undergraduate students,11,3,8,0,0,0,0,0,0,11,3,8,0,0,0,0,0,0,0,0,0,0,0,0,0,0,0,0,0,0
419280,Total students enrolled for credit,44,1,43,0,0,0,0,0,0,5,1,4,4,0,4,0,0,0,35,0,35,0,0,0,0,0,0,0,0,0
419280,Undergraduate students,44,1,43,0,0,0,0,0,0,5,1,4,4,0,4,0,0,0,35,0,35,0,0,0,0,0,0,0,0,0
419332,Total students enrolled for credit,23,19,4,0,0,0,0,0,0,4,3,1,0,0,0,0,0,0,18,15,3,1,1,0,0,0,0,0,0,0
419332,Undergraduate students,23,19,4,0,0,0,0,0,0,4,3,1,0,0,0,0,0,0,18,15,3,1,1,0,0,0,0,0,0,0
419341,Total students enrolled for credit,104,50,54,0,0,0,1,1,0,68,28,40,5,4,1,1,0,1,28,16,12,1,1,0,0,0,0,0,0,0
419341,Undergraduate students,104,50,54,0,0,0,1,1,0,68,28,40,5,4,1,1,0,1,28,16,12,1,1,0,0,0,0,0,0,0
419411,Total students enrolled for credit,251,87,164,5,4,1,12,3,9,18,6,12,17,6,11,1,0,1,122,33,89,15,9,6,61,26,35,0,0,0
419411,Undergraduate students,251,87,164,5,4,1,12,3,9,18,6,12,17,6,11,1,0,1,122,33,89,15,9,6,61,26,35,0,0,0
419420,Total students enrolled for credit,79,39,40,0,0,0,1,0,1,2,1,1,0,0,0,0,0,0,76,38,38,0,0,0,0,0,0,0,0,0
419420,Undergraduate students,79,39,40,0,0,0,1,0,1,2,1,1,0,0,0,0,0,0,76,38,38,0,0,0,0,0,0,0,0,0
419457,Total students enrolled for credit,734,186,548,1,0,1,31,10,21,373,94,279,71,18,53,0,0,0,231,55,176,0,0,0,20,6,14,7,3,4
419457,Undergraduate students,126,48,78,0,0,0,5,2,3,85,37,48,17,3,14,0,0,0,13,2,11,0,0,0,5,3,2,1,1,0
419457,Graduate student,608,138,470,1,0,1,26,8,18,288,57,231,54,15,39,0,0,0,218,53,165,0,0,0,15,3,12,6,2,4
419484,Total students enrolled for credit,30,2,28,0,0,0,0,0,0,2,0,2,0,0,0,0,0,0,28,2,26,0,0,0,0,0,0,0,0,0
419484,Undergraduate students,30,2,28,0,0,0,0,0,0,2,0,2,0,0,0,0,0,0,28,2,26,0,0,0,0,0,0,0,0,0
419633,Total students enrolled for credit,109,18,91,0,0,0,0,0,0,3,2,1,28,6,22,0,0,0,78,10,68,0,0,0,0,0,0,0,0,0
419633,Undergraduate students,109,18,91,0,0,0,0,0,0,3,2,1,28,6,22,0,0,0,78,10,68,0,0,0,0,0,0,0,0,0
419660,Total students enrolled for credit,610,147,463,0,0,0,1,0,1,77,9,68,513,132,381,0,0,0,8,3,5,11,3,8,0,0,0,0,0,0
419660,Undergraduate students,610,147,463,0,0,0,1,0,1,77,9,68,513,132,381,0,0,0,8,3,5,11,3,8,0,0,0,0,0,0
419703,Total students enrolled for credit,1078,1033,45,0,0,0,0,0,0,0,0,0,1078,1033,45,0,0,0,0,0,0,0,0,0,0,0,0,0,0,0
419703,Undergraduate students,1078,1033,45,0,0,0,0,0,0,0,0,0,1078,1033,45,0,0,0,0,0,0,0,0,0,0,0,0,0,0,0
419712,Total students enrolled for credit,353,335,18,0,0,0,0,0,0,0,0,0,353,335,18,0,0,0,0,0,0,0,0,0,0,0,0,0,0,0
419712,Undergraduate students,353,335,18,0,0,0,0,0,0,0,0,0,353,335,18,0,0,0,0,0,0,0,0,0,0,0,0,0,0,0
419721,Total students enrolled for credit,454,422,32,0,0,0,0,0,0,0,0,0,454,422,32,0,0,0,0,0,0,0,0,0,0,0,0,0,0,0
419721,Undergraduate students,454,422,32,0,0,0,0,0,0,0,0,0,454,422,32,0,0,0,0,0,0,0,0,0,0,0,0,0,0,0
420024,Total students enrolled for credit,454,56,398,0,0,0,1,0,1,271,31,240,16,2,14,0,0,0,129,18,111,32,5,27,5,0,5,0,0,0
420024,Undergraduate students,454,56,398,0,0,0,1,0,1,271,31,240,16,2,14,0,0,0,129,18,111,32,5,27,5,0,5,0,0,0
420042,Total students enrolled for credit,1272,837,435,4,4,0,168,88,80,130,103,27,119,78,41,136,68,68,161,121,40,104,45,59,443,326,117,7,4,3
420042,Undergraduate students,1124,737,387,2,2,0,144,74,70,111,89,22,104,65,39,122,61,61,135,103,32,94,41,53,405,298,107,7,4,3
420042,Graduate student,148,100,48,2,2,0,24,14,10,19,14,5,15,13,2,14,7,7,26,18,8,10,4,6,38,28,10,0,0,0
420103,Total students enrolled for credit,295,61,234,2,1,1,2,1,1,40,9,31,199,43,156,0,0,0,19,2,17,5,0,5,25,5,20,3,0,3
420103,Undergraduate students,295,61,234,2,1,1,2,1,1,40,9,31,199,43,156,0,0,0,19,2,17,5,0,5,25,5,20,3,0,3
420130,Total students enrolled for credit,174,15,159,0,0,0,2,0,2,108,6,102,22,3,19,0,0,0,30,3,27,3,0,3,9,3,6,0,0,0
420130,Undergraduate students,174,15,159,0,0,0,2,0,2,108,6,102,22,3,19,0,0,0,30,3,27,3,0,3,9,3,6,0,0,0
420246,Total students enrolled for credit,421,102,319,3,0,3,30,11,19,41,6,35,64,25,39,2,1,1,233,46,187,14,2,12,9,5,4,25,6,19
420246,Graduate student,421,102,319,3,0,3,30,11,19,41,6,35,64,25,39,2,1,1,233,46,187,14,2,12,9,5,4,25,6,19
420255,Total students enrolled for credit,147,146,1,0,0,0,0,0,0,0,0,0,147,146,1,0,0,0,0,0,0,0,0,0,0,0,0,0,0,0
420255,Undergraduate students,147,146,1,0,0,0,0,0,0,0,0,0,147,146,1,0,0,0,0,0,0,0,0,0,0,0,0,0,0,0
420307,Total students enrolled for credit,4260,902,3358,4,1,3,8,5,3,1770,404,1366,54,13,41,3,0,3,572,155,417,124,17,107,1725,307,1418,0,0,0
420307,Undergraduate students,4183,885,3298,4,1,3,8,5,3,1758,401,1357,54,13,41,3,0,3,567,153,414,120,17,103,1669,295,1374,0,0,0
420307,Graduate student,77,17,60,0,0,0,0,0,0,12,3,9,0,0,0,0,0,0,5,2,3,4,0,4,56,12,44,0,0,0
420316,Total students enrolled for credit,979,262,717,0,0,0,5,0,5,524,126,398,32,8,24,1,0,1,322,106,216,23,4,19,72,18,54,0,0,0
420316,Undergraduate students,979,262,717,0,0,0,5,0,5,524,126,398,32,8,24,1,0,1,322,106,216,23,4,19,72,18,54,0,0,0
420325,Total students enrolled for credit,122,122,0,0,0,0,0,0,0,0,0,0,0,0,0,0,0,0,122,122,0,0,0,0,0,0,0,0,0,0
420325,Undergraduate students,116,116,0,0,0,0,0,0,0,0,0,0,0,0,0,0,0,0,116,116,0,0,0,0,0,0,0,0,0,0
420325,Graduate student,6,6,0,0,0,0,0,0,0,0,0,0,0,0,0,0,0,0,6,6,0,0,0,0,0,0,0,0,0,0
420343,Total students enrolled for credit,1234,1215,19,3,3,0,57,57,0,142,141,1,458,451,7,3,3,0,464,455,9,7,5,2,100,100,0,0,0,0
420343,Undergraduate students,1234,1215,19,3,3,0,57,57,0,142,141,1,458,451,7,3,3,0,464,455,9,7,5,2,100,100,0,0,0,0
420370,Total students enrolled for credit,496,175,321,0,0,0,14,9,5,395,148,247,51,15,36,0,0,0,36,3,33,0,0,0,0,0,0,0,0,0
420370,Undergraduate students,496,175,321,0,0,0,14,9,5,395,148,247,51,15,36,0,0,0,36,3,33,0,0,0,0,0,0,0,0,0
420398,Total students enrolled for credit,27260,12069,15191,49,27,22,897,431,466,1671,793,878,16569,7130,9439,53,28,25,6778,3095,3683,1025,451,574,114,62,52,104,52,52
420398,Undergraduate students,27260,12069,15191,49,27,22,897,431,466,1671,793,878,16569,7130,9439,53,28,25,6778,3095,3683,1025,451,574,114,62,52,104,52,52
420431,Total students enrolled for credit,2140,839,1301,3,1,2,7,3,4,980,354,626,41,15,26,0,0,0,1065,450,615,31,11,20,11,4,7,2,1,1
420431,Undergraduate students,2140,839,1301,3,1,2,7,3,4,980,354,626,41,15,26,0,0,0,1065,450,615,31,11,20,11,4,7,2,1,1
420440,Total students enrolled for credit,2452,889,1563,10,4,6,49,21,28,25,11,14,53,14,39,3,1,2,1859,663,1196,53,15,38,395,157,238,5,3,2
420440,Undergraduate students,2452,889,1563,10,4,6,49,21,28,25,11,14,53,14,39,3,1,2,1859,663,1196,53,15,38,395,157,238,5,3,2
420459,Total students enrolled for credit,500,260,240,150,78,72,3,0,3,0,0,0,19,6,13,2,1,1,325,175,150,1,0,1,0,0,0,0,0,0
420459,Undergraduate students,500,260,240,150,78,72,3,0,3,0,0,0,19,6,13,2,1,1,325,175,150,1,0,1,0,0,0,0,0,0
420468,Total students enrolled for credit,358,103,255,1,1,0,10,3,7,56,18,38,56,25,31,1,0,1,224,55,169,5,0,5,5,1,4,0,0,0
420468,Undergraduate students,358,103,255,1,1,0,10,3,7,56,18,38,56,25,31,1,0,1,224,55,169,5,0,5,5,1,4,0,0,0
420538,Total students enrolled for credit,1822,747,1075,12,6,6,5,0,5,11,3,8,49,19,30,0,0,0,1663,682,981,67,32,35,8,2,6,7,3,4
420538,Undergraduate students,1822,747,1075,12,6,6,5,0,5,11,3,8,49,19,30,0,0,0,1663,682,981,67,32,35,8,2,6,7,3,4
420556,Total students enrolled for credit,1739,686,1053,20,6,14,20,9,11,8,4,4,471,170,301,14,5,9,1116,458,658,52,22,30,38,12,26,0,0,0
420556,Undergraduate students,1739,686,1053,20,6,14,20,9,11,8,4,4,471,170,301,14,5,9,1116,458,658,52,22,30,38,12,26,0,0,0
420574,Total students enrolled for credit,4969,3461,1508,66,38,28,287,186,101,219,154,65,931,580,351,18,13,5,2557,1810,747,187,128,59,36,21,15,668,531,137
420574,Undergraduate students,4380,3071,1309,64,37,27,260,169,91,205,145,60,903,560,343,18,13,5,2361,1703,658,179,126,53,31,18,13,359,300,59
420574,Graduate student,589,390,199,2,1,1,27,17,10,14,9,5,28,20,8,0,0,0,196,107,89,8,2,6,5,3,2,309,231,78
420608,Total students enrolled for credit,149,14,135,1,0,1,1,0,1,6,1,5,123,13,110,1,0,1,13,0,13,0,0,0,4,0,4,0,0,0
420608,Undergraduate students,149,14,135,1,0,1,1,0,1,6,1,5,123,13,110,1,0,1,13,0,13,0,0,0,4,0,4,0,0,0
420705,Total students enrolled for credit,147,81,66,1,0,1,8,4,4,46,20,26,3,1,2,1,0,1,44,28,16,3,2,1,4,3,1,37,23,14
420705,Graduate student,147,81,66,1,0,1,8,4,4,46,20,26,3,1,2,1,0,1,44,28,16,3,2,1,4,3,1,37,23,14
420723,Total students enrolled for credit,701,297,404,9,3,6,13,5,8,2,0,2,133,48,85,6,3,3,500,224,276,32,11,21,6,3,3,0,0,0
420723,Undergraduate students,701,297,404,9,3,6,13,5,8,2,0,2,133,48,85,6,3,3,500,224,276,32,11,21,6,3,3,0,0,0
420866,Total students enrolled for credit,275,62,213,4,2,2,17,1,16,47,10,37,25,4,21,3,1,2,171,42,129,0,0,0,5,0,5,3,2,1
420866,Undergraduate students,72,17,55,3,1,2,5,0,5,22,7,15,9,1,8,3,1,2,29,7,22,0,0,0,1,0,1,0,0,0
420866,Graduate student,203,45,158,1,1,0,12,1,11,25,3,22,16,3,13,0,0,0,142,35,107,0,0,0,4,0,4,3,2,1
420981,Total students enrolled for credit,842,241,601,0,0,0,307,67,240,166,33,133,60,9,51,0,0,0,300,128,172,0,0,0,9,4,5,0,0,0
420981,Undergraduate students,842,241,601,0,0,0,307,67,240,166,33,133,60,9,51,0,0,0,300,128,172,0,0,0,9,4,5,0,0,0
421513,Total students enrolled for credit,146,24,122,2,2,0,0,0,0,57,12,45,5,2,3,0,0,0,76,6,70,4,1,3,2,1,1,0,0,0
421513,Undergraduate students,146,24,122,2,2,0,0,0,0,57,12,45,5,2,3,0,0,0,76,6,70,4,1,3,2,1,1,0,0,0
421540,Total students enrolled for credit,206,117,89,57,30,27,5,1,4,2,2,0,10,9,1,0,0,0,122,72,50,0,0,0,9,2,7,1,1,0
421540,Undergraduate students,206,117,89,57,30,27,5,1,4,2,2,0,10,9,1,0,0,0,122,72,50,0,0,0,9,2,7,1,1,0
421559,Total students enrolled for credit,171,88,83,88,45,43,0,0,0,0,0,0,7,1,6,0,0,0,44,28,16,0,0,0,32,14,18,0,0,0
421559,Undergraduate students,171,88,83,88,45,43,0,0,0,0,0,0,7,1,6,0,0,0,44,28,16,0,0,0,32,14,18,0,0,0
421610,Total students enrolled for credit,63,1,62,2,0,2,1,0,1,1,0,1,7,0,7,0,0,0,44,1,43,0,0,0,8,0,8,0,0,0
421610,Undergraduate students,63,1,62,2,0,2,1,0,1,1,0,1,7,0,7,0,0,0,44,1,43,0,0,0,8,0,8,0,0,0
421665,Total students enrolled for credit,22,0,22,0,0,0,0,0,0,0,0,0,1,0,1,0,0,0,18,0,18,2,0,2,1,0,1,0,0,0
421665,Undergraduate students,22,0,22,0,0,0,0,0,0,0,0,0,1,0,1,0,0,0,18,0,18,2,0,2,1,0,1,0,0,0
421708,Total students enrolled for credit,954,166,788,95,15,80,13,5,8,141,25,116,462,74,388,9,0,9,172,36,136,58,11,47,4,0,4,0,0,0
421708,Undergraduate students,954,166,788,95,15,80,13,5,8,141,25,116,462,74,388,9,0,9,172,36,136,58,11,47,4,0,4,0,0,0
421717,Total students enrolled for credit,57,24,33,1,1,0,0,0,0,4,0,4,0,0,0,0,0,0,50,23,27,2,0,2,0,0,0,0,0,0
421717,Undergraduate students,57,24,33,1,1,0,0,0,0,4,0,4,0,0,0,0,0,0,50,23,27,2,0,2,0,0,0,0,0,0
421771,Total students enrolled for credit,56,1,55,0,0,0,0,0,0,14,0,14,5,0,5,0,0,0,37,1,36,0,0,0,0,0,0,0,0,0
421771,Undergraduate students,56,1,55,0,0,0,0,0,0,14,0,14,5,0,5,0,0,0,37,1,36,0,0,0,0,0,0,0,0,0
421832,Total students enrolled for credit,455,153,302,2,1,1,2,1,1,252,71,181,27,13,14,0,0,0,148,55,93,10,6,4,11,5,6,3,1,2
421832,Undergraduate students,455,153,302,2,1,1,2,1,1,252,71,181,27,13,14,0,0,0,148,55,93,10,6,4,11,5,6,3,1,2
421841,Total students enrolled for credit,290,119,171,0,0,0,2,1,1,54,25,29,52,28,24,0,0,0,128,52,76,14,1,13,2,0,2,38,12,26
421841,Undergraduate students,290,119,171,0,0,0,2,1,1,54,25,29,52,28,24,0,0,0,128,52,76,14,1,13,2,0,2,38,12,26
421878,Total students enrolled for credit,242,17,225,0,0,0,27,1,26,42,5,37,123,8,115,0,0,0,50,3,47,0,0,0,0,0,0,0,0,0
421878,Undergraduate students,242,17,225,0,0,0,27,1,26,42,5,37,123,8,115,0,0,0,50,3,47,0,0,0,0,0,0,0,0,0
421896,Total students enrolled for credit,528,235,293,0,0,0,0,0,0,0,0,0,528,235,293,0,0,0,0,0,0,0,0,0,0,0,0,0,0,0
421896,Undergraduate students,528,235,293,0,0,0,0,0,0,0,0,0,528,235,293,0,0,0,0,0,0,0,0,0,0,0,0,0,0,0
422190,Total students enrolled for credit,86,11,75,0,0,0,3,0,3,9,0,9,53,6,47,0,0,0,21,5,16,0,0,0,0,0,0,0,0,0
422190,Undergraduate students,86,11,75,0,0,0,3,0,3,9,0,9,53,6,47,0,0,0,21,5,16,0,0,0,0,0,0,0,0,0
422695,Total students enrolled for credit,405,37,368,3,0,3,34,4,30,37,3,34,225,19,206,4,2,2,40,5,35,21,2,19,41,2,39,0,0,0
422695,Undergraduate students,405,37,368,3,0,3,34,4,30,37,3,34,225,19,206,4,2,2,40,5,35,21,2,19,41,2,39,0,0,0
422835,Total students enrolled for credit,218,44,174,2,0,2,0,0,0,22,5,17,112,21,91,1,0,1,27,7,20,17,6,11,37,5,32,0,0,0
422835,Undergraduate students,218,44,174,2,0,2,0,0,0,22,5,17,112,21,91,1,0,1,27,7,20,17,6,11,37,5,32,0,0,0
423120,Total students enrolled for credit,715,27,688,0,0,0,0,0,0,0,0,0,715,27,688,0,0,0,0,0,0,0,0,0,0,0,0,0,0,0
423120,Undergraduate students,715,27,688,0,0,0,0,0,0,0,0,0,715,27,688,0,0,0,0,0,0,0,0,0,0,0,0,0,0,0
423397,Total students enrolled for credit,138,138,0,0,0,0,0,0,0,0,0,0,138,138,0,0,0,0,0,0,0,0,0,0,0,0,0,0,0,0
423397,Undergraduate students,138,138,0,0,0,0,0,0,0,0,0,0,138,138,0,0,0,0,0,0,0,0,0,0,0,0,0,0,0,0
423643,Total students enrolled for credit,3916,1881,2035,16,6,10,760,337,423,56,22,34,260,124,136,12,10,2,2471,1231,1240,176,73,103,81,39,42,84,39,45
423643,Graduate student,3916,1881,2035,16,6,10,760,337,423,56,22,34,260,124,136,12,10,2,2471,1231,1240,176,73,103,81,39,42,84,39,45
423652,Total students enrolled for credit,638,218,420,16,0,16,11,4,7,1,1,0,100,41,59,4,3,1,451,144,307,41,18,23,14,7,7,0,0,0
423652,Undergraduate students,638,218,420,16,0,16,11,4,7,1,1,0,100,41,59,4,3,1,451,144,307,41,18,23,14,7,7,0,0,0
423980,Total students enrolled for credit,693,366,327,8,2,6,151,77,74,45,30,15,40,21,19,4,4,0,93,50,43,3,3,0,349,179,170,0,0,0
423980,Undergraduate students,693,366,327,8,2,6,151,77,74,45,30,15,40,21,19,4,4,0,93,50,43,3,3,0,349,179,170,0,0,0
425250,Total students enrolled for credit,181,32,149,0,0,0,5,1,4,91,15,76,27,7,20,0,0,0,44,8,36,0,0,0,14,1,13,0,0,0
425250,Undergraduate students,181,32,149,0,0,0,5,1,4,91,15,76,27,7,20,0,0,0,44,8,36,0,0,0,14,1,13,0,0,0
425889,Total students enrolled for credit,414,62,352,0,0,0,8,1,7,163,30,133,41,6,35,0,0,0,176,22,154,21,3,18,5,0,5,0,0,0
425889,Undergraduate students,414,62,352,0,0,0,8,1,7,163,30,133,41,6,35,0,0,0,176,22,154,21,3,18,5,0,5,0,0,0
425986,Total students enrolled for credit,496,64,432,2,1,1,5,2,3,46,11,35,28,2,26,1,1,0,384,43,341,0,0,0,30,4,26,0,0,0
425986,Undergraduate students,496,64,432,2,1,1,5,2,3,46,11,35,28,2,26,1,1,0,384,43,341,0,0,0,30,4,26,0,0,0
426314,Total students enrolled for credit,21728,18588,3140,99,82,17,695,566,129,1978,1639,339,1518,1300,218,147,119,28,12353,10706,1647,1333,1097,236,3016,2610,406,589,469,120
426314,Undergraduate students,15645,13837,1808,70,61,9,465,393,72,1324,1159,165,1202,1052,150,123,101,22,8846,7940,906,964,822,142,2318,2042,276,333,267,66
426314,Graduate student,6083,4751,1332,29,21,8,230,173,57,654,480,174,316,248,68,24,18,6,3507,2766,741,369,275,94,698,568,130,256,202,54
427308,Total students enrolled for credit,209,14,195,0,0,0,158,10,148,0,0,0,0,0,0,0,0,0,51,4,47,0,0,0,0,0,0,0,0,0
427308,Undergraduate students,209,14,195,0,0,0,158,10,148,0,0,0,0,0,0,0,0,0,51,4,47,0,0,0,0,0,0,0,0,0
427335,Total students enrolled for credit,61,0,61,0,0,0,3,0,3,10,0,10,16,0,16,0,0,0,18,0,18,10,0,10,4,0,4,0,0,0
427335,Undergraduate students,61,0,61,0,0,0,3,0,3,10,0,10,16,0,16,0,0,0,18,0,18,10,0,10,4,0,4,0,0,0
427894,Total students enrolled for credit,238,233,5,0,0,0,31,31,0,173,168,5,26,26,0,0,0,0,8,8,0,0,0,0,0,0,0,0,0,0
427894,Undergraduate students,238,233,5,0,0,0,31,31,0,173,168,5,26,26,0,0,0,0,8,8,0,0,0,0,0,0,0,0,0,0
427919,Total students enrolled for credit,55,17,38,1,0,1,0,0,0,49,16,33,4,1,3,0,0,0,1,0,1,0,0,0,0,0,0,0,0,0
427919,Undergraduate students,55,17,38,1,0,1,0,0,0,49,16,33,4,1,3,0,0,0,1,0,1,0,0,0,0,0,0,0,0,0
427973,Total students enrolled for credit,368,332,36,1,1,0,9,8,1,145,130,15,26,23,3,6,6,0,139,129,10,28,24,4,14,11,3,0,0,0
427973,Undergraduate students,368,332,36,1,1,0,9,8,1,145,130,15,26,23,3,6,6,0,139,129,10,28,24,4,14,11,3,0,0,0
427982,Total students enrolled for credit,350,62,288,5,3,2,4,1,3,264,46,218,19,2,17,0,0,0,34,8,26,19,2,17,5,0,5,0,0,0
427982,Undergraduate students,350,62,288,5,3,2,4,1,3,264,46,218,19,2,17,0,0,0,34,8,26,19,2,17,5,0,5,0,0,0
427991,Total students enrolled for credit,805,466,339,9,5,4,32,17,15,78,40,38,476,280,196,5,3,2,189,109,80,15,11,4,0,0,0,1,1,0
427991,Undergraduate students,805,466,339,9,5,4,32,17,15,78,40,38,476,280,196,5,3,2,189,109,80,15,11,4,0,0,0,1,1,0
428000,Total students enrolled for credit,194,81,113,1,0,1,2,2,0,8,4,4,69,27,42,0,0,0,38,18,20,0,0,0,7,2,5,69,28,41
428000,Undergraduate students,194,81,113,1,0,1,2,2,0,8,4,4,69,27,42,0,0,0,38,18,20,0,0,0,7,2,5,69,28,41
428019,Total students enrolled for credit,334,165,169,51,21,30,0,0,0,40,17,23,5,2,3,0,0,0,180,99,81,57,25,32,1,1,0,0,0,0
428019,Undergraduate students,334,165,169,51,21,30,0,0,0,40,17,23,5,2,3,0,0,0,180,99,81,57,25,32,1,1,0,0,0,0
428055,Total students enrolled for credit,428,138,290,0,0,0,0,0,0,0,0,0,428,138,290,0,0,0,0,0,0,0,0,0,0,0,0,0,0,0
428055,Undergraduate students,428,138,290,0,0,0,0,0,0,0,0,0,428,138,290,0,0,0,0,0,0,0,0,0,0,0,0,0,0,0
428125,Total students enrolled for credit,156,111,45,0,0,0,7,5,2,45,27,18,87,71,16,3,2,1,14,6,8,0,0,0,0,0,0,0,0,0
428125,Undergraduate students,156,111,45,0,0,0,7,5,2,45,27,18,87,71,16,3,2,1,14,6,8,0,0,0,0,0,0,0,0,0
428143,Total students enrolled for credit,421,43,378,30,2,28,3,0,3,114,12,102,67,6,61,1,0,1,168,17,151,34,5,29,4,1,3,0,0,0
428143,Undergraduate students,421,43,378,30,2,28,3,0,3,114,12,102,67,6,61,1,0,1,168,17,151,34,5,29,4,1,3,0,0,0
428170,Total students enrolled for credit,1027,171,856,2,1,1,10,4,6,373,53,320,475,85,390,0,0,0,118,17,101,5,1,4,44,10,34,0,0,0
428170,Undergraduate students,1027,171,856,2,1,1,10,4,6,373,53,320,475,85,390,0,0,0,118,17,101,5,1,4,44,10,34,0,0,0
428259,Total students enrolled for credit,347,88,259,5,3,2,6,2,4,56,13,43,19,8,11,0,0,0,216,47,169,3,0,3,42,15,27,0,0,0
428259,Undergraduate students,271,69,202,3,2,1,3,2,1,40,10,30,19,8,11,0,0,0,172,35,137,1,0,1,33,12,21,0,0,0
428259,Graduate student,76,19,57,2,1,1,3,0,3,16,3,13,0,0,0,0,0,0,44,12,32,2,0,2,9,3,6,0,0,0
428268,Total students enrolled for credit,670,193,477,8,4,4,8,2,6,289,78,211,121,38,83,2,0,2,210,58,152,0,0,0,16,4,12,16,9,7
428268,Undergraduate students,197,53,144,0,0,0,1,1,0,112,28,84,29,8,21,0,0,0,51,14,37,0,0,0,3,1,2,1,1,0
428268,Graduate student,473,140,333,8,4,4,7,1,6,177,50,127,92,30,62,2,0,2,159,44,115,0,0,0,13,3,10,15,8,7
428286,Total students enrolled for credit,643,326,317,4,2,2,29,8,21,89,53,36,163,80,83,7,2,5,295,150,145,0,0,0,51,27,24,5,4,1
428286,Undergraduate students,643,326,317,4,2,2,29,8,21,89,53,36,163,80,83,7,2,5,295,150,145,0,0,0,51,27,24,5,4,1
428295,Total students enrolled for credit,317,303,14,0,0,0,6,5,1,55,52,3,122,116,6,0,0,0,121,117,4,0,0,0,4,4,0,9,9,0
428295,Undergraduate students,317,303,14,0,0,0,6,5,1,55,52,3,122,116,6,0,0,0,121,117,4,0,0,0,4,4,0,9,9,0
428392,Total students enrolled for credit,3441,1543,1898,99,41,58,49,23,26,42,21,21,576,243,333,14,5,9,2338,1054,1284,138,59,79,182,96,86,3,1,2
428392,Undergraduate students,3441,1543,1898,99,41,58,49,23,26,42,21,21,576,243,333,14,5,9,2338,1054,1284,138,59,79,182,96,86,3,1,2
428444,Total students enrolled for credit,1227,613,614,56,32,24,19,8,11,109,59,50,381,188,193,9,5,4,330,162,168,32,17,15,283,140,143,8,2,6
428444,Undergraduate students,1227,613,614,56,32,24,19,8,11,109,59,50,381,188,193,9,5,4,330,162,168,32,17,15,283,140,143,8,2,6
429012,Total students enrolled for credit,643,622,21,0,0,0,0,0,0,23,21,2,47,42,5,0,0,0,47,44,3,0,0,0,21,21,0,505,494,11
429012,Undergraduate students,643,622,21,0,0,0,0,0,0,23,21,2,47,42,5,0,0,0,47,44,3,0,0,0,21,21,0,505,494,11
429085,Total students enrolled for credit,158,48,110,0,0,0,61,22,39,14,3,11,19,4,15,0,0,0,35,9,26,6,2,4,8,1,7,15,7,8
429085,Graduate student,158,48,110,0,0,0,61,22,39,14,3,11,19,4,15,0,0,0,35,9,26,6,2,4,8,1,7,15,7,8
429094,Total students enrolled for credit,180,46,134,0,0,0,16,5,11,6,1,5,5,1,4,0,0,0,114,27,87,0,0,0,35,10,25,4,2,2
429094,Graduate student,180,46,134,0,0,0,16,5,11,6,1,5,5,1,4,0,0,0,114,27,87,0,0,0,35,10,25,4,2,2
429128,Total students enrolled for credit,1395,85,1310,4,0,4,161,3,158,258,34,224,840,40,800,0,0,0,99,8,91,24,0,24,9,0,9,0,0,0
429128,Undergraduate students,1395,85,1310,4,0,4,161,3,158,258,34,224,840,40,800,0,0,0,99,8,91,24,0,24,9,0,9,0,0,0
430096,Total students enrolled for credit,343,113,230,3,1,2,6,4,2,123,48,75,101,29,72,0,0,0,77,21,56,18,3,15,15,7,8,0,0,0
430096,Undergraduate students,343,113,230,3,1,2,6,4,2,123,48,75,101,29,72,0,0,0,77,21,56,18,3,15,15,7,8,0,0,0
430157,Total students enrolled for credit,181,178,3,3,3,0,7,7,0,10,10,0,19,18,1,0,0,0,126,124,2,3,3,0,13,13,0,0,0,0
430157,Undergraduate students,181,178,3,3,3,0,7,7,0,10,10,0,19,18,1,0,0,0,126,124,2,3,3,0,13,13,0,0,0,0
430166,Total students enrolled for credit,161,152,9,7,5,2,4,4,0,5,5,0,9,8,1,1,1,0,113,109,4,4,4,0,18,16,2,0,0,0
430166,Undergraduate students,161,152,9,7,5,2,4,4,0,5,5,0,9,8,1,1,1,0,113,109,4,4,4,0,18,16,2,0,0,0
430184,Total students enrolled for credit,4971,1591,3380,29,7,22,60,34,26,3658,1072,2586,269,105,164,7,3,4,578,253,325,157,44,113,155,51,104,58,22,36
430184,Undergraduate students,3894,1242,2652,25,7,18,35,20,15,2871,828,2043,220,89,131,6,3,3,453,204,249,133,36,97,126,45,81,25,10,15
430184,Graduate student,1077,349,728,4,0,4,25,14,11,787,244,543,49,16,33,1,0,1,125,49,76,24,8,16,29,6,23,33,12,21
430218,Total students enrolled for credit,185,26,159,0,0,0,2,0,2,69,16,53,44,3,41,0,0,0,45,7,38,3,0,3,22,0,22,0,0,0
430218,Undergraduate students,185,26,159,0,0,0,2,0,2,69,16,53,44,3,41,0,0,0,45,7,38,3,0,3,22,0,22,0,0,0
430227,Total students enrolled for credit,221,11,210,0,0,0,1,0,1,119,6,113,1,1,0,0,0,0,77,3,74,11,1,10,12,0,12,0,0,0
430227,Undergraduate students,221,11,210,0,0,0,1,0,1,119,6,113,1,1,0,0,0,0,77,3,74,11,1,10,12,0,12,0,0,0
430245,Total students enrolled for credit,926,185,741,0,0,0,1,1,0,50,15,35,542,100,442,0,0,0,68,13,55,9,0,9,256,56,200,0,0,0
430245,Undergraduate students,926,185,741,0,0,0,1,1,0,50,15,35,542,100,442,0,0,0,68,13,55,9,0,9,256,56,200,0,0,0
430254,Total students enrolled for credit,135,23,112,0,0,0,4,0,4,23,3,20,11,1,10,0,0,0,79,15,64,3,2,1,15,2,13,0,0,0
430254,Undergraduate students,135,23,112,0,0,0,4,0,4,23,3,20,11,1,10,0,0,0,79,15,64,3,2,1,15,2,13,0,0,0
430306,Total students enrolled for credit,65,12,53,0,0,0,3,1,2,16,7,9,1,0,1,0,0,0,44,4,40,1,0,1,0,0,0,0,0,0
430306,Undergraduate students,65,12,53,0,0,0,3,1,2,16,7,9,1,0,1,0,0,0,44,4,40,1,0,1,0,0,0,0,0,0
430342,Total students enrolled for credit,194,108,86,3,1,2,31,18,13,48,27,21,60,28,32,7,3,4,23,17,6,22,14,8,0,0,0,0,0,0
430342,Undergraduate students,194,108,86,3,1,2,31,18,13,48,27,21,60,28,32,7,3,4,23,17,6,22,14,8,0,0,0,0,0,0
430403,Total students enrolled for credit,162,12,150,0,0,0,7,0,7,70,7,63,36,3,33,0,0,0,39,1,38,7,1,6,3,0,3,0,0,0
430403,Undergraduate students,162,12,150,0,0,0,7,0,7,70,7,63,36,3,33,0,0,0,39,1,38,7,1,6,3,0,3,0,0,0
430485,Total students enrolled for credit,61,20,41,2,2,0,1,1,0,1,0,1,7,4,3,0,0,0,48,13,35,2,0,2,0,0,0,0,0,0
430485,Undergraduate students,61,20,41,2,2,0,1,1,0,1,0,1,7,4,3,0,0,0,48,13,35,2,0,2,0,0,0,0,0,0
430564,Total students enrolled for credit,114,32,82,0,0,0,30,9,21,6,3,3,12,7,5,0,0,0,59,13,46,0,0,0,0,0,0,7,0,7
430564,Undergraduate students,114,32,82,0,0,0,30,9,21,6,3,3,12,7,5,0,0,0,59,13,46,0,0,0,0,0,0,7,0,7
430582,Total students enrolled for credit,434,141,293,0,0,0,0,0,0,0,0,0,434,141,293,0,0,0,0,0,0,0,0,0,0,0,0,0,0,0
430582,Undergraduate students,434,141,293,0,0,0,0,0,0,0,0,0,434,141,293,0,0,0,0,0,0,0,0,0,0,0,0,0,0,0
430670,Total students enrolled for credit,347,148,199,0,0,0,12,7,5,1,1,0,312,125,187,0,0,0,22,15,7,0,0,0,0,0,0,0,0,0
430670,Undergraduate students,46,11,35,0,0,0,0,0,0,0,0,0,46,11,35,0,0,0,0,0,0,0,0,0,0,0,0,0,0,0
430670,Graduate student,301,137,164,0,0,0,12,7,5,1,1,0,266,114,152,0,0,0,22,15,7,0,0,0,0,0,0,0,0,0
430704,Total students enrolled for credit,178,72,106,0,0,0,45,19,26,6,6,0,22,11,11,0,0,0,36,11,25,0,0,0,6,1,5,63,24,39
430704,Undergraduate students,22,10,12,0,0,0,3,0,3,2,2,0,5,4,1,0,0,0,3,1,2,0,0,0,0,0,0,9,3,6
430704,Graduate student,156,62,94,0,0,0,42,19,23,4,4,0,17,7,10,0,0,0,33,10,23,0,0,0,6,1,5,54,21,33
430795,Total students enrolled for credit,256,99,157,1,0,1,1,0,1,10,4,6,1,0,1,0,0,0,243,95,148,0,0,0,0,0,0,0,0,0
430795,Undergraduate students,256,99,157,1,0,1,1,0,1,10,4,6,1,0,1,0,0,0,243,95,148,0,0,0,0,0,0,0,0,0
430810,Total students enrolled for credit,433,141,292,2,1,1,5,4,1,5,4,1,27,16,11,2,1,1,240,70,170,11,2,9,141,43,98,0,0,0
430810,Undergraduate students,355,116,239,2,1,1,4,3,1,5,4,1,26,16,10,2,1,1,214,62,152,10,2,8,92,27,65,0,0,0
430810,Graduate student,78,25,53,0,0,0,1,1,0,0,0,0,1,0,1,0,0,0,26,8,18,1,0,1,49,16,33,0,0,0
430883,Total students enrolled for credit,66,5,61,0,0,0,0,0,0,3,0,3,2,1,1,0,0,0,61,4,57,0,0,0,0,0,0,0,0,0
430883,Undergraduate students,66,5,61,0,0,0,0,0,0,3,0,3,2,1,1,0,0,0,61,4,57,0,0,0,0,0,0,0,0,0
430908,Total students enrolled for credit,114,15,99,1,1,0,0,0,0,2,1,1,2,1,1,0,0,0,108,12,96,1,0,1,0,0,0,0,0,0
430908,Undergraduate students,114,15,99,1,1,0,0,0,0,2,1,1,2,1,1,0,0,0,108,12,96,1,0,1,0,0,0,0,0,0
430935,Total students enrolled for credit,1102,830,272,0,0,0,0,0,0,0,0,0,1102,830,272,0,0,0,0,0,0,0,0,0,0,0,0,0,0,0
430935,Undergraduate students,1102,830,272,0,0,0,0,0,0,0,0,0,1102,830,272,0,0,0,0,0,0,0,0,0,0,0,0,0,0,0
430971,Total students enrolled for credit,65,5,60,0,0,0,1,0,1,54,4,50,1,0,1,0,0,0,7,1,6,2,0,2,0,0,0,0,0,0
430971,Undergraduate students,65,5,60,0,0,0,1,0,1,54,4,50,1,0,1,0,0,0,7,1,6,2,0,2,0,0,0,0,0,0
431017,Total students enrolled for credit,93,46,47,5,4,1,0,0,0,32,11,21,5,2,3,0,0,0,50,28,22,0,0,0,1,1,0,0,0,0
431017,Undergraduate students,93,46,47,5,4,1,0,0,0,32,11,21,5,2,3,0,0,0,50,28,22,0,0,0,1,1,0,0,0,0
431071,Total students enrolled for credit,107,24,83,1,0,1,1,1,0,10,1,9,4,0,4,0,0,0,89,20,69,1,1,0,1,1,0,0,0,0
431071,Undergraduate students,107,24,83,1,0,1,1,1,0,10,1,9,4,0,4,0,0,0,89,20,69,1,1,0,1,1,0,0,0,0
431099,Total students enrolled for credit,180,4,176,0,0,0,2,1,1,19,1,18,43,1,42,0,0,0,67,0,67,2,0,2,46,1,45,1,0,1
431099,Undergraduate students,180,4,176,0,0,0,2,1,1,19,1,18,43,1,42,0,0,0,67,0,67,2,0,2,46,1,45,1,0,1
431105,Total students enrolled for credit,167,15,152,1,0,1,7,1,6,46,8,38,26,3,23,1,0,1,65,2,63,20,1,19,1,0,1,0,0,0
431105,Undergraduate students,167,15,152,1,0,1,7,1,6,46,8,38,26,3,23,1,0,1,65,2,63,20,1,19,1,0,1,0,0,0
431123,Total students enrolled for credit,515,508,7,0,0,0,0,0,0,0,0,0,515,508,7,0,0,0,0,0,0,0,0,0,0,0,0,0,0,0
431123,Undergraduate students,515,508,7,0,0,0,0,0,0,0,0,0,515,508,7,0,0,0,0,0,0,0,0,0,0,0,0,0,0,0
431141,Total students enrolled for credit,1918,762,1156,20,9,11,76,36,40,112,38,74,699,322,377,11,5,6,767,260,507,80,33,47,152,59,93,1,0,1
431141,Undergraduate students,1918,762,1156,20,9,11,76,36,40,112,38,74,699,322,377,11,5,6,767,260,507,80,33,47,152,59,93,1,0,1
431169,Total students enrolled for credit,179,44,135,0,0,0,2,2,0,27,9,18,4,2,2,0,0,0,140,29,111,6,2,4,0,0,0,0,0,0
431169,Undergraduate students,179,44,135,0,0,0,2,2,0,27,9,18,4,2,2,0,0,0,140,29,111,6,2,4,0,0,0,0,0,0
431187,Total students enrolled for credit,74,73,1,0,0,0,3,3,0,2,2,0,5,5,0,0,0,0,64,63,1,0,0,0,0,0,0,0,0,0
431187,Undergraduate students,74,73,1,0,0,0,3,3,0,2,2,0,5,5,0,0,0,0,64,63,1,0,0,0,0,0,0,0,0,0
431196,Total students enrolled for credit,187,21,166,1,0,1,2,0,2,65,9,56,10,2,8,0,0,0,103,10,93,6,0,6,0,0,0,0,0,0
431196,Undergraduate students,187,21,166,1,0,1,2,0,2,65,9,56,10,2,8,0,0,0,103,10,93,6,0,6,0,0,0,0,0,0
431266,Total students enrolled for credit,86,0,86,0,0,0,2,0,2,50,0,50,9,0,9,0,0,0,23,0,23,2,0,2,0,0,0,0,0,0
431266,Undergraduate students,86,0,86,0,0,0,2,0,2,50,0,50,9,0,9,0,0,0,23,0,23,2,0,2,0,0,0,0,0,0
431275,Total students enrolled for credit,99,10,89,0,0,0,0,0,0,5,1,4,4,1,3,0,0,0,90,8,82,0,0,0,0,0,0,0,0,0
431275,Undergraduate students,99,10,89,0,0,0,0,0,0,5,1,4,4,1,3,0,0,0,90,8,82,0,0,0,0,0,0,0,0,0
431284,Total students enrolled for credit,131,16,115,0,0,0,55,14,41,34,0,34,25,1,24,0,0,0,17,1,16,0,0,0,0,0,0,0,0,0
431284,Undergraduate students,131,16,115,0,0,0,55,14,41,34,0,34,25,1,24,0,0,0,17,1,16,0,0,0,0,0,0,0,0,0
431558,Total students enrolled for credit,443,151,292,0,0,0,5,2,3,47,12,35,130,46,84,0,0,0,253,88,165,5,1,4,0,0,0,3,2,1
431558,Undergraduate students,443,151,292,0,0,0,5,2,3,47,12,35,130,46,84,0,0,0,253,88,165,5,1,4,0,0,0,3,2,1
431594,Total students enrolled for credit,22,1,21,0,0,0,1,0,1,1,0,1,0,0,0,0,0,0,20,1,19,0,0,0,0,0,0,0,0,0
431594,Graduate student,22,1,21,0,0,0,1,0,1,1,0,1,0,0,0,0,0,0,20,1,19,0,0,0,0,0,0,0,0,0
431600,Total students enrolled for credit,129,22,107,0,0,0,4,0,4,9,4,5,2,0,2,0,0,0,111,16,95,3,2,1,0,0,0,0,0,0
431600,Undergraduate students,129,22,107,0,0,0,4,0,4,9,4,5,2,0,2,0,0,0,111,16,95,3,2,1,0,0,0,0,0,0
431628,Total students enrolled for credit,20,2,18,0,0,0,0,0,0,0,0,0,0,0,0,0,0,0,19,2,17,1,0,1,0,0,0,0,0,0
431628,Undergraduate students,20,2,18,0,0,0,0,0,0,0,0,0,0,0,0,0,0,0,19,2,17,1,0,1,0,0,0,0,0,0
431691,Total students enrolled for credit,32,6,26,1,0,1,0,0,0,4,3,1,0,0,0,0,0,0,27,3,24,0,0,0,0,0,0,0,0,0
431691,Undergraduate students,32,6,26,1,0,1,0,0,0,4,3,1,0,0,0,0,0,0,27,3,24,0,0,0,0,0,0,0,0,0
431707,Total students enrolled for credit,29,3,26,0,0,0,0,0,0,5,1,4,0,0,0,0,0,0,24,2,22,0,0,0,0,0,0,0,0,0
431707,Undergraduate students,29,3,26,0,0,0,0,0,0,5,1,4,0,0,0,0,0,0,24,2,22,0,0,0,0,0,0,0,0,0
431716,Total students enrolled for credit,418,189,229,0,0,0,6,2,4,42,16,26,61,27,34,0,0,0,300,141,159,9,3,6,0,0,0,0,0,0
431716,Undergraduate students,418,189,229,0,0,0,6,2,4,42,16,26,61,27,34,0,0,0,300,141,159,9,3,6,0,0,0,0,0,0
431770,Total students enrolled for credit,43,3,40,0,0,0,1,1,0,13,1,12,7,0,7,0,0,0,22,1,21,0,0,0,0,0,0,0,0,0
431770,Undergraduate students,43,3,40,0,0,0,1,1,0,13,1,12,7,0,7,0,0,0,22,1,21,0,0,0,0,0,0,0,0,0
431886,Total students enrolled for credit,653,99,554,0,0,0,7,0,7,77,14,63,446,61,385,2,0,2,68,13,55,3,0,3,50,11,39,0,0,0
431886,Undergraduate students,653,99,554,0,0,0,7,0,7,77,14,63,446,61,385,2,0,2,68,13,55,3,0,3,50,11,39,0,0,0
431929,Total students enrolled for credit,327,76,251,0,0,0,0,0,0,0,0,0,327,76,251,0,0,0,0,0,0,0,0,0,0,0,0,0,0,0
431929,Undergraduate students,327,76,251,0,0,0,0,0,0,0,0,0,327,76,251,0,0,0,0,0,0,0,0,0,0,0,0,0,0,0
431956,Total students enrolled for credit,299,64,235,1,0,1,2,1,1,27,7,20,254,51,203,0,0,0,8,4,4,0,0,0,3,1,2,4,0,4
431956,Undergraduate students,299,64,235,1,0,1,2,1,1,27,7,20,254,51,203,0,0,0,8,4,4,0,0,0,3,1,2,4,0,4
431965,Total students enrolled for credit,118,41,77,0,0,0,0,0,0,81,35,46,7,4,3,0,0,0,30,2,28,0,0,0,0,0,0,0,0,0
431965,Undergraduate students,118,41,77,0,0,0,0,0,0,81,35,46,7,4,3,0,0,0,30,2,28,0,0,0,0,0,0,0,0,0
431983,Total students enrolled for credit,117,117,0,0,0,0,0,0,0,0,0,0,0,0,0,0,0,0,114,114,0,0,0,0,0,0,0,3,3,0
431983,Undergraduate students,117,117,0,0,0,0,0,0,0,0,0,0,0,0,0,0,0,0,114,114,0,0,0,0,0,0,0,3,3,0
432074,Total students enrolled for credit,265,83,182,80,20,60,8,5,3,3,1,2,8,5,3,4,2,2,145,42,103,17,8,9,0,0,0,0,0,0
432074,Undergraduate students,265,83,182,80,20,60,8,5,3,3,1,2,8,5,3,4,2,2,145,42,103,17,8,9,0,0,0,0,0,0
432117,Total students enrolled for credit,153,9,144,0,0,0,1,0,1,71,3,68,6,0,6,0,0,0,73,6,67,2,0,2,0,0,0,0,0,0
432117,Undergraduate students,153,9,144,0,0,0,1,0,1,71,3,68,6,0,6,0,0,0,73,6,67,2,0,2,0,0,0,0,0,0
432223,Total students enrolled for credit,290,155,135,4,1,3,9,6,3,44,19,25,24,12,12,10,4,6,87,43,44,17,10,7,93,59,34,2,1,1
432223,Undergraduate students,248,121,127,4,1,3,7,4,3,37,14,23,21,10,11,9,4,5,71,29,42,16,9,7,81,49,32,2,1,1
432223,Graduate student,42,34,8,0,0,0,2,2,0,7,5,2,3,2,1,1,0,1,16,14,2,1,1,0,12,10,2,0,0,0
432241,Total students enrolled for credit,120,42,78,0,0,0,3,1,2,3,1,2,15,4,11,3,0,3,68,29,39,5,1,4,21,6,15,2,0,2
432241,Undergraduate students,117,40,77,0,0,0,3,1,2,3,1,2,15,4,11,3,0,3,66,28,38,5,1,4,20,5,15,2,0,2
432241,Graduate student,3,2,1,0,0,0,0,0,0,0,0,0,0,0,0,0,0,0,2,1,1,0,0,0,1,1,0,0,0,0
432269,Total students enrolled for credit,136,107,29,0,0,0,0,0,0,12,12,0,114,86,28,0,0,0,4,3,1,6,6,0,0,0,0,0,0,0
432269,Undergraduate students,136,107,29,0,0,0,0,0,0,12,12,0,114,86,28,0,0,0,4,3,1,6,6,0,0,0,0,0,0,0
432302,Total students enrolled for credit,474,154,320,1,0,1,11,5,6,60,13,47,305,108,197,6,3,3,69,18,51,0,0,0,22,7,15,0,0,0
432302,Undergraduate students,474,154,320,1,0,1,11,5,6,60,13,47,305,108,197,6,3,3,69,18,51,0,0,0,22,7,15,0,0,0
432348,Total students enrolled for credit,117,69,48,1,0,1,2,1,1,10,5,5,1,1,0,0,0,0,102,61,41,0,0,0,1,1,0,0,0,0
432348,Graduate student,117,69,48,1,0,1,2,1,1,10,5,5,1,1,0,0,0,0,102,61,41,0,0,0,1,1,0,0,0,0
432357,Total students enrolled for credit,549,122,427,1,0,1,15,2,13,39,6,33,90,14,76,1,0,1,263,58,205,1,0,1,139,42,97,0,0,0
432357,Graduate student,549,122,427,1,0,1,15,2,13,39,6,33,90,14,76,1,0,1,263,58,205,1,0,1,139,42,97,0,0,0
432384,Total students enrolled for credit,721,192,529,6,1,5,26,10,16,56,21,35,446,112,334,9,3,6,134,31,103,42,13,29,2,1,1,0,0,0
432384,Undergraduate students,721,192,529,6,1,5,26,10,16,56,21,35,446,112,334,9,3,6,134,31,103,42,13,29,2,1,1,0,0,0
432524,Total students enrolled for credit,175,62,113,0,0,0,3,1,2,36,17,19,12,4,8,0,0,0,92,25,67,14,8,6,14,6,8,4,1,3
432524,Undergraduate students,175,62,113,0,0,0,3,1,2,36,17,19,12,4,8,0,0,0,92,25,67,14,8,6,14,6,8,4,1,3
432533,Total students enrolled for credit,519,310,209,1,0,1,19,14,5,56,39,17,204,116,88,4,2,2,79,50,29,15,8,7,94,62,32,47,19,28
432533,Undergraduate students,519,310,209,1,0,1,19,14,5,56,39,17,204,116,88,4,2,2,79,50,29,15,8,7,94,62,32,47,19,28
433004,Total students enrolled for credit,326,77,249,2,2,0,185,53,132,41,9,32,56,7,49,0,0,0,23,4,19,17,2,15,0,0,0,2,0,2
433004,Undergraduate students,325,77,248,2,2,0,185,53,132,41,9,32,56,7,49,0,0,0,23,4,19,16,2,14,0,0,0,2,0,2
433004,Graduate student,1,0,1,0,0,0,0,0,0,0,0,0,0,0,0,0,0,0,0,0,0,1,0,1,0,0,0,0,0,0
433013,Total students enrolled for credit,608,193,415,10,5,5,145,67,78,23,5,18,224,57,167,17,8,9,170,48,122,10,1,9,6,2,4,3,0,3
433013,Undergraduate students,608,193,415,10,5,5,145,67,78,23,5,18,224,57,167,17,8,9,170,48,122,10,1,9,6,2,4,3,0,3
433040,Total students enrolled for credit,45,2,43,0,0,0,1,0,1,12,2,10,8,0,8,0,0,0,21,0,21,3,0,3,0,0,0,0,0,0
433040,Undergraduate students,45,2,43,0,0,0,1,0,1,12,2,10,8,0,8,0,0,0,21,0,21,3,0,3,0,0,0,0,0,0
433068,Total students enrolled for credit,498,271,227,3,1,2,15,3,12,87,44,43,15,9,6,1,1,0,364,206,158,13,7,6,0,0,0,0,0,0
433068,Undergraduate students,498,271,227,3,1,2,15,3,12,87,44,43,15,9,6,1,1,0,364,206,158,13,7,6,0,0,0,0,0,0
433101,Total students enrolled for credit,919,89,830,3,0,3,33,6,27,197,22,175,200,25,175,0,0,0,383,26,357,54,3,51,49,7,42,0,0,0
433101,Undergraduate students,919,89,830,3,0,3,33,6,27,197,22,175,200,25,175,0,0,0,383,26,357,54,3,51,49,7,42,0,0,0
433138,Total students enrolled for credit,292,63,229,0,0,0,3,1,2,8,1,7,3,0,3,0,0,0,272,61,211,6,0,6,0,0,0,0,0,0
433138,Undergraduate students,292,63,229,0,0,0,3,1,2,8,1,7,3,0,3,0,0,0,272,61,211,6,0,6,0,0,0,0,0,0
433165,Total students enrolled for credit,10,1,9,0,0,0,0,0,0,0,0,0,0,0,0,0,0,0,9,1,8,1,0,1,0,0,0,0,0,0
433165,Undergraduate students,10,1,9,0,0,0,0,0,0,0,0,0,0,0,0,0,0,0,9,1,8,1,0,1,0,0,0,0,0,0
433174,Total students enrolled for credit,612,58,554,2,1,1,19,4,15,64,2,62,31,4,27,2,0,2,449,44,405,20,2,18,25,1,24,0,0,0
433174,Undergraduate students,612,58,554,2,1,1,19,4,15,64,2,62,31,4,27,2,0,2,449,44,405,20,2,18,25,1,24,0,0,0
433387,Total students enrolled for credit,121017,42803,78214,871,287,584,4599,1789,2810,11665,3839,7826,10409,4042,6367,707,278,429,86097,29866,56231,3559,1389,2170,2974,1241,1733,136,72,64
433387,Undergraduate students,88585,32032,56553,620,223,397,3161,1240,1921,8198,2735,5463,8167,3198,4969,531,219,312,63029,22388,40641,2706,1096,1610,2090,896,1194,83,37,46
433387,Graduate student,32432,10771,21661,251,64,187,1438,549,889,3467,1104,2363,2242,844,1398,176,59,117,23068,7478,15590,853,293,560,884,345,539,53,35,18
433420,Total students enrolled for credit,532,202,330,5,3,2,6,3,3,23,11,12,308,94,214,4,1,3,149,66,83,3,1,2,17,10,7,17,13,4
433420,Undergraduate students,508,192,316,5,3,2,5,3,2,23,11,12,301,93,208,4,1,3,144,65,79,3,1,2,16,9,7,7,6,1
433420,Graduate student,24,10,14,0,0,0,1,0,1,0,0,0,7,1,6,0,0,0,5,1,4,0,0,0,1,1,0,10,7,3
433466,Total students enrolled for credit,511,53,458,5,1,4,2,1,1,152,7,145,154,20,134,0,0,0,73,4,69,8,2,6,117,18,99,0,0,0
433466,Undergraduate students,511,53,458,5,1,4,2,1,1,152,7,145,154,20,134,0,0,0,73,4,69,8,2,6,117,18,99,0,0,0
433536,Total students enrolled for credit,866,169,697,2,0,2,8,3,5,536,100,436,48,11,37,0,0,0,200,40,160,9,5,4,63,10,53,0,0,0
433536,Undergraduate students,813,156,657,2,0,2,8,3,5,494,92,402,48,11,37,0,0,0,191,36,155,9,5,4,61,9,52,0,0,0
433536,Graduate student,53,13,40,0,0,0,0,0,0,42,8,34,0,0,0,0,0,0,9,4,5,0,0,0,2,1,1,0,0,0
433563,Total students enrolled for credit,129,25,104,1,0,1,1,0,1,11,1,10,6,2,4,0,0,0,92,20,72,11,0,11,7,2,5,0,0,0
433563,Undergraduate students,129,25,104,1,0,1,1,0,1,11,1,10,6,2,4,0,0,0,92,20,72,11,0,11,7,2,5,0,0,0
433660,Total students enrolled for credit,16732,7289,9443,37,14,23,281,122,159,1187,466,721,3225,1346,1879,23,7,16,10967,4872,6095,455,186,269,262,125,137,295,151,144
433660,Undergraduate students,15317,6798,8519,37,14,23,240,107,133,1090,427,663,3047,1297,1750,21,5,16,9943,4515,5428,433,181,252,230,111,119,276,141,135
433660,Graduate student,1415,491,924,0,0,0,41,15,26,97,39,58,178,49,129,2,2,0,1024,357,667,22,5,17,32,14,18,19,10,9
433970,Total students enrolled for credit,107,14,93,0,0,0,2,0,2,1,0,1,2,1,1,0,0,0,99,13,86,1,0,1,2,0,2,0,0,0
433970,Undergraduate students,107,14,93,0,0,0,2,0,2,1,0,1,2,1,1,0,0,0,99,13,86,1,0,1,2,0,2,0,0,0
434016,Total students enrolled for credit,201,66,135,168,54,114,1,0,1,11,8,3,3,0,3,1,0,1,12,2,10,0,0,0,5,2,3,0,0,0
434016,Undergraduate students,201,66,135,168,54,114,1,0,1,11,8,3,3,0,3,1,0,1,12,2,10,0,0,0,5,2,3,0,0,0
434061,Total students enrolled for credit,9011,3952,5059,42,21,21,160,78,82,3375,1170,2205,286,125,161,9,5,4,4606,2272,2334,189,93,96,265,149,116,79,39,40
434061,Undergraduate students,9011,3952,5059,42,21,21,160,78,82,3375,1170,2205,286,125,161,9,5,4,4606,2272,2334,189,93,96,265,149,116,79,39,40
434140,Total students enrolled for credit,1508,348,1160,6,1,5,136,58,78,58,14,44,876,177,699,4,2,2,348,77,271,66,17,49,14,2,12,0,0,0
434140,Undergraduate students,1508,348,1160,6,1,5,136,58,78,58,14,44,876,177,699,4,2,2,348,77,271,66,17,49,14,2,12,0,0,0
434159,Total students enrolled for credit,490,313,177,1,1,0,7,6,1,289,200,89,62,22,40,0,0,0,58,40,18,11,6,5,62,38,24,0,0,0
434159,Undergraduate students,490,313,177,1,1,0,7,6,1,289,200,89,62,22,40,0,0,0,58,40,18,11,6,5,62,38,24,0,0,0
434274,Total students enrolled for credit,135,23,112,3,1,2,11,0,11,37,9,28,7,1,6,2,0,2,75,12,63,0,0,0,0,0,0,0,0,0
434274,Undergraduate students,135,23,112,3,1,2,11,0,11,37,9,28,7,1,6,2,0,2,75,12,63,0,0,0,0,0,0,0,0,0
434283,Total students enrolled for credit,66,9,57,4,0,4,2,0,2,26,2,24,2,1,1,1,0,1,31,6,25,0,0,0,0,0,0,0,0,0
434283,Undergraduate students,66,9,57,4,0,4,2,0,2,26,2,24,2,1,1,1,0,1,31,6,25,0,0,0,0,0,0,0,0,0
434292,Total students enrolled for credit,3,0,3,1,0,1,0,0,0,1,0,1,1,0,1,0,0,0,0,0,0,0,0,0,0,0,0,0,0,0
434292,Undergraduate students,3,0,3,1,0,1,0,0,0,1,0,1,1,0,1,0,0,0,0,0,0,0,0,0,0,0,0,0,0,0
434308,Total students enrolled for credit,933,206,727,3,2,1,13,2,11,431,106,325,29,5,24,0,0,0,175,31,144,38,6,32,243,54,189,1,0,1
434308,Undergraduate students,933,206,727,3,2,1,13,2,11,431,106,325,29,5,24,0,0,0,175,31,144,38,6,32,243,54,189,1,0,1
434344,Total students enrolled for credit,245,12,233,0,0,0,2,0,2,13,1,12,23,1,22,2,1,1,197,9,188,7,0,7,1,0,1,0,0,0
434344,Undergraduate students,245,12,233,0,0,0,2,0,2,13,1,12,23,1,22,2,1,1,197,9,188,7,0,7,1,0,1,0,0,0
434362,Total students enrolled for credit,48,48,0,2,2,0,1,1,0,0,0,0,3,3,0,0,0,0,38,38,0,0,0,0,4,4,0,0,0,0
434362,Undergraduate students,48,48,0,2,2,0,1,1,0,0,0,0,3,3,0,0,0,0,38,38,0,0,0,0,4,4,0,0,0,0
434432,Total students enrolled for credit,45,7,38,0,0,0,1,0,1,1,1,0,5,1,4,0,0,0,38,5,33,0,0,0,0,0,0,0,0,0
434432,Undergraduate students,45,7,38,0,0,0,1,0,1,1,1,0,5,1,4,0,0,0,38,5,33,0,0,0,0,0,0,0,0,0
434441,Total students enrolled for credit,113,30,83,0,0,0,15,5,10,14,4,10,20,3,17,0,0,0,46,11,35,1,0,1,4,0,4,13,7,6
434441,Graduate student,113,30,83,0,0,0,15,5,10,14,4,10,20,3,17,0,0,0,46,11,35,1,0,1,4,0,4,13,7,6
434469,Total students enrolled for credit,108,18,90,0,0,0,0,0,0,1,0,1,106,18,88,0,0,0,1,0,1,0,0,0,0,0,0,0,0,0
434469,Undergraduate students,108,18,90,0,0,0,0,0,0,1,0,1,106,18,88,0,0,0,1,0,1,0,0,0,0,0,0,0,0,0
434496,Total students enrolled for credit,113,1,112,0,0,0,0,0,0,18,0,18,7,0,7,1,0,1,83,1,82,3,0,3,1,0,1,0,0,0
434496,Undergraduate students,113,1,112,0,0,0,0,0,0,18,0,18,7,0,7,1,0,1,83,1,82,3,0,3,1,0,1,0,0,0
434520,Total students enrolled for credit,537,150,387,1,0,1,2,0,2,79,26,53,170,46,124,1,0,1,224,60,164,6,2,4,54,16,38,0,0,0
434520,Undergraduate students,537,150,387,1,0,1,2,0,2,79,26,53,170,46,124,1,0,1,224,60,164,6,2,4,54,16,38,0,0,0
434539,Total students enrolled for credit,392,151,241,6,2,4,1,1,0,129,50,79,226,89,137,0,0,0,21,7,14,8,1,7,1,1,0,0,0,0
434539,Undergraduate students,392,151,241,6,2,4,1,1,0,129,50,79,226,89,137,0,0,0,21,7,14,8,1,7,1,1,0,0,0,0
434584,Total students enrolled for credit,724,316,408,453,200,253,62,26,36,25,12,13,24,8,16,1,1,0,147,65,82,0,0,0,12,4,8,0,0,0
434584,Undergraduate students,724,316,408,453,200,253,62,26,36,25,12,13,24,8,16,1,1,0,147,65,82,0,0,0,12,4,8,0,0,0
434672,Total students enrolled for credit,29115,11616,17499,99,35,64,1797,869,928,10915,3829,7086,1406,582,824,65,34,31,12280,5212,7068,980,361,619,224,99,125,1349,595,754
434672,Undergraduate students,29115,11616,17499,99,35,64,1797,869,928,10915,3829,7086,1406,582,824,65,34,31,12280,5212,7068,980,361,619,224,99,125,1349,595,754
434690,Total students enrolled for credit,249,246,3,1,1,0,2,2,0,9,8,1,10,10,0,0,0,0,207,205,2,2,2,0,18,18,0,0,0,0
434690,Undergraduate students,249,246,3,1,1,0,2,2,0,9,8,1,10,10,0,0,0,0,207,205,2,2,2,0,18,18,0,0,0,0
434715,Total students enrolled for credit,721,319,402,7,7,0,21,8,13,174,64,110,85,32,53,3,0,3,379,180,199,6,3,3,34,22,12,12,3,9
434715,Graduate student,721,319,402,7,7,0,21,8,13,174,64,110,85,32,53,3,0,3,379,180,199,6,3,3,34,22,12,12,3,9
434751,Total students enrolled for credit,120,33,87,89,28,61,0,0,0,1,0,1,0,0,0,0,0,0,5,1,4,14,2,12,11,2,9,0,0,0
434751,Undergraduate students,120,33,87,89,28,61,0,0,0,1,0,1,0,0,0,0,0,0,5,1,4,14,2,12,11,2,9,0,0,0
434821,Total students enrolled for credit,1437,109,1328,5,0,5,13,1,12,1162,93,1069,77,5,72,1,0,1,173,10,163,2,0,2,4,0,4,0,0,0
434821,Undergraduate students,1437,109,1328,5,0,5,13,1,12,1162,93,1069,77,5,72,1,0,1,173,10,163,2,0,2,4,0,4,0,0,0
434830,Total students enrolled for credit,308,14,294,0,0,0,18,9,9,100,2,98,2,0,2,0,0,0,173,3,170,0,0,0,15,0,15,0,0,0
434830,Undergraduate students,308,14,294,0,0,0,18,9,9,100,2,98,2,0,2,0,0,0,173,3,170,0,0,0,15,0,15,0,0,0
434900,Total students enrolled for credit,813,238,575,0,0,0,0,0,0,0,0,0,813,238,575,0,0,0,0,0,0,0,0,0,0,0,0,0,0,0
434900,Undergraduate students,813,238,575,0,0,0,0,0,0,0,0,0,813,238,575,0,0,0,0,0,0,0,0,0,0,0,0,0,0,0
434937,Total students enrolled for credit,34,34,0,0,0,0,0,0,0,0,0,0,0,0,0,0,0,0,34,34,0,0,0,0,0,0,0,0,0,0
434937,Undergraduate students,34,34,0,0,0,0,0,0,0,0,0,0,0,0,0,0,0,0,34,34,0,0,0,0,0,0,0,0,0,0
434973,Total students enrolled for credit,138,82,56,1,0,1,4,1,3,52,24,28,2,1,1,0,0,0,32,26,6,3,1,2,41,27,14,3,2,1
434973,Undergraduate students,123,76,47,1,0,1,2,1,1,48,23,25,2,1,1,0,0,0,27,23,4,3,1,2,37,25,12,3,2,1
434973,Graduate student,15,6,9,0,0,0,2,0,2,4,1,3,0,0,0,0,0,0,5,3,2,0,0,0,4,2,2,0,0,0
435000,Total students enrolled for credit,1011,380,631,1,0,1,61,26,35,49,10,39,32,9,23,1,0,1,793,318,475,8,1,7,35,4,31,31,12,19
435000,Undergraduate students,39,6,33,0,0,0,1,0,1,9,2,7,3,0,3,0,0,0,26,4,22,0,0,0,0,0,0,0,0,0
435000,Graduate student,972,374,598,1,0,1,60,26,34,40,8,32,29,9,20,1,0,1,767,314,453,8,1,7,35,4,31,31,12,19
436003,Total students enrolled for credit,257,34,223,0,0,0,10,1,9,107,15,92,103,11,92,0,0,0,37,7,30,0,0,0,0,0,0,0,0,0
436003,Undergraduate students,257,34,223,0,0,0,10,1,9,107,15,92,103,11,92,0,0,0,37,7,30,0,0,0,0,0,0,0,0,0
436012,Total students enrolled for credit,291,28,263,0,0,0,2,0,2,180,19,161,100,9,91,0,0,0,9,0,9,0,0,0,0,0,0,0,0,0
436012,Undergraduate students,291,28,263,0,0,0,2,0,2,180,19,161,100,9,91,0,0,0,9,0,9,0,0,0,0,0,0,0,0,0
436021,Total students enrolled for credit,96,16,80,0,0,0,9,1,8,3,1,2,3,0,3,0,0,0,53,8,45,1,1,0,1,0,1,26,5,21
436021,Graduate student,96,16,80,0,0,0,9,1,8,3,1,2,3,0,3,0,0,0,53,8,45,1,1,0,1,0,1,26,5,21
436030,Total students enrolled for credit,366,63,303,0,0,0,0,0,0,366,63,303,0,0,0,0,0,0,0,0,0,0,0,0,0,0,0,0,0,0
436030,Undergraduate students,366,63,303,0,0,0,0,0,0,366,63,303,0,0,0,0,0,0,0,0,0,0,0,0,0,0,0,0,0,0
436067,Total students enrolled for credit,42,4,38,17,1,16,2,0,2,0,0,0,0,0,0,2,0,2,19,1,18,2,2,0,0,0,0,0,0,0
436067,Undergraduate students,42,4,38,17,1,16,2,0,2,0,0,0,0,0,0,2,0,2,19,1,18,2,2,0,0,0,0,0,0,0
436094,Total students enrolled for credit,653,160,493,16,7,9,16,6,10,110,33,77,142,27,115,6,2,4,346,81,265,0,0,0,13,2,11,4,2,2
436094,Undergraduate students,218,61,157,12,5,7,4,1,3,56,18,38,53,11,42,2,0,2,91,26,65,0,0,0,0,0,0,0,0,0
436094,Graduate student,435,99,336,4,2,2,12,5,7,54,15,39,89,16,73,4,2,2,255,55,200,0,0,0,13,2,11,4,2,2
436100,Total students enrolled for credit,27,3,24,0,0,0,0,0,0,1,1,0,0,0,0,0,0,0,26,2,24,0,0,0,0,0,0,0,0,0
436100,Undergraduate students,27,3,24,0,0,0,0,0,0,1,1,0,0,0,0,0,0,0,26,2,24,0,0,0,0,0,0,0,0,0
436182,Total students enrolled for credit,83,29,54,2,0,2,0,0,0,4,2,2,0,0,0,0,0,0,71,23,48,2,0,2,4,4,0,0,0,0
436182,Undergraduate students,83,29,54,2,0,2,0,0,0,4,2,2,0,0,0,0,0,0,71,23,48,2,0,2,4,4,0,0,0,0
436191,Total students enrolled for credit,580,304,276,5,1,4,3,2,1,129,58,71,5,2,3,1,1,0,379,217,162,9,2,7,49,21,28,0,0,0
436191,Undergraduate students,580,304,276,5,1,4,3,2,1,129,58,71,5,2,3,1,1,0,379,217,162,9,2,7,49,21,28,0,0,0
436261,Total students enrolled for credit,87,16,71,1,0,1,7,1,6,1,0,1,7,3,4,0,0,0,57,8,49,0,0,0,14,4,10,0,0,0
436261,Graduate student,87,16,71,1,0,1,7,1,6,1,0,1,7,3,4,0,0,0,57,8,49,0,0,0,14,4,10,0,0,0
436270,Total students enrolled for credit,259,68,191,5,3,2,4,1,3,2,0,2,26,10,16,6,3,3,187,48,139,5,0,5,24,3,21,0,0,0
436270,Undergraduate students,259,68,191,5,3,2,4,1,3,2,0,2,26,10,16,6,3,3,187,48,139,5,0,5,24,3,21,0,0,0
436304,Total students enrolled for credit,2688,1154,1534,12,5,7,14,4,10,885,301,584,110,41,69,3,1,2,1501,743,758,43,18,25,117,40,77,3,1,2
436304,Undergraduate students,2688,1154,1534,12,5,7,14,4,10,885,301,584,110,41,69,3,1,2,1501,743,758,43,18,25,117,40,77,3,1,2
436429,Total students enrolled for credit,4312,3313,999,18,13,5,119,90,29,697,568,129,765,577,188,0,0,0,580,464,116,293,218,75,1581,1198,383,259,185,74
436429,Undergraduate students,4312,3313,999,18,13,5,119,90,29,697,568,129,765,577,188,0,0,0,580,464,116,293,218,75,1581,1198,383,259,185,74
436438,Total students enrolled for credit,588,191,397,3,3,0,55,17,38,76,33,43,202,68,134,13,6,7,217,58,159,0,0,0,9,3,6,13,3,10
436438,Undergraduate students,222,95,127,3,3,0,12,7,5,30,16,14,117,41,76,8,4,4,44,20,24,0,0,0,5,2,3,3,2,1
436438,Graduate student,366,96,270,0,0,0,43,10,33,46,17,29,85,27,58,5,2,3,173,38,135,0,0,0,4,1,3,10,1,9
436465,Total students enrolled for credit,362,78,284,0,0,0,0,0,0,0,0,0,362,78,284,0,0,0,0,0,0,0,0,0,0,0,0,0,0,0
436465,Undergraduate students,362,78,284,0,0,0,0,0,0,0,0,0,362,78,284,0,0,0,0,0,0,0,0,0,0,0,0,0,0,0
436483,Total students enrolled for credit,341,94,247,6,0,6,19,5,14,139,37,102,14,4,10,0,0,0,135,42,93,6,1,5,21,5,16,1,0,1
436483,Undergraduate students,341,94,247,6,0,6,19,5,14,139,37,102,14,4,10,0,0,0,135,42,93,6,1,5,21,5,16,1,0,1
436553,Total students enrolled for credit,411,102,309,0,0,0,0,0,0,0,0,0,411,102,309,0,0,0,0,0,0,0,0,0,0,0,0,0,0,0
436553,Undergraduate students,411,102,309,0,0,0,0,0,0,0,0,0,411,102,309,0,0,0,0,0,0,0,0,0,0,0,0,0,0,0
436599,Total students enrolled for credit,132,45,87,1,0,1,0,0,0,11,1,10,6,1,5,0,0,0,110,43,67,2,0,2,2,0,2,0,0,0
436599,Undergraduate students,132,45,87,1,0,1,0,0,0,11,1,10,6,1,5,0,0,0,110,43,67,2,0,2,2,0,2,0,0,0
436614,Total students enrolled for credit,101,56,45,4,2,2,3,2,1,2,2,0,13,10,3,0,0,0,73,36,37,0,0,0,2,1,1,4,3,1
436614,Undergraduate students,69,31,38,4,2,2,1,0,1,1,1,0,8,6,2,0,0,0,51,19,32,0,0,0,2,1,1,2,2,0
436614,Graduate student,32,25,7,0,0,0,2,2,0,1,1,0,5,4,1,0,0,0,22,17,5,0,0,0,0,0,0,2,1,1
436632,Total students enrolled for credit,326,35,291,0,0,0,5,3,2,185,17,168,21,4,17,0,0,0,97,9,88,0,0,0,18,2,16,0,0,0
436632,Undergraduate students,326,35,291,0,0,0,5,3,2,185,17,168,21,4,17,0,0,0,97,9,88,0,0,0,18,2,16,0,0,0
436641,Total students enrolled for credit,219,63,156,0,0,0,0,0,0,37,12,25,11,0,11,0,0,0,167,51,116,2,0,2,2,0,2,0,0,0
436641,Undergraduate students,219,63,156,0,0,0,0,0,0,37,12,25,11,0,11,0,0,0,167,51,116,2,0,2,2,0,2,0,0,0
436650,Total students enrolled for credit,404,38,366,1,0,1,1,1,0,198,19,179,17,0,17,0,0,0,186,18,168,1,0,1,0,0,0,0,0,0
436650,Undergraduate students,404,38,366,1,0,1,1,1,0,198,19,179,17,0,17,0,0,0,186,18,168,1,0,1,0,0,0,0,0,0
436775,Total students enrolled for credit,386,39,347,3,0,3,16,3,13,24,0,24,81,17,64,0,0,0,257,18,239,1,0,1,4,1,3,0,0,0
436775,Undergraduate students,386,39,347,3,0,3,16,3,13,24,0,24,81,17,64,0,0,0,257,18,239,1,0,1,4,1,3,0,0,0
436818,Total students enrolled for credit,1007,457,550,0,0,0,79,43,36,103,47,56,168,59,109,0,0,0,585,274,311,29,13,16,35,16,19,8,5,3
436818,Undergraduate students,1007,457,550,0,0,0,79,43,36,103,47,56,168,59,109,0,0,0,585,274,311,29,13,16,35,16,19,8,5,3
436827,Total students enrolled for credit,846,454,392,0,0,0,61,41,20,45,17,28,85,43,42,0,0,0,585,315,270,33,19,14,36,19,17,1,0,1
436827,Undergraduate students,846,454,392,0,0,0,61,41,20,45,17,28,85,43,42,0,0,0,585,315,270,33,19,14,36,19,17,1,0,1
436836,Total students enrolled for credit,1902,929,973,1,1,0,179,103,76,195,66,129,442,204,238,1,0,1,861,453,408,55,19,36,54,23,31,114,60,54
436836,Undergraduate students,1902,929,973,1,1,0,179,103,76,195,66,129,442,204,238,1,0,1,861,453,408,55,19,36,54,23,31,114,60,54
437060,Total students enrolled for credit,296,206,90,16,12,4,1,0,1,91,63,28,29,20,9,0,0,0,122,83,39,11,6,5,26,22,4,0,0,0
437060,Undergraduate students,296,206,90,16,12,4,1,0,1,91,63,28,29,20,9,0,0,0,122,83,39,11,6,5,26,22,4,0,0,0
437097,Total students enrolled for credit,3390,2406,984,13,10,3,1014,561,453,446,331,115,233,172,61,29,14,15,767,631,136,62,48,14,826,639,187,0,0,0
437097,Undergraduate students,2445,1734,711,6,5,1,578,263,315,347,256,91,180,134,46,27,14,13,577,472,105,52,42,10,678,548,130,0,0,0
437097,Graduate student,945,672,273,7,5,2,436,298,138,99,75,24,53,38,15,2,0,2,190,159,31,10,6,4,148,91,57,0,0,0
437103,Total students enrolled for credit,11684,5177,6507,42,20,22,201,100,101,5244,1892,3352,507,220,287,11,7,4,4566,2279,2287,257,97,160,726,498,228,130,64,66
437103,Undergraduate students,11684,5177,6507,42,20,22,201,100,101,5244,1892,3352,507,220,287,11,7,4,4566,2279,2287,257,97,160,726,498,228,130,64,66
437237,Total students enrolled for credit,125,113,12,0,0,0,0,0,0,0,0,0,0,0,0,0,0,0,120,108,12,0,0,0,0,0,0,5,5,0
437237,Undergraduate students,125,113,12,0,0,0,0,0,0,0,0,0,0,0,0,0,0,0,120,108,12,0,0,0,0,0,0,5,5,0
437316,Total students enrolled for credit,458,99,359,5,0,5,45,11,34,9,1,8,57,5,52,0,0,0,280,63,217,38,9,29,20,9,11,4,1,3
437316,Undergraduate students,458,99,359,5,0,5,45,11,34,9,1,8,57,5,52,0,0,0,280,63,217,38,9,29,20,9,11,4,1,3
437325,Total students enrolled for credit,438,85,353,3,0,3,11,0,11,4,1,3,25,6,19,2,0,2,232,49,183,4,1,3,157,28,129,0,0,0
437325,Undergraduate students,401,69,332,3,0,3,9,0,9,4,1,3,22,4,18,2,0,2,216,41,175,4,1,3,141,22,119,0,0,0
437325,Graduate student,37,16,21,0,0,0,2,0,2,0,0,0,3,2,1,0,0,0,16,8,8,0,0,0,16,6,10,0,0,0
437556,Total students enrolled for credit,553,248,305,1,1,0,3,1,2,131,47,84,12,4,8,3,3,0,390,189,201,7,1,6,6,2,4,0,0,0
437556,Undergraduate students,553,248,305,1,1,0,3,1,2,131,47,84,12,4,8,3,3,0,390,189,201,7,1,6,6,2,4,0,0,0
437608,Total students enrolled for credit,310,208,102,0,0,0,0,0,0,0,0,0,309,208,101,0,0,0,1,0,1,0,0,0,0,0,0,0,0,0
437608,Undergraduate students,310,208,102,0,0,0,0,0,0,0,0,0,309,208,101,0,0,0,1,0,1,0,0,0,0,0,0,0,0,0
437635,Total students enrolled for credit,525,93,432,4,2,2,4,1,3,92,20,72,295,48,247,0,0,0,109,19,90,11,1,10,9,2,7,1,0,1
437635,Undergraduate students,525,93,432,4,2,2,4,1,3,92,20,72,295,48,247,0,0,0,109,19,90,11,1,10,9,2,7,1,0,1
437705,Total students enrolled for credit,11,0,11,0,0,0,0,0,0,0,0,0,11,0,11,0,0,0,0,0,0,0,0,0,0,0,0,0,0,0
437705,Undergraduate students,11,0,11,0,0,0,0,0,0,0,0,0,11,0,11,0,0,0,0,0,0,0,0,0,0,0,0,0,0,0
437723,Total students enrolled for credit,295,161,134,0,0,0,0,0,0,255,146,109,40,15,25,0,0,0,0,0,0,0,0,0,0,0,0,0,0,0
437723,Undergraduate students,295,161,134,0,0,0,0,0,0,255,146,109,40,15,25,0,0,0,0,0,0,0,0,0,0,0,0,0,0,0
437732,Total students enrolled for credit,375,43,332,0,0,0,24,4,20,229,31,198,42,3,39,1,0,1,62,5,57,9,0,9,8,0,8,0,0,0
437732,Undergraduate students,375,43,332,0,0,0,24,4,20,229,31,198,42,3,39,1,0,1,62,5,57,9,0,9,8,0,8,0,0,0
437750,Total students enrolled for credit,162,145,17,2,1,1,6,4,2,5,5,0,8,7,1,0,0,0,102,98,4,0,0,0,2,2,0,37,28,9
437750,Undergraduate students,162,145,17,2,1,1,6,4,2,5,5,0,8,7,1,0,0,0,102,98,4,0,0,0,2,2,0,37,28,9
437769,Total students enrolled for credit,286,14,272,0,0,0,2,0,2,201,10,191,11,0,11,1,0,1,68,4,64,0,0,0,3,0,3,0,0,0
437769,Undergraduate students,286,14,272,0,0,0,2,0,2,201,10,191,11,0,11,1,0,1,68,4,64,0,0,0,3,0,3,0,0,0
437778,Total students enrolled for credit,461,51,410,1,0,1,9,0,9,69,8,61,296,27,269,2,0,2,63,11,52,16,3,13,4,2,2,1,0,1
437778,Undergraduate students,461,51,410,1,0,1,9,0,9,69,8,61,296,27,269,2,0,2,63,11,52,16,3,13,4,2,2,1,0,1
437857,Total students enrolled for credit,194,7,187,0,0,0,5,1,4,14,1,13,9,0,9,2,0,2,161,5,156,3,0,3,0,0,0,0,0,0
437857,Undergraduate students,194,7,187,0,0,0,5,1,4,14,1,13,9,0,9,2,0,2,161,5,156,3,0,3,0,0,0,0,0,0
437936,Total students enrolled for credit,1094,160,934,1,0,1,174,37,137,28,5,23,603,65,538,33,12,21,200,30,170,34,8,26,11,1,10,10,2,8
437936,Undergraduate students,1094,160,934,1,0,1,174,37,137,28,5,23,603,65,538,33,12,21,200,30,170,34,8,26,11,1,10,10,2,8
438151,Total students enrolled for credit,1314,789,525,19,9,10,168,118,50,111,68,43,114,58,56,17,4,13,501,296,205,165,96,69,218,140,78,1,0,1
438151,Undergraduate students,1113,653,460,19,9,10,10,8,2,108,65,43,107,55,52,17,4,13,489,288,201,156,91,65,207,133,74,0,0,0
438151,Graduate student,201,136,65,0,0,0,158,110,48,3,3,0,7,3,4,0,0,0,12,8,4,9,5,4,11,7,4,1,0,1
438179,Total students enrolled for credit,582,181,401,33,11,22,3,0,3,69,21,48,313,101,212,2,1,1,147,43,104,12,4,8,3,0,3,0,0,0
438179,Undergraduate students,582,181,401,33,11,22,3,0,3,69,21,48,313,101,212,2,1,1,147,43,104,12,4,8,3,0,3,0,0,0
438212,Total students enrolled for credit,420,146,274,0,0,0,0,0,0,23,10,13,21,5,16,0,0,0,368,129,239,5,2,3,3,0,3,0,0,0
438212,Undergraduate students,420,146,274,0,0,0,0,0,0,23,10,13,21,5,16,0,0,0,368,129,239,5,2,3,3,0,3,0,0,0
438221,Total students enrolled for credit,488,119,369,0,0,0,1,0,1,41,8,33,16,4,12,1,0,1,408,103,305,5,3,2,16,1,15,0,0,0
438221,Undergraduate students,488,119,369,0,0,0,1,0,1,41,8,33,16,4,12,1,0,1,408,103,305,5,3,2,16,1,15,0,0,0
438258,Total students enrolled for credit,643,116,527,4,0,4,90,32,58,74,8,66,215,31,184,17,7,10,208,34,174,15,2,13,14,2,12,6,0,6
438258,Undergraduate students,643,116,527,4,0,4,90,32,58,74,8,66,215,31,184,17,7,10,208,34,174,15,2,13,14,2,12,6,0,6
438267,Total students enrolled for credit,338,128,210,1,1,0,2,0,2,124,47,77,56,22,34,0,0,0,134,52,82,18,6,12,1,0,1,2,0,2
438267,Undergraduate students,338,128,210,1,1,0,2,0,2,124,47,77,56,22,34,0,0,0,134,52,82,18,6,12,1,0,1,2,0,2
438285,Total students enrolled for credit,787,106,681,2,0,2,9,2,7,96,13,83,163,21,142,0,0,0,122,17,105,7,2,5,387,51,336,1,0,1
438285,Undergraduate students,787,106,681,2,0,2,9,2,7,96,13,83,163,21,142,0,0,0,122,17,105,7,2,5,387,51,336,1,0,1
438337,Total students enrolled for credit,399,158,241,0,0,0,0,0,0,0,0,0,399,158,241,0,0,0,0,0,0,0,0,0,0,0,0,0,0,0
438337,Undergraduate students,399,158,241,0,0,0,0,0,0,0,0,0,399,158,241,0,0,0,0,0,0,0,0,0,0,0,0,0,0,0
438498,Total students enrolled for credit,5208,2108,3100,109,51,58,781,477,304,2567,839,1728,319,111,208,31,19,12,874,383,491,79,29,50,448,199,249,0,0,0
438498,Undergraduate students,3910,1321,2589,76,28,48,183,67,116,2275,712,1563,292,99,193,15,8,7,720,283,437,69,24,45,280,100,180,0,0,0
438498,Graduate student,1298,787,511,33,23,10,598,410,188,292,127,165,27,12,15,16,11,5,154,100,54,10,5,5,168,99,69,0,0,0
438504,Total students enrolled for credit,1924,1866,58,18,16,2,77,77,0,63,63,0,1132,1103,29,20,20,0,390,377,13,164,151,13,58,57,1,2,2,0
438504,Undergraduate students,1924,1866,58,18,16,2,77,77,0,63,63,0,1132,1103,29,20,20,0,390,377,13,164,151,13,58,57,1,2,2,0
438586,Total students enrolled for credit,4179,1274,2905,22,7,15,25,13,12,2612,812,1800,68,24,44,8,4,4,479,169,310,122,33,89,840,210,630,3,2,1
438586,Undergraduate students,3723,1135,2588,21,7,14,18,9,9,2294,721,1573,61,23,38,8,4,4,448,150,298,107,27,80,763,192,571,3,2,1
438586,Graduate student,456,139,317,1,0,1,7,4,3,318,91,227,7,1,6,0,0,0,31,19,12,15,6,9,77,18,59,0,0,0
438647,Total students enrolled for credit,372,133,239,0,0,0,5,1,4,224,74,150,16,7,9,4,2,2,87,32,55,22,11,11,14,6,8,0,0,0
438647,Undergraduate students,372,133,239,0,0,0,5,1,4,224,74,150,16,7,9,4,2,2,87,32,55,22,11,11,14,6,8,0,0,0
438674,Total students enrolled for credit,96,8,88,0,0,0,0,0,0,66,6,60,1,0,1,0,0,0,29,2,27,0,0,0,0,0,0,0,0,0
438674,Undergraduate students,96,8,88,0,0,0,0,0,0,66,6,60,1,0,1,0,0,0,29,2,27,0,0,0,0,0,0,0,0,0
438708,Total students enrolled for credit,912,304,608,2,1,1,0,0,0,23,12,11,17,10,7,0,0,0,861,278,583,9,3,6,0,0,0,0,0,0
438708,Undergraduate students,912,304,608,2,1,1,0,0,0,23,12,11,17,10,7,0,0,0,861,278,583,9,3,6,0,0,0,0,0,0
438735,Total students enrolled for credit,325,303,22,0,0,0,4,4,0,84,82,2,28,27,1,0,0,0,184,171,13,23,17,6,2,2,0,0,0,0
438735,Undergraduate students,325,303,22,0,0,0,4,4,0,84,82,2,28,27,1,0,0,0,184,171,13,23,17,6,2,2,0,0,0,0
438805,Total students enrolled for credit,618,173,445,4,2,2,3,1,2,111,31,80,303,64,239,0,0,0,170,62,108,10,2,8,17,11,6,0,0,0
438805,Undergraduate students,618,173,445,4,2,2,3,1,2,111,31,80,303,64,239,0,0,0,170,62,108,10,2,8,17,11,6,0,0,0
438869,Total students enrolled for credit,30,8,22,1,0,1,0,0,0,16,5,11,0,0,0,0,0,0,10,3,7,2,0,2,1,0,1,0,0,0
438869,Undergraduate students,30,8,22,1,0,1,0,0,0,16,5,11,0,0,0,0,0,0,10,3,7,2,0,2,1,0,1,0,0,0
438984,Total students enrolled for credit,181,69,112,0,0,0,0,0,0,0,0,0,181,69,112,0,0,0,0,0,0,0,0,0,0,0,0,0,0,0
438984,Undergraduate students,181,69,112,0,0,0,0,0,0,0,0,0,181,69,112,0,0,0,0,0,0,0,0,0,0,0,0,0,0,0
439020,Total students enrolled for credit,110,26,84,0,0,0,9,3,6,15,4,11,9,2,7,1,0,1,68,16,52,5,1,4,0,0,0,3,0,3
439020,Undergraduate students,24,5,19,0,0,0,2,1,1,1,0,1,0,0,0,0,0,0,16,4,12,3,0,3,0,0,0,2,0,2
439020,Graduate student,86,21,65,0,0,0,7,2,5,14,4,10,9,2,7,1,0,1,52,12,40,2,1,1,0,0,0,1,0,1
439057,Total students enrolled for credit,70,23,47,2,0,2,3,1,2,16,6,10,6,0,6,1,0,1,41,16,25,0,0,0,0,0,0,1,0,1
439057,Undergraduate students,37,16,21,0,0,0,2,1,1,9,4,5,4,0,4,1,0,1,21,11,10,0,0,0,0,0,0,0,0,0
439057,Graduate student,33,7,26,2,0,2,1,0,1,7,2,5,2,0,2,0,0,0,20,5,15,0,0,0,0,0,0,1,0,1
439118,Total students enrolled for credit,698,118,580,17,3,14,10,3,7,19,7,12,79,21,58,7,0,7,525,78,447,28,3,25,13,3,10,0,0,0
439118,Undergraduate students,698,118,580,17,3,14,10,3,7,19,7,12,79,21,58,7,0,7,525,78,447,28,3,25,13,3,10,0,0,0
439127,Total students enrolled for credit,299,20,279,0,0,0,3,0,3,87,6,81,99,4,95,2,0,2,97,7,90,6,2,4,5,1,4,0,0,0
439127,Undergraduate students,299,20,279,0,0,0,3,0,3,87,6,81,99,4,95,2,0,2,97,7,90,6,2,4,5,1,4,0,0,0
439145,Total students enrolled for credit,6821,2774,4047,79,29,50,372,166,206,384,164,220,748,318,430,82,32,50,3815,1509,2306,579,235,344,614,270,344,148,51,97
439145,Undergraduate students,6821,2774,4047,79,29,50,372,166,206,384,164,220,748,318,430,82,32,50,3815,1509,2306,579,235,344,614,270,344,148,51,97
439190,Total students enrolled for credit,4588,2411,2177,16,11,5,465,252,213,101,65,36,397,195,202,19,7,12,2400,1255,1145,423,213,210,388,211,177,379,202,177
439190,Undergraduate students,4588,2411,2177,16,11,5,465,252,213,101,65,36,397,195,202,19,7,12,2400,1255,1145,423,213,210,388,211,177,379,202,177
439288,Total students enrolled for credit,1518,605,913,15,3,12,34,14,20,142,63,79,311,115,196,1,0,1,817,339,478,107,43,64,72,21,51,19,7,12
439288,Undergraduate students,1468,582,886,15,3,12,33,13,20,138,62,76,306,112,194,1,0,1,781,322,459,105,42,63,70,21,49,19,7,12
439288,Graduate student,50,23,27,0,0,0,1,1,0,4,1,3,5,3,2,0,0,0,36,17,19,2,1,1,2,0,2,0,0,0
439297,Total students enrolled for credit,107,28,79,1,1,0,0,0,0,57,9,48,4,0,4,1,0,1,25,11,14,1,0,1,18,7,11,0,0,0
439297,Undergraduate students,103,27,76,1,1,0,0,0,0,54,8,46,4,0,4,1,0,1,25,11,14,1,0,1,17,7,10,0,0,0
439297,Graduate student,4,1,3,0,0,0,0,0,0,3,1,2,0,0,0,0,0,0,0,0,0,0,0,0,1,0,1,0,0,0
439367,Total students enrolled for credit,954,294,660,1,0,1,226,99,127,110,26,84,377,92,285,15,10,5,225,67,158,0,0,0,0,0,0,0,0,0
439367,Undergraduate students,954,294,660,1,0,1,226,99,127,110,26,84,377,92,285,15,10,5,225,67,158,0,0,0,0,0,0,0,0,0
439394,Total students enrolled for credit,181,48,133,2,1,1,14,3,11,20,8,12,19,3,16,0,0,0,110,28,82,8,2,6,8,3,5,0,0,0
439394,Undergraduate students,27,7,20,0,0,0,3,0,3,5,2,3,3,0,3,0,0,0,16,5,11,0,0,0,0,0,0,0,0,0
439394,Graduate student,154,41,113,2,1,1,11,3,8,15,6,9,16,3,13,0,0,0,94,23,71,8,2,6,8,3,5,0,0,0
439446,Total students enrolled for credit,194,58,136,0,0,0,19,7,12,11,5,6,67,18,49,0,0,0,86,25,61,0,0,0,0,0,0,11,3,8
439446,Undergraduate students,56,21,35,0,0,0,5,2,3,3,2,1,22,6,16,0,0,0,24,10,14,0,0,0,0,0,0,2,1,1
439446,Graduate student,138,37,101,0,0,0,14,5,9,8,3,5,45,12,33,0,0,0,62,15,47,0,0,0,0,0,0,9,2,7
439455,Total students enrolled for credit,417,20,397,0,0,0,2,0,2,393,19,374,13,1,12,0,0,0,7,0,7,2,0,2,0,0,0,0,0,0
439455,Undergraduate students,417,20,397,0,0,0,2,0,2,393,19,374,13,1,12,0,0,0,7,0,7,2,0,2,0,0,0,0,0,0
439473,Total students enrolled for credit,348,95,253,0,0,0,0,0,0,344,94,250,3,0,3,0,0,0,1,1,0,0,0,0,0,0,0,0,0,0
439473,Undergraduate students,348,95,253,0,0,0,0,0,0,344,94,250,3,0,3,0,0,0,1,1,0,0,0,0,0,0,0,0,0,0
439482,Total students enrolled for credit,338,21,317,0,0,0,1,0,1,273,18,255,1,0,1,0,0,0,62,3,59,0,0,0,1,0,1,0,0,0
439482,Undergraduate students,338,21,317,0,0,0,1,0,1,273,18,255,1,0,1,0,0,0,62,3,59,0,0,0,1,0,1,0,0,0
439491,Total students enrolled for credit,509,139,370,1,0,1,3,1,2,380,104,276,10,3,7,0,0,0,114,30,84,1,1,0,0,0,0,0,0,0
439491,Undergraduate students,509,139,370,1,0,1,3,1,2,380,104,276,10,3,7,0,0,0,114,30,84,1,1,0,0,0,0,0,0,0
439507,Total students enrolled for credit,181,28,153,2,0,2,7,0,7,43,8,35,89,15,74,0,0,0,32,1,31,2,2,0,6,2,4,0,0,0
439507,Undergraduate students,181,28,153,2,0,2,7,0,7,43,8,35,89,15,74,0,0,0,32,1,31,2,2,0,6,2,4,0,0,0
439570,Total students enrolled for credit,988,63,925,183,12,171,12,0,12,182,15,167,78,8,70,1,0,1,480,27,453,27,1,26,25,0,25,0,0,0
439570,Undergraduate students,988,63,925,183,12,171,12,0,12,182,15,167,78,8,70,1,0,1,480,27,453,27,1,26,25,0,25,0,0,0
439613,Total students enrolled for credit,292,159,133,0,0,0,32,30,2,175,84,91,6,4,2,0,0,0,67,35,32,0,0,0,6,0,6,6,6,0
439613,Undergraduate students,292,159,133,0,0,0,32,30,2,175,84,91,6,4,2,0,0,0,67,35,32,0,0,0,6,0,6,6,6,0
439622,Total students enrolled for credit,697,232,465,4,3,1,11,4,7,203,73,130,35,14,21,3,2,1,439,136,303,0,0,0,2,0,2,0,0,0
439622,Undergraduate students,697,232,465,4,3,1,11,4,7,203,73,130,35,14,21,3,2,1,439,136,303,0,0,0,2,0,2,0,0,0
439668,Total students enrolled for credit,298,270,28,9,6,3,2,1,1,35,33,2,116,104,12,2,2,0,131,121,10,0,0,0,3,3,0,0,0,0
439668,Undergraduate students,298,270,28,9,6,3,2,1,1,35,33,2,116,104,12,2,2,0,131,121,10,0,0,0,3,3,0,0,0,0
439686,Total students enrolled for credit,353,27,326,0,0,0,0,0,0,0,0,0,353,27,326,0,0,0,0,0,0,0,0,0,0,0,0,0,0,0
439686,Undergraduate students,353,27,326,0,0,0,0,0,0,0,0,0,353,27,326,0,0,0,0,0,0,0,0,0,0,0,0,0,0,0
439701,Total students enrolled for credit,851,416,435,5,2,3,32,22,10,120,52,68,118,51,67,4,2,2,524,262,262,39,20,19,9,5,4,0,0,0
439701,Undergraduate students,527,253,274,3,1,2,18,12,6,55,29,26,80,38,42,4,2,2,344,161,183,22,10,12,1,0,1,0,0,0
439701,Graduate student,324,163,161,2,1,1,14,10,4,65,23,42,38,13,25,0,0,0,180,101,79,17,10,7,8,5,3,0,0,0
439738,Total students enrolled for credit,524,111,413,1,0,1,2,2,0,423,93,330,6,1,5,1,0,1,89,14,75,2,1,1,0,0,0,0,0,0
439738,Undergraduate students,524,111,413,1,0,1,2,2,0,423,93,330,6,1,5,1,0,1,89,14,75,2,1,1,0,0,0,0,0,0
439747,Total students enrolled for credit,211,20,191,1,0,1,171,19,152,16,1,15,16,0,16,0,0,0,5,0,5,0,0,0,2,0,2,0,0,0
439747,Undergraduate students,211,20,191,1,0,1,171,19,152,16,1,15,16,0,16,0,0,0,5,0,5,0,0,0,2,0,2,0,0,0
439774,Total students enrolled for credit,67,10,57,0,0,0,0,0,0,0,0,0,67,10,57,0,0,0,0,0,0,0,0,0,0,0,0,0,0,0
439774,Undergraduate students,67,10,57,0,0,0,0,0,0,0,0,0,67,10,57,0,0,0,0,0,0,0,0,0,0,0,0,0,0,0
439783,Total students enrolled for credit,239,97,142,1,0,1,155,70,85,6,3,3,11,3,8,0,0,0,46,14,32,0,0,0,0,0,0,20,7,13
439783,Undergraduate students,109,42,67,1,0,1,72,30,42,2,1,1,3,1,2,0,0,0,21,6,15,0,0,0,0,0,0,10,4,6
439783,Graduate student,130,55,75,0,0,0,83,40,43,4,2,2,8,2,6,0,0,0,25,8,17,0,0,0,0,0,0,10,3,7
439792,Total students enrolled for credit,607,76,531,1,0,1,12,4,8,179,23,156,48,7,41,5,2,3,323,36,287,38,4,34,1,0,1,0,0,0
439792,Undergraduate students,607,76,531,1,0,1,12,4,8,179,23,156,48,7,41,5,2,3,323,36,287,38,4,34,1,0,1,0,0,0
439817,Total students enrolled for credit,163,89,74,0,0,0,1,1,0,52,18,34,8,7,1,0,0,0,90,57,33,2,0,2,2,1,1,8,5,3
439817,Graduate student,163,89,74,0,0,0,1,1,0,52,18,34,8,7,1,0,0,0,90,57,33,2,0,2,2,1,1,8,5,3
439844,Total students enrolled for credit,79,0,79,3,0,3,1,0,1,1,0,1,0,0,0,0,0,0,74,0,74,0,0,0,0,0,0,0,0,0
439844,Undergraduate students,79,0,79,3,0,3,1,0,1,1,0,1,0,0,0,0,0,0,74,0,74,0,0,0,0,0,0,0,0,0
439862,Total students enrolled for credit,86,48,38,0,0,0,3,2,1,1,1,0,0,0,0,74,40,34,7,4,3,0,0,0,0,0,0,1,1,0
439862,Undergraduate students,83,45,38,0,0,0,3,2,1,1,1,0,0,0,0,72,38,34,6,3,3,0,0,0,0,0,0,1,1,0
439862,Graduate student,3,3,0,0,0,0,0,0,0,0,0,0,0,0,0,2,2,0,1,1,0,0,0,0,0,0,0,0,0,0
439871,Total students enrolled for credit,114,9,105,0,0,0,9,1,8,7,0,7,83,4,79,0,0,0,15,4,11,0,0,0,0,0,0,0,0,0
439871,Undergraduate students,114,9,105,0,0,0,9,1,8,7,0,7,83,4,79,0,0,0,15,4,11,0,0,0,0,0,0,0,0,0
439899,Total students enrolled for credit,70,33,37,0,0,0,1,0,1,4,2,2,0,0,0,0,0,0,65,31,34,0,0,0,0,0,0,0,0,0
439899,Undergraduate students,70,33,37,0,0,0,1,0,1,4,2,2,0,0,0,0,0,0,65,31,34,0,0,0,0,0,0,0,0,0
439905,Total students enrolled for credit,549,63,486,2,1,1,18,6,12,112,9,103,372,34,338,7,3,4,21,7,14,14,2,12,3,1,2,0,0,0
439905,Undergraduate students,549,63,486,2,1,1,18,6,12,112,9,103,372,34,338,7,3,4,21,7,14,14,2,12,3,1,2,0,0,0
439914,Total students enrolled for credit,46,7,39,0,0,0,7,1,6,1,0,1,0,0,0,0,0,0,37,6,31,1,0,1,0,0,0,0,0,0
439914,Graduate student,46,7,39,0,0,0,7,1,6,1,0,1,0,0,0,0,0,0,37,6,31,1,0,1,0,0,0,0,0,0
439932,Total students enrolled for credit,27,4,23,4,2,2,0,0,0,3,1,2,2,0,2,0,0,0,18,1,17,0,0,0,0,0,0,0,0,0
439932,Undergraduate students,27,4,23,4,2,2,0,0,0,3,1,2,2,0,2,0,0,0,18,1,17,0,0,0,0,0,0,0,0,0
439969,Total students enrolled for credit,207,69,138,0,0,0,14,6,8,18,3,15,113,45,68,0,0,0,47,13,34,2,1,1,1,1,0,12,0,12
439969,Undergraduate students,80,29,51,0,0,0,2,1,1,10,1,9,45,19,26,0,0,0,20,7,13,1,1,0,0,0,0,2,0,2
439969,Graduate student,127,40,87,0,0,0,12,5,7,8,2,6,68,26,42,0,0,0,27,6,21,1,0,1,1,1,0,10,0,10
439978,Total students enrolled for credit,60,0,60,0,0,0,1,0,1,59,0,59,0,0,0,0,0,0,0,0,0,0,0,0,0,0,0,0,0,0
439978,Undergraduate students,60,0,60,0,0,0,1,0,1,59,0,59,0,0,0,0,0,0,0,0,0,0,0,0,0,0,0,0,0,0
439996,Total students enrolled for credit,133,36,97,9,1,8,1,1,0,6,4,2,58,12,46,0,0,0,50,14,36,9,4,5,0,0,0,0,0,0
439996,Undergraduate students,133,36,97,9,1,8,1,1,0,6,4,2,58,12,46,0,0,0,50,14,36,9,4,5,0,0,0,0,0,0
440004,Total students enrolled for credit,37,15,22,0,0,0,0,0,0,0,0,0,0,0,0,0,0,0,31,12,19,0,0,0,6,3,3,0,0,0
440004,Graduate student,37,15,22,0,0,0,0,0,0,0,0,0,0,0,0,0,0,0,31,12,19,0,0,0,6,3,3,0,0,0
440031,Total students enrolled for credit,583,251,332,1,0,1,216,105,111,36,14,22,65,30,35,5,2,3,123,53,70,29,16,13,15,7,8,93,24,69
440031,Graduate student,583,251,332,1,0,1,216,105,111,36,14,22,65,30,35,5,2,3,123,53,70,29,16,13,15,7,8,93,24,69
440059,Total students enrolled for credit,1290,1187,103,7,4,3,60,57,3,665,616,49,151,138,13,1,1,0,315,286,29,79,73,6,9,9,0,3,3,0
440059,Undergraduate students,1290,1187,103,7,4,3,60,57,3,665,616,49,151,138,13,1,1,0,315,286,29,79,73,6,9,9,0,3,3,0
440101,Total students enrolled for credit,266,10,256,1,0,1,0,0,0,190,9,181,25,0,25,0,0,0,21,1,20,5,0,5,24,0,24,0,0,0
440101,Undergraduate students,266,10,256,1,0,1,0,0,0,190,9,181,25,0,25,0,0,0,21,1,20,5,0,5,24,0,24,0,0,0
440174,Total students enrolled for credit,98,7,91,0,0,0,2,0,2,29,1,28,1,0,1,0,0,0,66,6,60,0,0,0,0,0,0,0,0,0
440174,Undergraduate students,98,7,91,0,0,0,2,0,2,29,1,28,1,0,1,0,0,0,66,6,60,0,0,0,0,0,0,0,0,0
440217,Total students enrolled for credit,34,4,30,0,0,0,0,0,0,0,0,0,0,0,0,0,0,0,34,4,30,0,0,0,0,0,0,0,0,0
440217,Undergraduate students,34,4,30,0,0,0,0,0,0,0,0,0,0,0,0,0,0,0,34,4,30,0,0,0,0,0,0,0,0,0
440226,Total students enrolled for credit,91,2,89,0,0,0,2,0,2,4,1,3,1,0,1,0,0,0,84,1,83,0,0,0,0,0,0,0,0,0
440226,Undergraduate students,91,2,89,0,0,0,2,0,2,4,1,3,1,0,1,0,0,0,84,1,83,0,0,0,0,0,0,0,0,0
440262,Total students enrolled for credit,697,679,18,4,4,0,20,20,0,353,345,8,258,250,8,5,5,0,30,30,0,2,0,2,25,25,0,0,0,0
440262,Undergraduate students,697,679,18,4,4,0,20,20,0,353,345,8,258,250,8,5,5,0,30,30,0,2,0,2,25,25,0,0,0,0
440271,Total students enrolled for credit,84,58,26,0,0,0,0,0,0,66,43,23,1,1,0,0,0,0,7,6,1,9,8,1,1,0,1,0,0,0
440271,Undergraduate students,84,58,26,0,0,0,0,0,0,66,43,23,1,1,0,0,0,0,7,6,1,9,8,1,1,0,1,0,0,0
440323,Total students enrolled for credit,281,27,254,1,0,1,2,0,2,136,13,123,33,4,29,0,0,0,87,5,82,1,0,1,21,5,16,0,0,0
440323,Undergraduate students,281,27,254,1,0,1,2,0,2,136,13,123,33,4,29,0,0,0,87,5,82,1,0,1,21,5,16,0,0,0
440332,Total students enrolled for credit,450,101,349,0,0,0,0,0,0,0,0,0,447,100,347,0,0,0,2,0,2,0,0,0,1,1,0,0,0,0
440332,Undergraduate students,450,101,349,0,0,0,0,0,0,0,0,0,447,100,347,0,0,0,2,0,2,0,0,0,1,1,0,0,0,0
440341,Total students enrolled for credit,925,538,387,9,4,5,30,18,12,490,286,204,143,83,60,7,2,5,166,100,66,0,0,0,60,38,22,20,7,13
440341,Undergraduate students,925,538,387,9,4,5,30,18,12,490,286,204,143,83,60,7,2,5,166,100,66,0,0,0,60,38,22,20,7,13
440396,Total students enrolled for credit,197,91,106,1,0,1,1,1,0,0,0,0,5,3,2,0,0,0,74,33,41,1,1,0,103,45,58,12,8,4
440396,Undergraduate students,156,68,88,1,0,1,1,1,0,0,0,0,4,3,1,0,0,0,64,27,37,1,1,0,74,29,45,11,7,4
440396,Graduate student,41,23,18,0,0,0,0,0,0,0,0,0,1,0,1,0,0,0,10,6,4,0,0,0,29,16,13,1,1,0
440402,Total students enrolled for credit,4943,2079,2864,9,7,2,19,11,8,743,254,489,217,91,126,3,2,1,3618,1544,2074,172,100,72,142,57,85,20,13,7
440402,Undergraduate students,4943,2079,2864,9,7,2,19,11,8,743,254,489,217,91,126,3,2,1,3618,1544,2074,172,100,72,142,57,85,20,13,7
440411,Total students enrolled for credit,114,50,64,0,0,0,6,4,2,6,4,2,7,4,3,0,0,0,83,33,50,0,0,0,12,5,7,0,0,0
440411,Undergraduate students,1,0,1,0,0,0,0,0,0,0,0,0,0,0,0,0,0,0,1,0,1,0,0,0,0,0,0,0,0,0
440411,Graduate student,113,50,63,0,0,0,6,4,2,6,4,2,7,4,3,0,0,0,82,33,49,0,0,0,12,5,7,0,0,0
440420,Total students enrolled for credit,72,50,22,1,1,0,2,1,1,13,5,8,5,3,2,0,0,0,28,23,5,4,3,1,18,14,4,1,0,1
440420,Undergraduate students,60,42,18,1,1,0,0,0,0,12,4,8,4,3,1,0,0,0,24,20,4,4,3,1,15,11,4,0,0,0
440420,Graduate student,12,8,4,0,0,0,2,1,1,1,1,0,1,0,1,0,0,0,4,3,1,0,0,0,3,3,0,1,0,1
440457,Total students enrolled for credit,60,19,41,0,0,0,2,0,2,18,3,15,1,1,0,0,0,0,29,11,18,1,1,0,9,3,6,0,0,0
440457,Undergraduate students,60,19,41,0,0,0,2,0,2,18,3,15,1,1,0,0,0,0,29,11,18,1,1,0,9,3,6,0,0,0
440466,Total students enrolled for credit,42,14,28,0,0,0,0,0,0,0,0,0,6,0,6,0,0,0,21,8,13,2,2,0,13,4,9,0,0,0
440466,Undergraduate students,42,14,28,0,0,0,0,0,0,0,0,0,6,0,6,0,0,0,21,8,13,2,2,0,13,4,9,0,0,0
440651,Total students enrolled for credit,1431,409,1022,0,0,0,0,0,0,0,0,0,1431,409,1022,0,0,0,0,0,0,0,0,0,0,0,0,0,0,0
440651,Undergraduate students,1431,409,1022,0,0,0,0,0,0,0,0,0,1431,409,1022,0,0,0,0,0,0,0,0,0,0,0,0,0,0,0
440721,Total students enrolled for credit,416,107,309,4,0,4,10,1,9,20,4,16,175,36,139,2,1,1,119,31,88,0,0,0,86,34,52,0,0,0
440721,Undergraduate students,416,107,309,4,0,4,10,1,9,20,4,16,175,36,139,2,1,1,119,31,88,0,0,0,86,34,52,0,0,0
440730,Total students enrolled for credit,787,342,445,5,2,3,12,4,8,124,38,86,14,6,8,1,0,1,616,285,331,13,7,6,2,0,2,0,0,0
440730,Undergraduate students,787,342,445,5,2,3,12,4,8,124,38,86,14,6,8,1,0,1,616,285,331,13,7,6,2,0,2,0,0,0
440749,Total students enrolled for credit,577,412,165,7,3,4,17,11,6,63,42,21,46,33,13,8,7,1,398,288,110,7,4,3,31,24,7,0,0,0
440749,Undergraduate students,577,412,165,7,3,4,17,11,6,63,42,21,46,33,13,8,7,1,398,288,110,7,4,3,31,24,7,0,0,0
440758,Total students enrolled for credit,296,99,197,42,12,30,5,1,4,18,8,10,106,35,71,0,0,0,106,38,68,8,3,5,11,2,9,0,0,0
440758,Undergraduate students,296,99,197,42,12,30,5,1,4,18,8,10,106,35,71,0,0,0,106,38,68,8,3,5,11,2,9,0,0,0
440767,Total students enrolled for credit,415,127,288,8,2,6,25,7,18,153,48,105,8,2,6,1,0,1,191,63,128,4,0,4,23,3,20,2,2,0
440767,Undergraduate students,415,127,288,8,2,6,25,7,18,153,48,105,8,2,6,1,0,1,191,63,128,4,0,4,23,3,20,2,2,0
440776,Total students enrolled for credit,34,9,25,0,0,0,0,0,0,0,0,0,32,8,24,0,0,0,2,1,1,0,0,0,0,0,0,0,0,0
440776,Undergraduate students,34,9,25,0,0,0,0,0,0,0,0,0,32,8,24,0,0,0,2,1,1,0,0,0,0,0,0,0,0,0
440794,Total students enrolled for credit,689,242,447,4,2,2,8,5,3,251,82,169,191,60,131,0,0,0,88,35,53,14,2,12,8,2,6,125,54,71
440794,Undergraduate students,689,242,447,4,2,2,8,5,3,251,82,169,191,60,131,0,0,0,88,35,53,14,2,12,8,2,6,125,54,71
440819,Total students enrolled for credit,109,53,56,0,0,0,15,9,6,3,2,1,9,1,8,0,0,0,47,25,22,0,0,0,2,1,1,33,15,18
440819,Undergraduate students,109,53,56,0,0,0,15,9,6,3,2,1,9,1,8,0,0,0,47,25,22,0,0,0,2,1,1,33,15,18
440828,Total students enrolled for credit,1393,620,773,11,3,8,25,14,11,7,5,2,109,44,65,4,2,2,1076,472,604,84,37,47,61,34,27,16,9,7
440828,Undergraduate students,1099,540,559,11,3,8,23,13,10,7,5,2,97,41,56,2,1,1,826,403,423,73,36,37,44,29,15,16,9,7
440828,Graduate student,294,80,214,0,0,0,2,1,1,0,0,0,12,3,9,2,1,1,250,69,181,11,1,10,17,5,12,0,0,0
440855,Total students enrolled for credit,185,9,176,3,0,3,2,0,2,19,1,18,103,3,100,2,1,1,48,2,46,8,2,6,0,0,0,0,0,0
440855,Undergraduate students,185,9,176,3,0,3,2,0,2,19,1,18,103,3,100,2,1,1,48,2,46,8,2,6,0,0,0,0,0,0
440873,Total students enrolled for credit,971,563,408,1,0,1,3,2,1,912,521,391,14,9,5,0,0,0,35,26,9,3,2,1,3,3,0,0,0,0
440873,Undergraduate students,971,563,408,1,0,1,3,2,1,912,521,391,14,9,5,0,0,0,35,26,9,3,2,1,3,3,0,0,0,0
440882,Total students enrolled for credit,198,145,53,7,5,2,3,2,1,34,30,4,6,4,2,0,0,0,55,39,16,3,3,0,90,62,28,0,0,0
440882,Undergraduate students,198,145,53,7,5,2,3,2,1,34,30,4,6,4,2,0,0,0,55,39,16,3,3,0,90,62,28,0,0,0
440891,Total students enrolled for credit,189,167,22,1,0,1,1,1,0,35,29,6,15,15,0,0,0,0,127,113,14,6,6,0,4,3,1,0,0,0
440891,Undergraduate students,189,167,22,1,0,1,1,1,0,35,29,6,15,15,0,0,0,0,127,113,14,6,6,0,4,3,1,0,0,0
440916,Total students enrolled for credit,565,248,317,4,3,1,4,2,2,324,111,213,12,5,7,0,0,0,192,112,80,23,11,12,6,4,2,0,0,0
440916,Graduate student,565,248,317,4,3,1,4,2,2,324,111,213,12,5,7,0,0,0,192,112,80,23,11,12,6,4,2,0,0,0
440952,Total students enrolled for credit,340,76,264,0,0,0,23,11,12,17,7,10,156,31,125,0,0,0,108,18,90,4,2,2,32,7,25,0,0,0
440952,Undergraduate students,340,76,264,0,0,0,23,11,12,17,7,10,156,31,125,0,0,0,108,18,90,4,2,2,32,7,25,0,0,0
440989,Total students enrolled for credit,862,719,143,0,0,0,2,2,0,645,534,111,179,153,26,1,0,1,35,30,5,0,0,0,0,0,0,0,0,0
440989,Undergraduate students,862,719,143,0,0,0,2,2,0,645,534,111,179,153,26,1,0,1,35,30,5,0,0,0,0,0,0,0,0,0
441016,Total students enrolled for credit,572,53,519,0,0,0,2,2,0,162,18,144,357,25,332,1,0,1,40,6,34,9,2,7,1,0,1,0,0,0
441016,Undergraduate students,572,53,519,0,0,0,2,2,0,162,18,144,357,25,332,1,0,1,40,6,34,9,2,7,1,0,1,0,0,0
441025,Total students enrolled for credit,1364,311,1053,2,0,2,5,1,4,937,202,735,28,9,19,1,0,1,337,83,254,18,4,14,36,12,24,0,0,0
441025,Undergraduate students,1364,311,1053,2,0,2,5,1,4,937,202,735,28,9,19,1,0,1,337,83,254,18,4,14,36,12,24,0,0,0
441052,Total students enrolled for credit,1634,416,1218,9,2,7,317,134,183,81,17,64,798,141,657,51,22,29,206,55,151,152,37,115,20,8,12,0,0,0
441052,Undergraduate students,1634,416,1218,9,2,7,317,134,183,81,17,64,798,141,657,51,22,29,206,55,151,152,37,115,20,8,12,0,0,0
441070,Total students enrolled for credit,219,84,135,165,60,105,0,0,0,7,6,1,6,4,2,1,1,0,37,12,25,3,1,2,0,0,0,0,0,0
441070,Undergraduate students,219,84,135,165,60,105,0,0,0,7,6,1,6,4,2,1,1,0,37,12,25,3,1,2,0,0,0,0,0,0
441089,Total students enrolled for credit,681,640,41,5,3,2,1,1,0,61,58,3,37,35,2,2,2,0,507,477,30,19,17,2,49,47,2,0,0,0
441089,Undergraduate students,681,640,41,5,3,2,1,1,0,61,58,3,37,35,2,2,2,0,507,477,30,19,17,2,49,47,2,0,0,0
441104,Total students enrolled for credit,301,68,233,1,0,1,1,0,1,55,6,49,16,2,14,0,0,0,219,53,166,0,0,0,9,7,2,0,0,0
441104,Graduate student,301,68,233,1,0,1,1,0,1,55,6,49,16,2,14,0,0,0,219,53,166,0,0,0,9,7,2,0,0,0
441131,Total students enrolled for credit,304,89,215,5,2,3,20,6,14,4,2,2,6,1,5,0,0,0,244,72,172,15,5,10,10,1,9,0,0,0
441131,Graduate student,304,89,215,5,2,3,20,6,14,4,2,2,6,1,5,0,0,0,244,72,172,15,5,10,10,1,9,0,0,0
441168,Total students enrolled for credit,91,7,84,2,1,1,1,0,1,1,0,1,22,2,20,0,0,0,60,3,57,0,0,0,5,1,4,0,0,0
441168,Undergraduate students,91,7,84,2,1,1,1,0,1,1,0,1,22,2,20,0,0,0,60,3,57,0,0,0,5,1,4,0,0,0
441210,Total students enrolled for credit,240,151,89,10,5,5,9,5,4,26,11,15,51,32,19,0,0,0,135,91,44,9,7,2,0,0,0,0,0,0
441210,Undergraduate students,240,151,89,10,5,5,9,5,4,26,11,15,51,32,19,0,0,0,135,91,44,9,7,2,0,0,0,0,0,0
441229,Total students enrolled for credit,1364,606,758,0,0,0,80,35,45,154,69,85,490,230,260,0,0,0,640,272,368,0,0,0,0,0,0,0,0,0
441229,Undergraduate students,1364,606,758,0,0,0,80,35,45,154,69,85,490,230,260,0,0,0,640,272,368,0,0,0,0,0,0,0,0,0
441238,Total students enrolled for credit,102,46,56,0,0,0,14,6,8,5,0,5,12,7,5,2,1,1,32,18,14,5,1,4,0,0,0,32,13,19
441238,Graduate student,102,46,56,0,0,0,14,6,8,5,0,5,12,7,5,2,1,1,32,18,14,5,1,4,0,0,0,32,13,19
441256,Total students enrolled for credit,168,4,164,0,0,0,9,0,9,13,0,13,42,1,41,0,0,0,101,3,98,0,0,0,3,0,3,0,0,0
441256,Undergraduate students,168,4,164,0,0,0,9,0,9,13,0,13,42,1,41,0,0,0,101,3,98,0,0,0,3,0,3,0,0,0
441308,Total students enrolled for credit,2316,657,1659,41,10,31,36,14,22,797,221,576,238,75,163,14,2,12,1023,312,711,55,10,45,108,12,96,4,1,3
441308,Graduate student,2316,657,1659,41,10,31,36,14,22,797,221,576,238,75,163,14,2,12,1023,312,711,55,10,45,108,12,96,4,1,3
441317,Total students enrolled for credit,21,3,18,0,0,0,1,0,1,7,1,6,0,0,0,0,0,0,9,1,8,1,0,1,3,1,2,0,0,0
441317,Undergraduate students,21,3,18,0,0,0,1,0,1,7,1,6,0,0,0,0,0,0,9,1,8,1,0,1,3,1,2,0,0,0
441362,Total students enrolled for credit,466,66,400,1,0,1,5,0,5,264,38,226,71,9,62,1,0,1,88,11,77,25,4,21,10,4,6,1,0,1
441362,Undergraduate students,466,66,400,1,0,1,5,0,5,264,38,226,71,9,62,1,0,1,88,11,77,25,4,21,10,4,6,1,0,1
441371,Total students enrolled for credit,490,46,444,4,0,4,4,1,3,189,10,179,51,7,44,0,0,0,163,18,145,26,0,26,53,10,43,0,0,0
441371,Undergraduate students,490,46,444,4,0,4,4,1,3,189,10,179,51,7,44,0,0,0,163,18,145,26,0,26,53,10,43,0,0,0
441380,Total students enrolled for credit,499,317,182,0,0,0,0,0,0,388,238,150,67,47,20,0,0,0,43,31,12,0,0,0,1,1,0,0,0,0
441380,Undergraduate students,499,317,182,0,0,0,0,0,0,388,238,150,67,47,20,0,0,0,43,31,12,0,0,0,1,1,0,0,0,0
441414,Total students enrolled for credit,410,148,262,0,0,0,3,0,3,7,0,7,266,90,176,0,0,0,10,3,7,0,0,0,0,0,0,124,55,69
441414,Undergraduate students,410,148,262,0,0,0,3,0,3,7,0,7,266,90,176,0,0,0,10,3,7,0,0,0,0,0,0,124,55,69
441423,Total students enrolled for credit,510,144,366,0,0,0,1,0,1,0,0,0,509,144,365,0,0,0,0,0,0,0,0,0,0,0,0,0,0,0
441423,Undergraduate students,510,144,366,0,0,0,1,0,1,0,0,0,509,144,365,0,0,0,0,0,0,0,0,0,0,0,0,0,0,0
441478,Total students enrolled for credit,316,224,92,0,0,0,16,10,6,96,59,37,34,26,8,0,0,0,164,124,40,0,0,0,0,0,0,6,5,1
441478,Undergraduate students,132,104,28,0,0,0,6,3,3,29,17,12,13,11,2,0,0,0,81,71,10,0,0,0,0,0,0,3,2,1
441478,Graduate student,184,120,64,0,0,0,10,7,3,67,42,25,21,15,6,0,0,0,83,53,30,0,0,0,0,0,0,3,3,0
441487,Total students enrolled for credit,74,4,70,1,0,1,0,0,0,1,0,1,0,0,0,0,0,0,72,4,68,0,0,0,0,0,0,0,0,0
441487,Undergraduate students,74,4,70,1,0,1,0,0,0,1,0,1,0,0,0,0,0,0,72,4,68,0,0,0,0,0,0,0,0,0
441496,Total students enrolled for credit,323,287,36,7,6,1,6,4,2,98,79,19,25,24,1,3,3,0,162,152,10,16,13,3,6,6,0,0,0,0
441496,Undergraduate students,323,287,36,7,6,1,6,4,2,98,79,19,25,24,1,3,3,0,162,152,10,16,13,3,6,6,0,0,0,0
441502,Total students enrolled for credit,589,65,524,2,1,1,5,0,5,273,31,242,12,1,11,0,0,0,284,30,254,11,2,9,2,0,2,0,0,0
441502,Undergraduate students,589,65,524,2,1,1,5,0,5,273,31,242,12,1,11,0,0,0,284,30,254,11,2,9,2,0,2,0,0,0
441511,Total students enrolled for credit,1172,418,754,2,1,1,0,0,0,469,162,307,4,3,1,0,0,0,10,4,6,3,2,1,684,246,438,0,0,0
441511,Undergraduate students,891,326,565,1,0,1,0,0,0,404,144,260,3,2,1,0,0,0,7,3,4,2,2,0,474,175,299,0,0,0
441511,Graduate student,281,92,189,1,1,0,0,0,0,65,18,47,1,1,0,0,0,0,3,1,2,1,0,1,210,71,139,0,0,0
441548,Total students enrolled for credit,112,37,75,1,0,1,8,4,4,17,7,10,11,3,8,1,1,0,66,19,47,5,2,3,3,1,2,0,0,0
441548,Undergraduate students,112,37,75,1,0,1,8,4,4,17,7,10,11,3,8,1,1,0,66,19,47,5,2,3,3,1,2,0,0,0
441575,Total students enrolled for credit,924,111,813,0,0,0,446,50,396,4,0,4,352,54,298,0,0,0,122,7,115,0,0,0,0,0,0,0,0,0
441575,Undergraduate students,924,111,813,0,0,0,446,50,396,4,0,4,352,54,298,0,0,0,122,7,115,0,0,0,0,0,0,0,0,0
441593,Total students enrolled for credit,67,2,65,3,0,3,0,0,0,10,0,10,1,0,1,0,0,0,50,2,48,3,0,3,0,0,0,0,0,0
441593,Undergraduate students,67,2,65,3,0,3,0,0,0,10,0,10,1,0,1,0,0,0,50,2,48,3,0,3,0,0,0,0,0,0
441609,Total students enrolled for credit,159,159,0,0,0,0,0,0,0,0,0,0,0,0,0,0,0,0,153,153,0,0,0,0,0,0,0,6,6,0
441609,Undergraduate students,159,159,0,0,0,0,0,0,0,0,0,0,0,0,0,0,0,0,153,153,0,0,0,0,0,0,0,6,6,0
441618,Total students enrolled for credit,39,3,36,0,0,0,2,1,1,1,0,1,0,0,0,0,0,0,34,2,32,0,0,0,0,0,0,2,0,2
441618,Undergraduate students,39,3,36,0,0,0,2,1,1,1,0,1,0,0,0,0,0,0,34,2,32,0,0,0,0,0,0,2,0,2
441636,Total students enrolled for credit,539,107,432,1,0,1,11,5,6,352,77,275,10,2,8,0,0,0,132,20,112,8,0,8,25,3,22,0,0,0
441636,Undergraduate students,539,107,432,1,0,1,11,5,6,352,77,275,10,2,8,0,0,0,132,20,112,8,0,8,25,3,22,0,0,0
441645,Total students enrolled for credit,227,5,222,0,0,0,1,0,1,34,0,34,5,1,4,1,0,1,171,4,167,12,0,12,3,0,3,0,0,0
441645,Undergraduate students,227,5,222,0,0,0,1,0,1,34,0,34,5,1,4,1,0,1,171,4,167,12,0,12,3,0,3,0,0,0
441663,Total students enrolled for credit,496,79,417,7,2,5,4,3,1,3,1,2,104,10,94,1,0,1,244,37,207,13,2,11,120,24,96,0,0,0
441663,Undergraduate students,496,79,417,7,2,5,4,3,1,3,1,2,104,10,94,1,0,1,244,37,207,13,2,11,120,24,96,0,0,0
441672,Total students enrolled for credit,74,5,69,0,0,0,0,0,0,0,0,0,0,0,0,0,0,0,74,5,69,0,0,0,0,0,0,0,0,0
441672,Undergraduate students,74,5,69,0,0,0,0,0,0,0,0,0,0,0,0,0,0,0,74,5,69,0,0,0,0,0,0,0,0,0
441690,Total students enrolled for credit,381,223,158,0,0,0,0,0,0,0,0,0,381,223,158,0,0,0,0,0,0,0,0,0,0,0,0,0,0,0
441690,Undergraduate students,346,205,141,0,0,0,0,0,0,0,0,0,346,205,141,0,0,0,0,0,0,0,0,0,0,0,0,0,0,0
441690,Graduate student,35,18,17,0,0,0,0,0,0,0,0,0,35,18,17,0,0,0,0,0,0,0,0,0,0,0,0,0,0,0
441706,Total students enrolled for credit,156,83,73,0,0,0,0,0,0,0,0,0,156,83,73,0,0,0,0,0,0,0,0,0,0,0,0,0,0,0
441706,Undergraduate students,156,83,73,0,0,0,0,0,0,0,0,0,156,83,73,0,0,0,0,0,0,0,0,0,0,0,0,0,0,0
441742,Total students enrolled for credit,1380,177,1203,9,2,7,18,6,12,742,91,651,335,39,296,6,1,5,228,33,195,34,3,31,8,2,6,0,0,0
441742,Undergraduate students,1380,177,1203,9,2,7,18,6,12,742,91,651,335,39,296,6,1,5,228,33,195,34,3,31,8,2,6,0,0,0
441760,Total students enrolled for credit,3595,1908,1687,21,13,8,122,76,46,961,433,528,606,299,307,1,0,1,1807,1045,762,49,27,22,28,15,13,0,0,0
441760,Undergraduate students,3595,1908,1687,21,13,8,122,76,46,961,433,528,606,299,307,1,0,1,1807,1045,762,49,27,22,28,15,13,0,0,0
441779,Total students enrolled for credit,112,3,109,0,0,0,0,0,0,111,3,108,1,0,1,0,0,0,0,0,0,0,0,0,0,0,0,0,0,0
441779,Undergraduate students,112,3,109,0,0,0,0,0,0,111,3,108,1,0,1,0,0,0,0,0,0,0,0,0,0,0,0,0,0,0
441788,Total students enrolled for credit,945,881,64,4,4,0,57,56,1,281,252,29,225,213,12,8,8,0,294,280,14,61,54,7,15,14,1,0,0,0
441788,Undergraduate students,945,881,64,4,4,0,57,56,1,281,252,29,225,213,12,8,8,0,294,280,14,61,54,7,15,14,1,0,0,0
441830,Total students enrolled for credit,105,22,83,1,0,1,0,0,0,1,0,1,16,4,12,0,0,0,86,18,68,0,0,0,1,0,1,0,0,0
441830,Undergraduate students,105,22,83,1,0,1,0,0,0,1,0,1,16,4,12,0,0,0,86,18,68,0,0,0,1,0,1,0,0,0
441858,Total students enrolled for credit,285,19,266,0,0,0,2,0,2,88,4,84,14,1,13,0,0,0,173,13,160,7,1,6,1,0,1,0,0,0
441858,Undergraduate students,285,19,266,0,0,0,2,0,2,88,4,84,14,1,13,0,0,0,173,13,160,7,1,6,1,0,1,0,0,0
441876,Total students enrolled for credit,353,10,343,2,0,2,8,0,8,83,1,82,17,0,17,2,0,2,218,8,210,23,1,22,0,0,0,0,0,0
441876,Undergraduate students,353,10,343,2,0,2,8,0,8,83,1,82,17,0,17,2,0,2,218,8,210,23,1,22,0,0,0,0,0,0
441900,Total students enrolled for credit,5097,1256,3841,36,4,32,606,146,460,460,119,341,1419,328,1091,83,30,53,1873,474,1399,305,80,225,314,75,239,1,0,1
441900,Undergraduate students,5097,1256,3841,36,4,32,606,146,460,460,119,341,1419,328,1091,83,30,53,1873,474,1399,305,80,225,314,75,239,1,0,1
441919,Total students enrolled for credit,704,153,551,1,1,0,2,0,2,549,118,431,18,2,16,0,0,0,49,17,32,17,1,16,68,14,54,0,0,0
441919,Undergraduate students,704,153,551,1,1,0,2,0,2,549,118,431,18,2,16,0,0,0,49,17,32,17,1,16,68,14,54,0,0,0
441928,Total students enrolled for credit,936,146,790,2,1,1,20,6,14,164,29,135,436,62,374,1,0,1,215,30,185,21,4,17,77,14,63,0,0,0
441928,Undergraduate students,936,146,790,2,1,1,20,6,14,164,29,135,436,62,374,1,0,1,215,30,185,21,4,17,77,14,63,0,0,0
441937,Total students enrolled for credit,7161,2537,4624,24,10,14,394,162,232,162,51,111,3439,1022,2417,9,4,5,2144,876,1268,357,141,216,482,223,259,150,48,102
441937,Undergraduate students,6851,2455,4396,24,10,14,380,157,223,160,50,110,3327,999,2328,8,4,4,2010,839,1171,347,140,207,448,208,240,147,48,99
441937,Graduate student,310,82,228,0,0,0,14,5,9,2,1,1,112,23,89,1,0,1,134,37,97,10,1,9,34,15,19,3,0,3
441973,Total students enrolled for credit,989,543,446,3,2,1,55,35,20,19,12,7,365,201,164,6,5,1,170,89,81,31,14,17,294,163,131,46,22,24
441973,Undergraduate students,989,543,446,3,2,1,55,35,20,19,12,7,365,201,164,6,5,1,170,89,81,31,14,17,294,163,131,46,22,24
441982,Total students enrolled for credit,412,206,206,1,0,1,49,26,23,5,2,3,22,10,12,0,0,0,191,93,98,24,15,9,67,28,39,53,32,21
441982,Undergraduate students,412,206,206,1,0,1,49,26,23,5,2,3,22,10,12,0,0,0,191,93,98,24,15,9,67,28,39,53,32,21
442064,Total students enrolled for credit,77,21,56,0,0,0,11,4,7,6,1,5,1,0,1,1,0,1,50,13,37,3,1,2,0,0,0,5,2,3
442064,Graduate student,77,21,56,0,0,0,11,4,7,6,1,5,1,0,1,1,0,1,50,13,37,3,1,2,0,0,0,5,2,3
442073,Total students enrolled for credit,768,259,509,0,0,0,26,10,16,276,54,222,276,119,157,2,1,1,155,66,89,20,6,14,13,3,10,0,0,0
442073,Undergraduate students,768,259,509,0,0,0,26,10,16,276,54,222,276,119,157,2,1,1,155,66,89,20,6,14,13,3,10,0,0,0
442134,Total students enrolled for credit,779,71,708,11,3,8,12,0,12,63,8,55,214,18,196,2,1,1,425,33,392,43,7,36,9,1,8,0,0,0
442134,Undergraduate students,779,71,708,11,3,8,12,0,12,63,8,55,214,18,196,2,1,1,425,33,392,43,7,36,9,1,8,0,0,0
442161,Total students enrolled for credit,388,167,221,1,1,0,2,2,0,154,43,111,53,21,32,1,0,1,46,28,18,6,4,2,121,66,55,4,2,2
442161,Undergraduate students,343,143,200,1,1,0,1,1,0,128,33,95,49,18,31,1,0,1,44,26,18,4,2,2,111,60,51,4,2,2
442161,Graduate student,45,24,21,0,0,0,1,1,0,26,10,16,4,3,1,0,0,0,2,2,0,2,2,0,10,6,4,0,0,0
442204,Total students enrolled for credit,125,24,101,0,0,0,6,1,5,4,0,4,108,19,89,0,0,0,4,2,2,0,0,0,1,1,0,2,1,1
442204,Undergraduate students,125,24,101,0,0,0,6,1,5,4,0,4,108,19,89,0,0,0,4,2,2,0,0,0,1,1,0,2,1,1
442213,Total students enrolled for credit,76,0,76,0,0,0,1,0,1,11,0,11,1,0,1,0,0,0,54,0,54,0,0,0,0,0,0,9,0,9
442213,Undergraduate students,76,0,76,0,0,0,1,0,1,11,0,11,1,0,1,0,0,0,54,0,54,0,0,0,0,0,0,9,0,9
442222,Total students enrolled for credit,583,174,409,7,1,6,13,3,10,333,101,232,69,15,54,1,1,0,140,45,95,0,0,0,8,3,5,12,5,7
442222,Undergraduate students,387,121,266,6,1,5,9,1,8,215,72,143,54,13,41,0,0,0,92,28,64,0,0,0,5,3,2,6,3,3
442222,Graduate student,196,53,143,1,0,1,4,2,2,118,29,89,15,2,13,1,1,0,48,17,31,0,0,0,3,0,3,6,2,4
442240,Total students enrolled for credit,434,80,354,0,0,0,26,3,23,16,2,14,153,34,119,1,0,1,215,37,178,7,0,7,14,4,10,2,0,2
442240,Undergraduate students,434,80,354,0,0,0,26,3,23,16,2,14,153,34,119,1,0,1,215,37,178,7,0,7,14,4,10,2,0,2
442295,Total students enrolled for credit,267,125,142,5,3,2,2,1,1,17,6,11,56,20,36,0,0,0,168,87,81,0,0,0,14,6,8,5,2,3
442295,Graduate student,267,125,142,5,3,2,2,1,1,17,6,11,56,20,36,0,0,0,168,87,81,0,0,0,14,6,8,5,2,3
442329,Total students enrolled for credit,1628,1537,91,9,8,1,7,7,0,567,536,31,147,141,6,1,1,0,807,763,44,63,58,5,27,23,4,0,0,0
442329,Undergraduate students,1628,1537,91,9,8,1,7,7,0,567,536,31,147,141,6,1,1,0,807,763,44,63,58,5,27,23,4,0,0,0
442356,Total students enrolled for credit,2075,294,1781,1,0,1,46,10,36,107,25,82,142,15,127,0,0,0,1630,224,1406,38,5,33,111,15,96,0,0,0
442356,Undergraduate students,1950,273,1677,1,0,1,42,8,34,104,24,80,138,15,123,0,0,0,1524,208,1316,37,5,32,104,13,91,0,0,0
442356,Graduate student,125,21,104,0,0,0,4,2,2,3,1,2,4,0,4,0,0,0,106,16,90,1,0,1,7,2,5,0,0,0
442383,Total students enrolled for credit,253,37,216,0,0,0,0,0,0,2,1,1,3,1,2,0,0,0,248,35,213,0,0,0,0,0,0,0,0,0
442383,Undergraduate students,253,37,216,0,0,0,0,0,0,2,1,1,3,1,2,0,0,0,248,35,213,0,0,0,0,0,0,0,0,0
442392,Total students enrolled for credit,172,45,127,2,1,1,1,0,1,42,12,30,8,2,6,1,0,1,70,18,52,1,0,1,45,11,34,2,1,1
442392,Graduate student,172,45,127,2,1,1,1,0,1,42,12,30,8,2,6,1,0,1,70,18,52,1,0,1,45,11,34,2,1,1
442408,Total students enrolled for credit,233,205,28,3,2,1,0,0,0,136,119,17,11,9,2,0,0,0,57,52,5,5,5,0,21,18,3,0,0,0
442408,Undergraduate students,233,205,28,3,2,1,0,0,0,136,119,17,11,9,2,0,0,0,57,52,5,5,5,0,21,18,3,0,0,0
442426,Total students enrolled for credit,682,55,627,2,0,2,6,1,5,288,18,270,10,0,10,0,0,0,354,33,321,4,1,3,18,2,16,0,0,0
442426,Undergraduate students,682,55,627,2,0,2,6,1,5,288,18,270,10,0,10,0,0,0,354,33,321,4,1,3,18,2,16,0,0,0
442435,Total students enrolled for credit,115,32,83,0,0,0,9,5,4,21,8,13,69,17,52,0,0,0,16,2,14,0,0,0,0,0,0,0,0,0
442435,Undergraduate students,115,32,83,0,0,0,9,5,4,21,8,13,69,17,52,0,0,0,16,2,14,0,0,0,0,0,0,0,0,0
442523,Total students enrolled for credit,101,42,59,88,35,53,0,0,0,0,0,0,1,1,0,1,1,0,8,5,3,0,0,0,3,0,3,0,0,0
442523,Undergraduate students,101,42,59,88,35,53,0,0,0,0,0,0,1,1,0,1,1,0,8,5,3,0,0,0,3,0,3,0,0,0
442569,Total students enrolled for credit,14384,7549,6835,91,59,32,231,145,86,7003,2678,4325,827,555,272,70,36,34,5139,3504,1635,491,261,230,529,309,220,3,2,1
442569,Undergraduate students,12156,6304,5852,73,48,25,142,93,49,6207,2318,3889,660,439,221,57,31,26,4168,2893,1275,415,226,189,432,255,177,2,1,1
442569,Graduate student,2228,1245,983,18,11,7,89,52,37,796,360,436,167,116,51,13,5,8,971,611,360,76,35,41,97,54,43,1,1,0
442602,Total students enrolled for credit,705,111,594,205,30,175,8,1,7,14,5,9,354,48,306,1,1,0,111,21,90,7,2,5,5,3,2,0,0,0
442602,Undergraduate students,705,111,594,205,30,175,8,1,7,14,5,9,354,48,306,1,1,0,111,21,90,7,2,5,5,3,2,0,0,0
442611,Total students enrolled for credit,1722,1642,80,8,8,0,29,28,1,355,343,12,161,156,5,1,1,0,1030,981,49,114,104,10,24,21,3,0,0,0
442611,Undergraduate students,1722,1642,80,8,8,0,29,28,1,355,343,12,161,156,5,1,1,0,1030,981,49,114,104,10,24,21,3,0,0,0
442620,Total students enrolled for credit,361,61,300,5,1,4,10,4,6,5,1,4,104,17,87,10,2,8,147,26,121,17,2,15,63,8,55,0,0,0
442620,Undergraduate students,361,61,300,5,1,4,10,4,6,5,1,4,104,17,87,10,2,8,147,26,121,17,2,15,63,8,55,0,0,0
442639,Total students enrolled for credit,215,153,62,2,1,1,6,2,4,12,5,7,2,2,0,0,0,0,6,4,2,1,0,1,1,0,1,185,139,46
442639,Undergraduate students,54,43,11,1,0,1,1,0,1,5,1,4,2,2,0,0,0,0,4,2,2,1,0,1,1,0,1,39,38,1
442639,Graduate student,161,110,51,1,1,0,5,2,3,7,4,3,0,0,0,0,0,0,2,2,0,0,0,0,0,0,0,146,101,45
442657,Total students enrolled for credit,295,52,243,2,0,2,1,0,1,7,0,7,258,45,213,0,0,0,23,3,20,0,0,0,4,4,0,0,0,0
442657,Undergraduate students,295,52,243,2,0,2,1,0,1,7,0,7,258,45,213,0,0,0,23,3,20,0,0,0,4,4,0,0,0,0
442718,Total students enrolled for credit,496,85,411,3,0,3,11,4,7,133,25,108,48,10,38,1,0,1,262,43,219,10,1,9,28,2,26,0,0,0
442718,Undergraduate students,496,85,411,3,0,3,11,4,7,133,25,108,48,10,38,1,0,1,262,43,219,10,1,9,28,2,26,0,0,0
442727,Total students enrolled for credit,346,113,233,0,0,0,1,1,0,60,28,32,171,52,119,1,1,0,81,22,59,17,5,12,15,4,11,0,0,0
442727,Undergraduate students,346,113,233,0,0,0,1,1,0,60,28,32,171,52,119,1,1,0,81,22,59,17,5,12,15,4,11,0,0,0
442781,Total students enrolled for credit,425,167,258,384,141,243,0,0,0,10,9,1,13,6,7,0,0,0,14,9,5,4,2,2,0,0,0,0,0,0
442781,Undergraduate students,425,167,258,384,141,243,0,0,0,10,9,1,13,6,7,0,0,0,14,9,5,4,2,2,0,0,0,0,0,0
442806,Total students enrolled for credit,1810,884,926,14,7,7,289,131,158,111,37,74,135,51,84,4,1,3,1239,647,592,0,0,0,17,10,7,1,0,1
442806,Graduate student,1810,884,926,14,7,7,289,131,158,111,37,74,135,51,84,4,1,3,1239,647,592,0,0,0,17,10,7,1,0,1
442815,Total students enrolled for credit,628,117,511,4,3,1,39,9,30,223,51,172,226,31,195,1,1,0,123,22,101,3,0,3,9,0,9,0,0,0
442815,Undergraduate students,628,117,511,4,3,1,39,9,30,223,51,172,226,31,195,1,1,0,123,22,101,3,0,3,9,0,9,0,0,0
442842,Total students enrolled for credit,260,59,201,0,0,0,18,2,16,36,8,28,33,12,21,1,0,1,133,28,105,21,7,14,18,2,16,0,0,0
442842,Undergraduate students,88,38,50,0,0,0,3,0,3,19,4,15,20,8,12,0,0,0,33,18,15,6,6,0,7,2,5,0,0,0
442842,Graduate student,172,21,151,0,0,0,15,2,13,17,4,13,13,4,9,1,0,1,100,10,90,15,1,14,11,0,11,0,0,0
442879,Total students enrolled for credit,1363,131,1232,27,2,25,18,4,14,92,7,85,193,24,169,12,2,10,917,85,832,18,1,17,85,6,79,1,0,1
442879,Undergraduate students,1363,131,1232,27,2,25,18,4,14,92,7,85,193,24,169,12,2,10,917,85,832,18,1,17,85,6,79,1,0,1
442888,Total students enrolled for credit,280,219,61,3,2,1,10,10,0,50,32,18,146,131,15,3,2,1,63,37,26,0,0,0,5,5,0,0,0,0
442888,Undergraduate students,280,219,61,3,2,1,10,10,0,50,32,18,146,131,15,3,2,1,63,37,26,0,0,0,5,5,0,0,0,0
442897,Total students enrolled for credit,151,38,113,0,0,0,3,1,2,31,7,24,11,5,6,0,0,0,75,18,57,5,0,5,26,7,19,0,0,0
442897,Undergraduate students,132,33,99,0,0,0,3,1,2,23,6,17,11,5,6,0,0,0,68,15,53,5,0,5,22,6,16,0,0,0
442897,Graduate student,19,5,14,0,0,0,0,0,0,8,1,7,0,0,0,0,0,0,7,3,4,0,0,0,4,1,3,0,0,0
442930,Total students enrolled for credit,1329,524,805,8,3,5,36,16,20,299,87,212,559,238,321,3,1,2,280,127,153,108,43,65,36,9,27,0,0,0
442930,Undergraduate students,1270,491,779,8,3,5,35,16,19,289,83,206,537,224,313,3,1,2,263,115,148,102,41,61,33,8,25,0,0,0
442930,Graduate student,59,33,26,0,0,0,1,0,1,10,4,6,22,14,8,0,0,0,17,12,5,6,2,4,3,1,2,0,0,0
442949,Total students enrolled for credit,84,0,84,1,0,1,0,0,0,1,0,1,3,0,3,0,0,0,64,0,64,7,0,7,8,0,8,0,0,0
442949,Undergraduate students,84,0,84,1,0,1,0,0,0,1,0,1,3,0,3,0,0,0,64,0,64,7,0,7,8,0,8,0,0,0
442967,Total students enrolled for credit,183,28,155,26,2,24,1,0,1,3,1,2,107,15,92,0,0,0,35,8,27,4,1,3,7,1,6,0,0,0
442967,Undergraduate students,183,28,155,26,2,24,1,0,1,3,1,2,107,15,92,0,0,0,35,8,27,4,1,3,7,1,6,0,0,0
442976,Total students enrolled for credit,209,33,176,0,0,0,1,0,1,55,7,48,9,1,8,1,0,1,137,24,113,5,1,4,1,0,1,0,0,0
442976,Undergraduate students,209,33,176,0,0,0,1,0,1,55,7,48,9,1,8,1,0,1,137,24,113,5,1,4,1,0,1,0,0,0
442985,Total students enrolled for credit,308,83,225,0,0,0,34,15,19,59,15,44,171,41,130,2,0,2,23,7,16,8,2,6,11,3,8,0,0,0
442985,Undergraduate students,308,83,225,0,0,0,34,15,19,59,15,44,171,41,130,2,0,2,23,7,16,8,2,6,11,3,8,0,0,0
443021,Total students enrolled for credit,154,136,18,0,0,0,1,1,0,135,118,17,16,15,1,0,0,0,2,2,0,0,0,0,0,0,0,0,0,0
443021,Undergraduate students,154,136,18,0,0,0,1,1,0,135,118,17,16,15,1,0,0,0,2,2,0,0,0,0,0,0,0,0,0,0
443030,Total students enrolled for credit,75,14,61,0,0,0,11,4,7,2,1,1,4,1,3,0,0,0,50,6,44,0,0,0,8,2,6,0,0,0
443030,Graduate student,75,14,61,0,0,0,11,4,7,2,1,1,4,1,3,0,0,0,50,6,44,0,0,0,8,2,6,0,0,0
443049,Total students enrolled for credit,591,353,238,11,11,0,122,39,83,200,141,59,18,13,5,3,2,1,141,93,48,14,9,5,41,22,19,41,23,18
443049,Undergraduate students,284,157,127,2,2,0,74,19,55,93,65,28,6,4,2,1,0,1,73,48,25,7,5,2,19,10,9,9,4,5
443049,Graduate student,307,196,111,9,9,0,48,20,28,107,76,31,12,9,3,2,2,0,68,45,23,7,4,3,22,12,10,32,19,13
443058,Total students enrolled for credit,107,48,59,6,3,3,2,0,2,11,3,8,6,3,3,0,0,0,66,31,35,1,0,1,1,0,1,14,8,6
443058,Undergraduate students,55,27,28,5,3,2,0,0,0,3,0,3,4,2,2,0,0,0,32,16,16,1,0,1,1,0,1,9,6,3
443058,Graduate student,52,21,31,1,0,1,2,0,2,8,3,5,2,1,1,0,0,0,34,15,19,0,0,0,0,0,0,5,2,3
443076,Total students enrolled for credit,162,86,76,0,0,0,0,0,0,131,65,66,2,2,0,0,0,0,27,19,8,2,0,2,0,0,0,0,0,0
443076,Graduate student,162,86,76,0,0,0,0,0,0,131,65,66,2,2,0,0,0,0,27,19,8,2,0,2,0,0,0,0,0,0
443100,Total students enrolled for credit,233,93,140,0,0,0,0,0,0,0,0,0,233,93,140,0,0,0,0,0,0,0,0,0,0,0,0,0,0,0
443100,Undergraduate students,233,93,140,0,0,0,0,0,0,0,0,0,233,93,140,0,0,0,0,0,0,0,0,0,0,0,0,0,0,0
443128,Total students enrolled for credit,1517,711,806,0,0,0,0,0,0,0,0,0,0,0,0,0,0,0,0,0,0,0,0,0,25,10,15,1492,701,791
443128,Graduate student,1517,711,806,0,0,0,0,0,0,0,0,0,0,0,0,0,0,0,0,0,0,0,0,0,25,10,15,1492,701,791
443137,Total students enrolled for credit,269,76,193,0,0,0,1,1,0,61,13,48,7,0,7,4,2,2,131,22,109,9,2,7,56,36,20,0,0,0
443137,Undergraduate students,269,76,193,0,0,0,1,1,0,61,13,48,7,0,7,4,2,2,131,22,109,9,2,7,56,36,20,0,0,0
443146,Total students enrolled for credit,272,185,87,0,0,0,0,0,0,245,165,80,23,16,7,0,0,0,4,4,0,0,0,0,0,0,0,0,0,0
443146,Undergraduate students,272,185,87,0,0,0,0,0,0,245,165,80,23,16,7,0,0,0,4,4,0,0,0,0,0,0,0,0,0,0
443173,Total students enrolled for credit,31,2,29,0,0,0,0,0,0,2,0,2,1,1,0,0,0,0,25,1,24,3,0,3,0,0,0,0,0,0
443173,Undergraduate students,31,2,29,0,0,0,0,0,0,2,0,2,1,1,0,0,0,0,25,1,24,3,0,3,0,0,0,0,0,0
443207,Total students enrolled for credit,631,597,34,2,1,1,64,61,3,19,19,0,331,314,17,13,13,0,58,54,4,0,0,0,144,135,9,0,0,0
443207,Undergraduate students,631,597,34,2,1,1,64,61,3,19,19,0,331,314,17,13,13,0,58,54,4,0,0,0,144,135,9,0,0,0
443216,Total students enrolled for credit,276,248,28,0,0,0,33,30,3,79,70,9,102,92,10,0,0,0,44,39,5,0,0,0,18,17,1,0,0,0
443216,Undergraduate students,276,248,28,0,0,0,33,30,3,79,70,9,102,92,10,0,0,0,44,39,5,0,0,0,18,17,1,0,0,0
443225,Total students enrolled for credit,158,146,12,0,0,0,21,16,5,44,40,4,47,46,1,0,0,0,41,40,1,4,3,1,1,1,0,0,0,0
443225,Undergraduate students,158,146,12,0,0,0,21,16,5,44,40,4,47,46,1,0,0,0,41,40,1,4,3,1,1,1,0,0,0,0
443234,Total students enrolled for credit,389,42,347,2,1,1,1,1,0,206,18,188,66,10,56,0,0,0,32,4,28,4,2,2,78,6,72,0,0,0
443234,Undergraduate students,389,42,347,2,1,1,1,1,0,206,18,188,66,10,56,0,0,0,32,4,28,4,2,2,78,6,72,0,0,0
443252,Total students enrolled for credit,1472,1260,212,0,0,0,0,0,0,0,0,0,1472,1260,212,0,0,0,0,0,0,0,0,0,0,0,0,0,0,0
443252,Undergraduate students,1472,1260,212,0,0,0,0,0,0,0,0,0,1472,1260,212,0,0,0,0,0,0,0,0,0,0,0,0,0,0,0
443261,Total students enrolled for credit,260,29,231,2,0,2,1,0,1,146,7,139,8,1,7,0,0,0,84,19,65,6,1,5,13,1,12,0,0,0
443261,Undergraduate students,260,29,231,2,0,2,1,0,1,146,7,139,8,1,7,0,0,0,84,19,65,6,1,5,13,1,12,0,0,0
443289,Total students enrolled for credit,161,24,137,6,5,1,3,0,3,10,2,8,31,3,28,4,3,1,106,10,96,1,1,0,0,0,0,0,0,0
443289,Undergraduate students,161,24,137,6,5,1,3,0,3,10,2,8,31,3,28,4,3,1,106,10,96,1,1,0,0,0,0,0,0,0
443298,Total students enrolled for credit,85,73,12,0,0,0,1,1,0,75,66,9,7,5,2,0,0,0,0,0,0,2,1,1,0,0,0,0,0,0
443298,Undergraduate students,85,73,12,0,0,0,1,1,0,75,66,9,7,5,2,0,0,0,0,0,0,2,1,1,0,0,0,0,0,0
443322,Total students enrolled for credit,444,81,363,0,0,0,1,1,0,2,1,1,438,79,359,0,0,0,3,0,3,0,0,0,0,0,0,0,0,0
443322,Undergraduate students,444,81,363,0,0,0,1,1,0,2,1,1,438,79,359,0,0,0,3,0,3,0,0,0,0,0,0,0,0,0
443331,Total students enrolled for credit,2122,501,1621,9,1,8,673,191,482,84,18,66,481,99,382,47,15,32,653,131,522,98,26,72,67,17,50,10,3,7
443331,Undergraduate students,2122,501,1621,9,1,8,673,191,482,84,18,66,481,99,382,47,15,32,653,131,522,98,26,72,67,17,50,10,3,7
443340,Total students enrolled for credit,58,34,24,0,0,0,1,1,0,6,2,4,8,3,5,0,0,0,43,28,15,0,0,0,0,0,0,0,0,0
443340,Undergraduate students,43,24,19,0,0,0,1,1,0,3,1,2,7,2,5,0,0,0,32,20,12,0,0,0,0,0,0,0,0,0
443340,Graduate student,15,10,5,0,0,0,0,0,0,3,1,2,1,1,0,0,0,0,11,8,3,0,0,0,0,0,0,0,0,0
443377,Total students enrolled for credit,169,162,7,0,0,0,0,0,0,3,3,0,7,6,1,0,0,0,154,148,6,5,5,0,0,0,0,0,0,0
443377,Undergraduate students,169,162,7,0,0,0,0,0,0,3,3,0,7,6,1,0,0,0,154,148,6,5,5,0,0,0,0,0,0,0
443395,Total students enrolled for credit,128,34,94,0,0,0,0,0,0,15,3,12,6,3,3,0,0,0,102,28,74,1,0,1,4,0,4,0,0,0
443395,Undergraduate students,128,34,94,0,0,0,0,0,0,15,3,12,6,3,3,0,0,0,102,28,74,1,0,1,4,0,4,0,0,0
443410,Total students enrolled for credit,1085,837,248,3,1,2,55,40,15,13,11,2,50,42,8,2,1,1,396,303,93,51,37,14,357,278,79,158,124,34
443410,Undergraduate students,1000,765,235,3,1,2,52,37,15,12,10,2,47,39,8,2,1,1,384,293,91,48,36,12,340,264,76,112,84,28
443410,Graduate student,85,72,13,0,0,0,3,3,0,1,1,0,3,3,0,0,0,0,12,10,2,3,1,2,17,14,3,46,40,6
443483,Total students enrolled for credit,163,13,150,7,1,6,3,1,2,13,0,13,5,1,4,0,0,0,95,7,88,5,0,5,35,3,32,0,0,0
443483,Undergraduate students,163,13,150,7,1,6,3,1,2,13,0,13,5,1,4,0,0,0,95,7,88,5,0,5,35,3,32,0,0,0
443492,Total students enrolled for credit,2327,960,1367,9,4,5,17,8,9,102,58,44,37,19,18,0,0,0,2090,837,1253,64,30,34,7,4,3,1,0,1
443492,Undergraduate students,2327,960,1367,9,4,5,17,8,9,102,58,44,37,19,18,0,0,0,2090,837,1253,64,30,34,7,4,3,1,0,1
443544,Total students enrolled for credit,64,21,43,0,0,0,0,0,0,26,9,17,3,3,0,0,0,0,16,4,12,2,1,1,17,4,13,0,0,0
443544,Undergraduate students,64,21,43,0,0,0,0,0,0,26,9,17,3,3,0,0,0,0,16,4,12,2,1,1,17,4,13,0,0,0
443562,Total students enrolled for credit,1373,358,1015,0,0,0,0,0,0,0,0,0,1373,358,1015,0,0,0,0,0,0,0,0,0,0,0,0,0,0,0
443562,Undergraduate students,1204,302,902,0,0,0,0,0,0,0,0,0,1204,302,902,0,0,0,0,0,0,0,0,0,0,0,0,0,0,0
443562,Graduate student,169,56,113,0,0,0,0,0,0,0,0,0,169,56,113,0,0,0,0,0,0,0,0,0,0,0,0,0,0,0
443571,Total students enrolled for credit,238,211,27,2,1,1,3,2,1,19,17,2,174,162,12,1,1,0,31,23,8,0,0,0,8,5,3,0,0,0
443571,Undergraduate students,238,211,27,2,1,1,3,2,1,19,17,2,174,162,12,1,1,0,31,23,8,0,0,0,8,5,3,0,0,0
443599,Total students enrolled for credit,1021,56,965,15,0,15,16,1,15,74,9,65,11,0,11,3,0,3,835,45,790,30,1,29,37,0,37,0,0,0
443599,Undergraduate students,677,43,634,10,0,10,7,0,7,49,6,43,7,0,7,3,0,3,555,36,519,26,1,25,20,0,20,0,0,0
443599,Graduate student,344,13,331,5,0,5,9,1,8,25,3,22,4,0,4,0,0,0,280,9,271,4,0,4,17,0,17,0,0,0
443623,Total students enrolled for credit,489,213,276,2,1,1,6,4,2,169,69,100,30,12,18,0,0,0,33,16,17,6,2,4,243,109,134,0,0,0
443623,Undergraduate students,489,213,276,2,1,1,6,4,2,169,69,100,30,12,18,0,0,0,33,16,17,6,2,4,243,109,134,0,0,0
443632,Total students enrolled for credit,153,116,37,1,0,1,4,4,0,13,8,5,26,17,9,0,0,0,88,71,17,14,11,3,7,5,2,0,0,0
443632,Undergraduate students,153,116,37,1,0,1,4,4,0,13,8,5,26,17,9,0,0,0,88,71,17,14,11,3,7,5,2,0,0,0
443641,Total students enrolled for credit,292,15,277,1,0,1,1,0,1,1,0,1,4,1,3,0,0,0,65,3,62,2,0,2,218,11,207,0,0,0
443641,Undergraduate students,292,15,277,1,0,1,1,0,1,1,0,1,4,1,3,0,0,0,65,3,62,2,0,2,218,11,207,0,0,0
443650,Total students enrolled for credit,1166,241,925,6,3,3,5,3,2,331,69,262,47,16,31,1,0,1,690,136,554,11,0,11,75,14,61,0,0,0
443650,Undergraduate students,1166,241,925,6,3,3,5,3,2,331,69,262,47,16,31,1,0,1,690,136,554,11,0,11,75,14,61,0,0,0
443669,Total students enrolled for credit,458,57,401,14,3,11,27,5,22,21,4,17,180,15,165,9,2,7,195,28,167,11,0,11,1,0,1,0,0,0
443669,Undergraduate students,458,57,401,14,3,11,27,5,22,21,4,17,180,15,165,9,2,7,195,28,167,11,0,11,1,0,1,0,0,0
443678,Total students enrolled for credit,118,5,113,1,0,1,2,1,1,10,0,10,25,1,24,0,0,0,77,3,74,3,0,3,0,0,0,0,0,0
443678,Undergraduate students,118,5,113,1,0,1,2,1,1,10,0,10,25,1,24,0,0,0,77,3,74,3,0,3,0,0,0,0,0,0
443696,Total students enrolled for credit,27,13,14,0,0,0,0,0,0,14,7,7,13,6,7,0,0,0,0,0,0,0,0,0,0,0,0,0,0,0
443696,Undergraduate students,27,13,14,0,0,0,0,0,0,14,7,7,13,6,7,0,0,0,0,0,0,0,0,0,0,0,0,0,0,0
443702,Total students enrolled for credit,55,33,22,0,0,0,0,0,0,3,1,2,1,1,0,0,0,0,49,29,20,0,0,0,2,2,0,0,0,0
443702,Graduate student,55,33,22,0,0,0,0,0,0,3,1,2,1,1,0,0,0,0,49,29,20,0,0,0,2,2,0,0,0,0
443748,Total students enrolled for credit,511,54,457,2,0,2,13,0,13,288,31,257,121,14,107,3,2,1,54,5,49,27,1,26,3,1,2,0,0,0
443748,Undergraduate students,511,54,457,2,0,2,13,0,13,288,31,257,121,14,107,3,2,1,54,5,49,27,1,26,3,1,2,0,0,0
443766,Total students enrolled for credit,3626,856,2770,15,3,12,9,1,8,2839,576,2263,78,18,60,2,0,2,508,199,309,92,26,66,76,28,48,7,5,2
443766,Undergraduate students,2844,673,2171,12,3,9,6,0,6,2194,438,1756,61,14,47,1,0,1,445,178,267,69,20,49,55,19,36,1,1,0
443766,Graduate student,782,183,599,3,0,3,3,1,2,645,138,507,17,4,13,1,0,1,63,21,42,23,6,17,21,9,12,6,4,2
443784,Total students enrolled for credit,3347,1102,2245,21,2,19,55,28,27,1740,510,1230,334,112,222,7,4,3,980,390,590,113,22,91,85,25,60,12,9,3
443784,Undergraduate students,2758,897,1861,20,2,18,39,21,18,1410,396,1014,298,101,197,4,2,2,811,328,483,97,21,76,76,23,53,3,3,0
443784,Graduate student,589,205,384,1,0,1,16,7,9,330,114,216,36,11,25,3,2,1,169,62,107,16,1,15,9,2,7,9,6,3
443827,Total students enrolled for credit,531,245,286,0,0,0,0,0,0,3,0,3,491,222,269,0,0,0,9,9,0,0,0,0,28,14,14,0,0,0
443827,Undergraduate students,531,245,286,0,0,0,0,0,0,3,0,3,491,222,269,0,0,0,9,9,0,0,0,0,28,14,14,0,0,0
443836,Total students enrolled for credit,749,80,669,0,0,0,8,1,7,48,9,39,572,61,511,1,1,0,93,8,85,15,0,15,12,0,12,0,0,0
443836,Undergraduate students,749,80,669,0,0,0,8,1,7,48,9,39,572,61,511,1,1,0,93,8,85,15,0,15,12,0,12,0,0,0
443854,Total students enrolled for credit,446,191,255,1,0,1,6,4,2,199,85,114,143,54,89,2,2,0,55,29,26,18,9,9,22,8,14,0,0,0
443854,Undergraduate students,446,191,255,1,0,1,6,4,2,199,85,114,143,54,89,2,2,0,55,29,26,18,9,9,22,8,14,0,0,0
443951,Total students enrolled for credit,116,60,56,0,0,0,0,0,0,0,0,0,116,60,56,0,0,0,0,0,0,0,0,0,0,0,0,0,0,0
443951,Undergraduate students,116,60,56,0,0,0,0,0,0,0,0,0,116,60,56,0,0,0,0,0,0,0,0,0,0,0,0,0,0,0
443979,Total students enrolled for credit,117,2,115,1,0,1,7,0,7,4,0,4,4,0,4,0,0,0,97,2,95,4,0,4,0,0,0,0,0,0
443979,Undergraduate students,117,2,115,1,0,1,7,0,7,4,0,4,4,0,4,0,0,0,97,2,95,4,0,4,0,0,0,0,0,0
444024,Total students enrolled for credit,619,102,517,10,1,9,41,9,32,87,25,62,51,7,44,42,2,40,256,34,222,58,12,46,74,12,62,0,0,0
444024,Undergraduate students,619,102,517,10,1,9,41,9,32,87,25,62,51,7,44,42,2,40,256,34,222,58,12,46,74,12,62,0,0,0
444051,Total students enrolled for credit,181,3,178,0,0,0,11,0,11,31,0,31,0,0,0,0,0,0,132,3,129,0,0,0,7,0,7,0,0,0
444051,Undergraduate students,181,3,178,0,0,0,11,0,11,31,0,31,0,0,0,0,0,0,132,3,129,0,0,0,7,0,7,0,0,0
444088,Total students enrolled for credit,458,104,354,56,14,42,3,1,2,17,6,11,314,67,247,1,0,1,55,12,43,10,4,6,2,0,2,0,0,0
444088,Undergraduate students,458,104,354,56,14,42,3,1,2,17,6,11,314,67,247,1,0,1,55,12,43,10,4,6,2,0,2,0,0,0
444103,Total students enrolled for credit,22,21,1,0,0,0,0,0,0,0,0,0,0,0,0,0,0,0,22,21,1,0,0,0,0,0,0,0,0,0
444103,Graduate student,22,21,1,0,0,0,0,0,0,0,0,0,0,0,0,0,0,0,22,21,1,0,0,0,0,0,0,0,0,0
444130,Total students enrolled for credit,15030,4858,10172,97,38,59,245,90,155,3524,1096,2428,824,289,535,53,15,38,5001,1685,3316,426,124,302,4860,1521,3339,0,0,0
444130,Undergraduate students,193,49,144,1,0,1,3,1,2,37,10,27,20,5,15,0,0,0,72,17,55,4,0,4,56,16,40,0,0,0
444130,Graduate student,14837,4809,10028,96,38,58,242,89,153,3487,1086,2401,804,284,520,53,15,38,4929,1668,3261,422,124,298,4804,1505,3299,0,0,0
444194,Total students enrolled for credit,254,12,242,0,0,0,0,0,0,0,0,0,254,12,242,0,0,0,0,0,0,0,0,0,0,0,0,0,0,0
444194,Undergraduate students,254,12,242,0,0,0,0,0,0,0,0,0,254,12,242,0,0,0,0,0,0,0,0,0,0,0,0,0,0,0
444200,Total students enrolled for credit,475,69,406,1,0,1,3,3,0,244,34,210,24,4,20,0,0,0,175,24,151,20,2,18,8,2,6,0,0,0
444200,Undergraduate students,475,69,406,1,0,1,3,3,0,244,34,210,24,4,20,0,0,0,175,24,151,20,2,18,8,2,6,0,0,0
444219,Total students enrolled for credit,12504,5376,7128,90,38,52,1403,598,805,546,232,314,2339,975,1364,73,26,47,7013,3049,3964,776,352,424,202,81,121,62,25,37
444219,Undergraduate students,12504,5376,7128,90,38,52,1403,598,805,546,232,314,2339,975,1364,73,26,47,7013,3049,3964,776,352,424,202,81,121,62,25,37
444228,Total students enrolled for credit,36,1,35,0,0,0,0,0,0,8,1,7,1,0,1,0,0,0,27,0,27,0,0,0,0,0,0,0,0,0
444228,Undergraduate students,36,1,35,0,0,0,0,0,0,8,1,7,1,0,1,0,0,0,27,0,27,0,0,0,0,0,0,0,0,0
444255,Total students enrolled for credit,320,65,255,2,1,1,3,0,3,119,22,97,18,6,12,1,0,1,158,33,125,17,2,15,1,1,0,1,0,1
444255,Undergraduate students,320,65,255,2,1,1,3,0,3,119,22,97,18,6,12,1,0,1,158,33,125,17,2,15,1,1,0,1,0,1
444264,Total students enrolled for credit,279,77,202,0,0,0,0,0,0,0,0,0,279,77,202,0,0,0,0,0,0,0,0,0,0,0,0,0,0,0
444264,Undergraduate students,279,77,202,0,0,0,0,0,0,0,0,0,279,77,202,0,0,0,0,0,0,0,0,0,0,0,0,0,0,0
444282,Total students enrolled for credit,109,2,107,1,0,1,0,0,0,51,0,51,8,0,8,1,0,1,35,1,34,5,0,5,8,1,7,0,0,0
444282,Undergraduate students,109,2,107,1,0,1,0,0,0,51,0,51,8,0,8,1,0,1,35,1,34,5,0,5,8,1,7,0,0,0
444291,Total students enrolled for credit,141,4,137,0,0,0,0,0,0,114,4,110,3,0,3,0,0,0,4,0,4,0,0,0,20,0,20,0,0,0
444291,Undergraduate students,141,4,137,0,0,0,0,0,0,114,4,110,3,0,3,0,0,0,4,0,4,0,0,0,20,0,20,0,0,0
444307,Total students enrolled for credit,143,6,137,0,0,0,11,0,11,45,1,44,1,0,1,0,0,0,57,4,53,2,0,2,27,1,26,0,0,0
444307,Undergraduate students,143,6,137,0,0,0,11,0,11,45,1,44,1,0,1,0,0,0,57,4,53,2,0,2,27,1,26,0,0,0
444316,Total students enrolled for credit,166,5,161,2,0,2,2,0,2,4,0,4,13,1,12,0,0,0,145,4,141,0,0,0,0,0,0,0,0,0
444316,Undergraduate students,166,5,161,2,0,2,2,0,2,4,0,4,13,1,12,0,0,0,145,4,141,0,0,0,0,0,0,0,0,0
444325,Total students enrolled for credit,65,14,51,0,0,0,10,4,6,6,2,4,25,4,21,0,0,0,11,2,9,0,0,0,3,0,3,10,2,8
444325,Undergraduate students,65,14,51,0,0,0,10,4,6,6,2,4,25,4,21,0,0,0,11,2,9,0,0,0,3,0,3,10,2,8
444334,Total students enrolled for credit,80,11,69,0,0,0,0,0,0,0,0,0,80,11,69,0,0,0,0,0,0,0,0,0,0,0,0,0,0,0
444334,Undergraduate students,80,11,69,0,0,0,0,0,0,0,0,0,80,11,69,0,0,0,0,0,0,0,0,0,0,0,0,0,0,0
444343,Total students enrolled for credit,148,57,91,0,0,0,5,2,3,15,2,13,48,20,28,0,0,0,1,0,1,0,0,0,79,33,46,0,0,0
444343,Undergraduate students,148,57,91,0,0,0,5,2,3,15,2,13,48,20,28,0,0,0,1,0,1,0,0,0,79,33,46,0,0,0
444361,Total students enrolled for credit,125,51,74,1,0,1,2,2,0,13,11,2,16,6,10,10,4,6,83,28,55,0,0,0,0,0,0,0,0,0
444361,Undergraduate students,125,51,74,1,0,1,2,2,0,13,11,2,16,6,10,10,4,6,83,28,55,0,0,0,0,0,0,0,0,0
444370,Total students enrolled for credit,76,75,1,0,0,0,0,0,0,1,1,0,75,74,1,0,0,0,0,0,0,0,0,0,0,0,0,0,0,0
444370,Undergraduate students,76,75,1,0,0,0,0,0,0,1,1,0,75,74,1,0,0,0,0,0,0,0,0,0,0,0,0,0,0,0
444398,Total students enrolled for credit,246,117,129,0,0,0,2,2,0,3,3,0,156,72,84,0,0,0,13,6,7,0,0,0,0,0,0,72,34,38
444398,Undergraduate students,246,117,129,0,0,0,2,2,0,3,3,0,156,72,84,0,0,0,13,6,7,0,0,0,0,0,0,72,34,38
444404,Total students enrolled for credit,63,31,32,0,0,0,0,0,0,42,17,25,15,10,5,0,0,0,6,4,2,0,0,0,0,0,0,0,0,0
444404,Undergraduate students,63,31,32,0,0,0,0,0,0,42,17,25,15,10,5,0,0,0,6,4,2,0,0,0,0,0,0,0,0,0
444413,Total students enrolled for credit,132,132,0,0,0,0,0,0,0,0,0,0,0,0,0,0,0,0,130,130,0,0,0,0,0,0,0,2,2,0
444413,Undergraduate students,115,115,0,0,0,0,0,0,0,0,0,0,0,0,0,0,0,0,113,113,0,0,0,0,0,0,0,2,2,0
444413,Graduate student,17,17,0,0,0,0,0,0,0,0,0,0,0,0,0,0,0,0,17,17,0,0,0,0,0,0,0,0,0,0
444440,Total students enrolled for credit,118,15,103,1,0,1,0,0,0,16,0,16,6,0,6,0,0,0,93,14,79,1,1,0,1,0,1,0,0,0
444440,Undergraduate students,118,15,103,1,0,1,0,0,0,16,0,16,6,0,6,0,0,0,93,14,79,1,1,0,1,0,1,0,0,0
444468,Total students enrolled for credit,32,2,30,0,0,0,0,0,0,1,0,1,2,0,2,0,0,0,28,2,26,1,0,1,0,0,0,0,0,0
444468,Undergraduate students,32,2,30,0,0,0,0,0,0,1,0,1,2,0,2,0,0,0,28,2,26,1,0,1,0,0,0,0,0,0
444486,Total students enrolled for credit,596,29,567,1,0,1,10,0,10,184,8,176,41,1,40,0,0,0,347,20,327,5,0,5,7,0,7,1,0,1
444486,Undergraduate students,596,29,567,1,0,1,10,0,10,184,8,176,41,1,40,0,0,0,347,20,327,5,0,5,7,0,7,1,0,1
444510,Total students enrolled for credit,215,34,181,1,0,1,21,4,17,10,3,7,44,8,36,0,0,0,138,19,119,0,0,0,1,0,1,0,0,0
444510,Undergraduate students,215,34,181,1,0,1,21,4,17,10,3,7,44,8,36,0,0,0,138,19,119,0,0,0,1,0,1,0,0,0
444529,Total students enrolled for credit,178,15,163,0,0,0,12,0,12,17,1,16,86,7,79,0,0,0,57,7,50,0,0,0,6,0,6,0,0,0
444529,Undergraduate students,178,15,163,0,0,0,12,0,12,17,1,16,86,7,79,0,0,0,57,7,50,0,0,0,6,0,6,0,0,0
444547,Total students enrolled for credit,33,1,32,0,0,0,0,0,0,4,0,4,2,0,2,0,0,0,11,1,10,0,0,0,0,0,0,16,0,16
444547,Undergraduate students,33,1,32,0,0,0,0,0,0,4,0,4,2,0,2,0,0,0,11,1,10,0,0,0,0,0,0,16,0,16
444556,Total students enrolled for credit,564,298,266,3,1,2,7,5,2,60,32,28,166,95,71,0,0,0,157,81,76,29,10,19,142,74,68,0,0,0
444556,Undergraduate students,564,298,266,3,1,2,7,5,2,60,32,28,166,95,71,0,0,0,157,81,76,29,10,19,142,74,68,0,0,0
444565,Total students enrolled for credit,529,234,295,2,1,1,24,9,15,157,68,89,185,77,108,0,0,0,126,70,56,4,0,4,5,3,2,26,6,20
444565,Undergraduate students,529,234,295,2,1,1,24,9,15,157,68,89,185,77,108,0,0,0,126,70,56,4,0,4,5,3,2,26,6,20
444583,Total students enrolled for credit,1340,720,620,0,0,0,0,0,0,0,0,0,1340,720,620,0,0,0,0,0,0,0,0,0,0,0,0,0,0,0
444583,Undergraduate students,1340,720,620,0,0,0,0,0,0,0,0,0,1340,720,620,0,0,0,0,0,0,0,0,0,0,0,0,0,0,0
444592,Total students enrolled for credit,250,18,232,0,0,0,0,0,0,50,2,48,47,2,45,0,0,0,1,0,1,6,2,4,146,12,134,0,0,0
444592,Undergraduate students,250,18,232,0,0,0,0,0,0,50,2,48,47,2,45,0,0,0,1,0,1,6,2,4,146,12,134,0,0,0
444608,Total students enrolled for credit,54,3,51,1,0,1,0,0,0,1,0,1,4,0,4,0,0,0,47,3,44,1,0,1,0,0,0,0,0,0
444608,Undergraduate students,54,3,51,1,0,1,0,0,0,1,0,1,4,0,4,0,0,0,47,3,44,1,0,1,0,0,0,0,0,0
444635,Total students enrolled for credit,99,12,87,1,0,1,0,0,0,10,0,10,7,0,7,0,0,0,79,12,67,2,0,2,0,0,0,0,0,0
444635,Undergraduate students,99,12,87,1,0,1,0,0,0,10,0,10,7,0,7,0,0,0,79,12,67,2,0,2,0,0,0,0,0,0
444644,Total students enrolled for credit,52,2,50,0,0,0,1,0,1,0,0,0,2,1,1,0,0,0,49,1,48,0,0,0,0,0,0,0,0,0
444644,Undergraduate students,52,2,50,0,0,0,1,0,1,0,0,0,2,1,1,0,0,0,49,1,48,0,0,0,0,0,0,0,0,0
444662,Total students enrolled for credit,178,152,26,1,0,1,0,0,0,117,99,18,5,5,0,0,0,0,51,45,6,3,2,1,1,1,0,0,0,0
444662,Undergraduate students,178,152,26,1,0,1,0,0,0,117,99,18,5,5,0,0,0,0,51,45,6,3,2,1,1,1,0,0,0,0
444671,Total students enrolled for credit,330,149,181,0,0,0,0,0,0,0,0,0,330,149,181,0,0,0,0,0,0,0,0,0,0,0,0,0,0,0
444671,Undergraduate students,330,149,181,0,0,0,0,0,0,0,0,0,330,149,181,0,0,0,0,0,0,0,0,0,0,0,0,0,0,0
444680,Total students enrolled for credit,136,66,70,0,0,0,0,0,0,0,0,0,136,66,70,0,0,0,0,0,0,0,0,0,0,0,0,0,0,0
444680,Undergraduate students,136,66,70,0,0,0,0,0,0,0,0,0,136,66,70,0,0,0,0,0,0,0,0,0,0,0,0,0,0,0
444699,Total students enrolled for credit,52,16,36,0,0,0,20,5,15,1,0,1,0,0,0,6,1,5,20,9,11,0,0,0,0,0,0,5,1,4
444699,Graduate student,52,16,36,0,0,0,20,5,15,1,0,1,0,0,0,6,1,5,20,9,11,0,0,0,0,0,0,5,1,4
444714,Total students enrolled for credit,182,20,162,0,0,0,5,0,5,131,15,116,17,2,15,0,0,0,18,1,17,2,0,2,9,2,7,0,0,0
444714,Undergraduate students,182,20,162,0,0,0,5,0,5,131,15,116,17,2,15,0,0,0,18,1,17,2,0,2,9,2,7,0,0,0
444732,Total students enrolled for credit,264,99,165,0,0,0,0,0,0,0,0,0,264,99,165,0,0,0,0,0,0,0,0,0,0,0,0,0,0,0
444732,Undergraduate students,264,99,165,0,0,0,0,0,0,0,0,0,264,99,165,0,0,0,0,0,0,0,0,0,0,0,0,0,0,0
444778,Total students enrolled for credit,160,80,80,0,0,0,4,4,0,132,64,68,1,0,1,0,0,0,19,10,9,1,1,0,0,0,0,3,1,2
444778,Undergraduate students,114,54,60,0,0,0,1,1,0,99,48,51,1,0,1,0,0,0,11,4,7,0,0,0,0,0,0,2,1,1
444778,Graduate student,46,26,20,0,0,0,3,3,0,33,16,17,0,0,0,0,0,0,8,6,2,1,1,0,0,0,0,1,0,1
444787,Total students enrolled for credit,453,62,391,0,0,0,7,2,5,18,6,12,39,6,33,4,1,3,371,45,326,0,0,0,14,2,12,0,0,0
444787,Undergraduate students,453,62,391,0,0,0,7,2,5,18,6,12,39,6,33,4,1,3,371,45,326,0,0,0,14,2,12,0,0,0
444796,Total students enrolled for credit,219,139,80,2,1,1,0,0,0,206,134,72,8,1,7,2,2,0,0,0,0,0,0,0,1,1,0,0,0,0
444796,Undergraduate students,219,139,80,2,1,1,0,0,0,206,134,72,8,1,7,2,2,0,0,0,0,0,0,0,1,1,0,0,0,0
444811,Total students enrolled for credit,496,69,427,0,0,0,7,4,3,396,52,344,13,1,12,1,0,1,15,1,14,3,0,3,61,11,50,0,0,0
444811,Undergraduate students,496,69,427,0,0,0,7,4,3,396,52,344,13,1,12,1,0,1,15,1,14,3,0,3,61,11,50,0,0,0
444857,Total students enrolled for credit,89,0,89,1,0,1,3,0,3,0,0,0,8,0,8,2,0,2,65,0,65,5,0,5,5,0,5,0,0,0
444857,Undergraduate students,89,0,89,1,0,1,3,0,3,0,0,0,8,0,8,2,0,2,65,0,65,5,0,5,5,0,5,0,0,0
444866,Total students enrolled for credit,252,33,219,0,0,0,0,0,0,137,17,120,1,1,0,1,0,1,66,7,59,3,1,2,44,7,37,0,0,0
444866,Undergraduate students,252,33,219,0,0,0,0,0,0,137,17,120,1,1,0,1,0,1,66,7,59,3,1,2,44,7,37,0,0,0
444893,Total students enrolled for credit,897,151,746,3,0,3,3,0,3,821,139,682,38,6,32,0,0,0,2,0,2,12,2,10,18,4,14,0,0,0
444893,Undergraduate students,897,151,746,3,0,3,3,0,3,821,139,682,38,6,32,0,0,0,2,0,2,12,2,10,18,4,14,0,0,0
444927,Total students enrolled for credit,207,109,98,7,4,3,6,3,3,13,8,5,88,46,42,0,0,0,77,41,36,2,0,2,11,6,5,3,1,2
444927,Undergraduate students,207,109,98,7,4,3,6,3,3,13,8,5,88,46,42,0,0,0,77,41,36,2,0,2,11,6,5,3,1,2
444936,Total students enrolled for credit,146,35,111,4,1,3,66,19,47,5,2,3,49,7,42,0,0,0,14,2,12,0,0,0,1,1,0,7,3,4
444936,Undergraduate students,146,35,111,4,1,3,66,19,47,5,2,3,49,7,42,0,0,0,14,2,12,0,0,0,1,1,0,7,3,4
444945,Total students enrolled for credit,782,58,724,0,0,0,4,2,2,507,31,476,11,1,10,0,0,0,258,24,234,0,0,0,2,0,2,0,0,0
444945,Undergraduate students,782,58,724,0,0,0,4,2,2,507,31,476,11,1,10,0,0,0,258,24,234,0,0,0,2,0,2,0,0,0
444954,Total students enrolled for credit,2771,1328,1443,16,6,10,0,0,0,151,93,58,5,3,2,0,0,0,2196,1034,1162,15,8,7,388,184,204,0,0,0
444954,Undergraduate students,2771,1328,1443,16,6,10,0,0,0,151,93,58,5,3,2,0,0,0,2196,1034,1162,15,8,7,388,184,204,0,0,0
444972,Total students enrolled for credit,468,269,199,0,0,0,2,2,0,401,228,173,17,12,5,0,0,0,35,23,12,12,4,8,1,0,1,0,0,0
444972,Undergraduate students,468,269,199,0,0,0,2,2,0,401,228,173,17,12,5,0,0,0,35,23,12,12,4,8,1,0,1,0,0,0
444990,Total students enrolled for credit,510,164,346,1,0,1,5,1,4,115,38,77,32,11,21,2,2,0,336,109,227,12,3,9,2,0,2,5,0,5
444990,Undergraduate students,510,164,346,1,0,1,5,1,4,115,38,77,32,11,21,2,2,0,336,109,227,12,3,9,2,0,2,5,0,5
445027,Total students enrolled for credit,21176,6550,14626,201,66,135,133,54,79,8322,2414,5908,768,261,507,89,30,59,6405,2121,4284,853,242,611,4400,1361,3039,5,1,4
445027,Undergraduate students,19026,5850,13176,189,58,131,96,38,58,7321,2139,5182,668,227,441,80,28,52,5829,1903,3926,764,219,545,4075,1238,2837,4,0,4
445027,Graduate student,2150,700,1450,12,8,4,37,16,21,1001,275,726,100,34,66,9,2,7,576,218,358,89,23,66,325,123,202,1,1,0
445054,Total students enrolled for credit,29,28,1,0,0,0,1,1,0,0,0,0,0,0,0,0,0,0,6,6,0,0,0,0,1,1,0,21,20,1
445054,Graduate student,29,28,1,0,0,0,1,1,0,0,0,0,0,0,0,0,0,0,6,6,0,0,0,0,1,1,0,21,20,1
445090,Total students enrolled for credit,1149,246,903,3,0,3,6,2,4,714,141,573,17,12,5,1,0,1,191,54,137,41,7,34,176,30,146,0,0,0
445090,Undergraduate students,1149,246,903,3,0,3,6,2,4,714,141,573,17,12,5,1,0,1,191,54,137,41,7,34,176,30,146,0,0,0
445115,Total students enrolled for credit,241,121,120,5,4,1,23,13,10,51,28,23,9,3,6,6,4,2,68,34,34,5,3,2,74,32,42,0,0,0
445115,Undergraduate students,241,121,120,5,4,1,23,13,10,51,28,23,9,3,6,6,4,2,68,34,34,5,3,2,74,32,42,0,0,0
445133,Total students enrolled for credit,797,356,441,5,2,3,24,15,9,376,161,215,96,35,61,4,3,1,51,30,21,6,1,5,235,109,126,0,0,0
445133,Undergraduate students,619,272,347,4,1,3,9,7,2,293,124,169,89,33,56,4,3,1,39,21,18,5,1,4,176,82,94,0,0,0
445133,Graduate student,178,84,94,1,1,0,15,8,7,83,37,46,7,2,5,0,0,0,12,9,3,1,0,1,59,27,32,0,0,0
445188,Total students enrolled for credit,7703,3795,3908,12,7,5,1576,867,709,353,142,211,3742,1648,2094,56,30,26,999,595,404,276,157,119,56,41,15,633,308,325
445188,Undergraduate students,7171,3498,3673,12,7,5,1527,845,682,342,136,206,3660,1607,2053,53,28,25,815,495,320,254,144,110,45,35,10,463,201,262
445188,Graduate student,532,297,235,0,0,0,49,22,27,11,6,5,82,41,41,3,2,1,184,100,84,22,13,9,11,6,5,170,107,63
445203,Total students enrolled for credit,963,146,817,2,0,2,4,2,2,445,74,371,402,56,346,1,1,0,73,9,64,31,3,28,5,1,4,0,0,0
445203,Undergraduate students,963,146,817,2,0,2,4,2,2,445,74,371,402,56,346,1,1,0,73,9,64,31,3,28,5,1,4,0,0,0
445212,Total students enrolled for credit,448,90,358,1,0,1,8,2,6,66,16,50,118,28,90,0,0,0,242,42,200,7,2,5,6,0,6,0,0,0
445212,Undergraduate students,448,90,358,1,0,1,8,2,6,66,16,50,118,28,90,0,0,0,242,42,200,7,2,5,6,0,6,0,0,0
445230,Total students enrolled for credit,1242,279,963,13,1,12,146,61,85,118,19,99,495,95,400,11,4,7,368,84,284,61,10,51,30,5,25,0,0,0
445230,Undergraduate students,1242,279,963,13,1,12,146,61,85,118,19,99,495,95,400,11,4,7,368,84,284,61,10,51,30,5,25,0,0,0
445249,Total students enrolled for credit,461,43,418,1,0,1,12,2,10,171,19,152,28,1,27,1,0,1,217,19,198,28,2,26,1,0,1,2,0,2
445249,Undergraduate students,461,43,418,1,0,1,12,2,10,171,19,152,28,1,27,1,0,1,217,19,198,28,2,26,1,0,1,2,0,2
445258,Total students enrolled for credit,442,168,274,16,6,10,4,1,3,149,44,105,53,21,32,2,1,1,189,86,103,24,6,18,5,3,2,0,0,0
445258,Undergraduate students,442,168,274,16,6,10,4,1,3,149,44,105,53,21,32,2,1,1,189,86,103,24,6,18,5,3,2,0,0,0
445267,Total students enrolled for credit,6400,2093,4307,23,8,15,54,22,32,283,70,213,121,45,76,4,3,1,5546,1834,3712,98,44,54,262,63,199,9,4,5
445267,Undergraduate students,5930,1982,3948,22,8,14,52,21,31,248,62,186,117,43,74,4,3,1,5212,1756,3456,94,42,52,176,45,131,5,2,3
445267,Graduate student,470,111,359,1,0,1,2,1,1,35,8,27,4,2,2,0,0,0,334,78,256,4,2,2,86,18,68,4,2,2
445300,Total students enrolled for credit,200,94,106,1,1,0,3,2,1,61,28,33,47,20,27,0,0,0,8,6,2,4,2,2,70,34,36,6,1,5
445300,Undergraduate students,200,94,106,1,1,0,3,2,1,61,28,33,47,20,27,0,0,0,8,6,2,4,2,2,70,34,36,6,1,5
445328,Total students enrolled for credit,390,46,344,2,0,2,4,2,2,102,15,87,180,21,159,2,0,2,70,4,66,3,0,3,27,4,23,0,0,0
445328,Undergraduate students,390,46,344,2,0,2,4,2,2,102,15,87,180,21,159,2,0,2,70,4,66,3,0,3,27,4,23,0,0,0
445364,Total students enrolled for credit,1021,139,882,2,1,1,61,19,42,119,9,110,568,76,492,2,2,0,140,15,125,32,7,25,97,10,87,0,0,0
445364,Undergraduate students,1021,139,882,2,1,1,61,19,42,119,9,110,568,76,492,2,2,0,140,15,125,32,7,25,97,10,87,0,0,0
445391,Total students enrolled for credit,45,17,28,0,0,0,0,0,0,17,7,10,0,0,0,0,0,0,17,5,12,1,0,1,9,5,4,1,0,1
445391,Undergraduate students,45,17,28,0,0,0,0,0,0,17,7,10,0,0,0,0,0,0,17,5,12,1,0,1,9,5,4,1,0,1
445434,Total students enrolled for credit,573,222,351,3,1,2,9,6,3,228,83,145,45,21,24,4,3,1,203,82,121,31,8,23,50,18,32,0,0,0
445434,Undergraduate students,573,222,351,3,1,2,9,6,3,228,83,145,45,21,24,4,3,1,203,82,121,31,8,23,50,18,32,0,0,0
445461,Total students enrolled for credit,763,299,464,1,0,1,30,15,15,329,142,187,323,114,209,0,0,0,49,18,31,11,3,8,20,7,13,0,0,0
445461,Undergraduate students,763,299,464,1,0,1,30,15,15,329,142,187,323,114,209,0,0,0,49,18,31,11,3,8,20,7,13,0,0,0
445498,Total students enrolled for credit,52,52,0,0,0,0,0,0,0,0,0,0,52,52,0,0,0,0,0,0,0,0,0,0,0,0,0,0,0,0
445498,Undergraduate students,52,52,0,0,0,0,0,0,0,0,0,0,52,52,0,0,0,0,0,0,0,0,0,0,0,0,0,0,0,0
445540,Total students enrolled for credit,98,5,93,0,0,0,0,0,0,22,4,18,5,0,5,0,0,0,69,1,68,2,0,2,0,0,0,0,0,0
445540,Undergraduate students,98,5,93,0,0,0,0,0,0,22,4,18,5,0,5,0,0,0,69,1,68,2,0,2,0,0,0,0,0,0
445559,Total students enrolled for credit,402,292,110,1,1,0,2,1,1,75,56,19,5,4,1,0,0,0,298,214,84,7,5,2,14,11,3,0,0,0
445559,Undergraduate students,402,292,110,1,1,0,2,1,1,75,56,19,5,4,1,0,0,0,298,214,84,7,5,2,14,11,3,0,0,0
445577,Total students enrolled for credit,341,91,250,2,0,2,8,3,5,122,40,82,123,34,89,1,0,1,56,8,48,9,2,7,20,4,16,0,0,0
445577,Undergraduate students,341,91,250,2,0,2,8,3,5,122,40,82,123,34,89,1,0,1,56,8,48,9,2,7,20,4,16,0,0,0
445638,Total students enrolled for credit,94,14,80,0,0,0,1,0,1,0,0,0,5,0,5,0,0,0,87,14,73,1,0,1,0,0,0,0,0,0
445638,Undergraduate students,94,14,80,0,0,0,1,0,1,0,0,0,5,0,5,0,0,0,87,14,73,1,0,1,0,0,0,0,0,0
445647,Total students enrolled for credit,160,8,152,0,0,0,5,0,5,10,1,9,32,0,32,2,1,1,97,6,91,10,0,10,4,0,4,0,0,0
445647,Undergraduate students,160,8,152,0,0,0,5,0,5,10,1,9,32,0,32,2,1,1,97,6,91,10,0,10,4,0,4,0,0,0
445656,Total students enrolled for credit,228,12,216,0,0,0,4,0,4,8,0,8,12,1,11,0,0,0,196,10,186,0,0,0,8,1,7,0,0,0
445656,Undergraduate students,228,12,216,0,0,0,4,0,4,8,0,8,12,1,11,0,0,0,196,10,186,0,0,0,8,1,7,0,0,0
445692,Total students enrolled for credit,445,391,54,2,1,1,16,14,2,23,17,6,57,51,6,2,1,1,289,258,31,29,22,7,26,26,0,1,1,0
445692,Undergraduate students,445,391,54,2,1,1,16,14,2,23,17,6,57,51,6,2,1,1,289,258,31,29,22,7,26,26,0,1,1,0
445708,Total students enrolled for credit,2317,791,1526,8,3,5,20,5,15,1003,310,693,142,59,83,1,0,1,874,314,560,130,45,85,116,48,68,23,7,16
445708,Undergraduate students,2317,791,1526,8,3,5,20,5,15,1003,310,693,142,59,83,1,0,1,874,314,560,130,45,85,116,48,68,23,7,16
445726,Total students enrolled for credit,266,123,143,0,0,0,0,0,0,166,74,92,1,0,1,0,0,0,79,40,39,8,3,5,10,4,6,2,2,0
445726,Undergraduate students,266,123,143,0,0,0,0,0,0,166,74,92,1,0,1,0,0,0,79,40,39,8,3,5,10,4,6,2,2,0
445735,Total students enrolled for credit,1723,711,1012,8,2,6,647,210,437,69,37,32,100,33,67,17,5,12,778,378,400,34,17,17,61,22,39,9,7,2
445735,Undergraduate students,607,156,451,3,0,3,222,63,159,19,8,11,54,9,45,6,2,4,263,64,199,15,5,10,25,5,20,0,0,0
445735,Graduate student,1116,555,561,5,2,3,425,147,278,50,29,21,46,24,22,11,3,8,515,314,201,19,12,7,36,17,19,9,7,2
445744,Total students enrolled for credit,586,131,455,5,2,3,9,0,9,237,39,198,113,27,86,0,0,0,201,57,144,19,6,13,2,0,2,0,0,0
445744,Undergraduate students,586,131,455,5,2,3,9,0,9,237,39,198,113,27,86,0,0,0,201,57,144,19,6,13,2,0,2,0,0,0
445762,Total students enrolled for credit,323,307,16,1,1,0,32,32,0,129,121,8,62,58,4,1,1,0,66,63,3,22,22,0,10,9,1,0,0,0
445762,Undergraduate students,323,307,16,1,1,0,32,32,0,129,121,8,62,58,4,1,1,0,66,63,3,22,22,0,10,9,1,0,0,0
445780,Total students enrolled for credit,58,5,53,0,0,0,0,0,0,0,0,0,22,2,20,0,0,0,35,3,32,1,0,1,0,0,0,0,0,0
445780,Undergraduate students,58,5,53,0,0,0,0,0,0,0,0,0,22,2,20,0,0,0,35,3,32,1,0,1,0,0,0,0,0,0
445799,Total students enrolled for credit,1831,1775,56,6,6,0,40,40,0,205,196,9,326,316,10,5,5,0,1087,1052,35,104,103,1,58,57,1,0,0,0
445799,Undergraduate students,1831,1775,56,6,6,0,40,40,0,205,196,9,326,316,10,5,5,0,1087,1052,35,104,103,1,58,57,1,0,0,0
445841,Total students enrolled for credit,216,6,210,0,0,0,1,0,1,63,2,61,12,0,12,1,0,1,138,4,134,1,0,1,0,0,0,0,0,0
445841,Undergraduate students,216,6,210,0,0,0,1,0,1,63,2,61,12,0,12,1,0,1,138,4,134,1,0,1,0,0,0,0,0,0
445850,Total students enrolled for credit,207,14,193,0,0,0,1,0,1,152,14,138,6,0,6,1,0,1,47,0,47,0,0,0,0,0,0,0,0,0
445850,Undergraduate students,207,14,193,0,0,0,1,0,1,152,14,138,6,0,6,1,0,1,47,0,47,0,0,0,0,0,0,0,0,0
445869,Total students enrolled for credit,285,106,179,2,0,2,15,6,9,20,11,9,51,15,36,0,0,0,182,66,116,0,0,0,15,8,7,0,0,0
445869,Graduate student,285,106,179,2,0,2,15,6,9,20,11,9,51,15,36,0,0,0,182,66,116,0,0,0,15,8,7,0,0,0
445911,Total students enrolled for credit,920,279,641,1,1,0,16,3,13,213,73,140,213,61,152,1,0,1,296,91,205,45,13,32,135,37,98,0,0,0
445911,Undergraduate students,920,279,641,1,1,0,16,3,13,213,73,140,213,61,152,1,0,1,296,91,205,45,13,32,135,37,98,0,0,0
445948,Total students enrolled for credit,916,155,761,1,1,0,33,4,29,208,31,177,253,49,204,11,2,9,175,27,148,65,17,48,170,24,146,0,0,0
445948,Undergraduate students,916,155,761,1,1,0,33,4,29,208,31,177,253,49,204,11,2,9,175,27,148,65,17,48,170,24,146,0,0,0
445957,Total students enrolled for credit,375,102,273,0,0,0,8,2,6,106,26,80,70,22,48,2,1,1,83,21,62,16,4,12,89,26,63,1,0,1
445957,Undergraduate students,375,102,273,0,0,0,8,2,6,106,26,80,70,22,48,2,1,1,83,21,62,16,4,12,89,26,63,1,0,1
445984,Total students enrolled for credit,81,21,60,0,0,0,0,0,0,0,0,0,81,21,60,0,0,0,0,0,0,0,0,0,0,0,0,0,0,0
445984,Undergraduate students,81,21,60,0,0,0,0,0,0,0,0,0,81,21,60,0,0,0,0,0,0,0,0,0,0,0,0,0,0,0
446002,Total students enrolled for credit,98,34,64,0,0,0,27,11,16,1,0,1,1,0,1,0,0,0,69,23,46,0,0,0,0,0,0,0,0,0
446002,Graduate student,98,34,64,0,0,0,27,11,16,1,0,1,1,0,1,0,0,0,69,23,46,0,0,0,0,0,0,0,0,0
446039,Total students enrolled for credit,34,14,20,2,1,1,2,2,0,1,1,0,5,1,4,0,0,0,18,5,13,1,1,0,5,3,2,0,0,0
446039,Graduate student,34,14,20,2,1,1,2,2,0,1,1,0,5,1,4,0,0,0,18,5,13,1,1,0,5,3,2,0,0,0
446048,Total students enrolled for credit,1160,578,582,3,1,2,33,11,22,53,46,7,182,97,85,0,0,0,708,338,370,0,0,0,152,65,87,29,20,9
446048,Undergraduate students,1115,546,569,3,1,2,32,11,21,53,46,7,176,93,83,0,0,0,676,314,362,0,0,0,148,63,85,27,18,9
446048,Graduate student,45,32,13,0,0,0,1,0,1,0,0,0,6,4,2,0,0,0,32,24,8,0,0,0,4,2,2,2,2,0
446084,Total students enrolled for credit,225,18,207,1,0,1,2,1,1,73,4,69,1,0,1,1,0,1,138,13,125,2,0,2,7,0,7,0,0,0
446084,Undergraduate students,225,18,207,1,0,1,2,1,1,73,4,69,1,0,1,1,0,1,138,13,125,2,0,2,7,0,7,0,0,0
446093,Total students enrolled for credit,222,12,210,11,0,11,9,0,9,4,1,3,104,7,97,1,0,1,88,4,84,2,0,2,3,0,3,0,0,0
446093,Undergraduate students,222,12,210,11,0,11,9,0,9,4,1,3,104,7,97,1,0,1,88,4,84,2,0,2,3,0,3,0,0,0
446109,Total students enrolled for credit,253,18,235,1,0,1,3,0,3,138,9,129,50,3,47,0,0,0,54,6,48,4,0,4,2,0,2,1,0,1
446109,Undergraduate students,253,18,235,1,0,1,3,0,3,138,9,129,50,3,47,0,0,0,54,6,48,4,0,4,2,0,2,1,0,1
446118,Total students enrolled for credit,825,141,684,4,0,4,41,10,31,173,25,148,447,78,369,15,3,12,133,22,111,10,1,9,2,2,0,0,0,0
446118,Undergraduate students,825,141,684,4,0,4,41,10,31,173,25,148,447,78,369,15,3,12,133,22,111,10,1,9,2,2,0,0,0,0
446127,Total students enrolled for credit,313,27,286,0,0,0,1,0,1,94,3,91,34,2,32,0,0,0,144,11,133,4,1,3,36,10,26,0,0,0
446127,Undergraduate students,313,27,286,0,0,0,1,0,1,94,3,91,34,2,32,0,0,0,144,11,133,4,1,3,36,10,26,0,0,0
446136,Total students enrolled for credit,788,144,644,1,0,1,12,3,9,202,38,164,56,8,48,1,0,1,503,94,409,13,1,12,0,0,0,0,0,0
446136,Undergraduate students,788,144,644,1,0,1,12,3,9,202,38,164,56,8,48,1,0,1,503,94,409,13,1,12,0,0,0,0,0,0
446163,Total students enrolled for credit,71,19,52,0,0,0,0,0,0,10,3,7,42,10,32,0,0,0,15,5,10,2,0,2,0,0,0,2,1,1
446163,Undergraduate students,71,19,52,0,0,0,0,0,0,10,3,7,42,10,32,0,0,0,15,5,10,2,0,2,0,0,0,2,1,1
446190,Total students enrolled for credit,25,1,24,0,0,0,0,0,0,4,0,4,2,0,2,0,0,0,19,1,18,0,0,0,0,0,0,0,0,0
446190,Undergraduate students,25,1,24,0,0,0,0,0,0,4,0,4,2,0,2,0,0,0,19,1,18,0,0,0,0,0,0,0,0,0
446206,Total students enrolled for credit,58,3,55,0,0,0,3,1,2,11,1,10,2,0,2,0,0,0,42,1,41,0,0,0,0,0,0,0,0,0
446206,Undergraduate students,58,3,55,0,0,0,3,1,2,11,1,10,2,0,2,0,0,0,42,1,41,0,0,0,0,0,0,0,0,0
446224,Total students enrolled for credit,70,29,41,0,0,0,21,11,10,0,0,0,8,4,4,0,0,0,41,14,27,0,0,0,0,0,0,0,0,0
446224,Undergraduate students,54,26,28,0,0,0,19,10,9,0,0,0,8,4,4,0,0,0,27,12,15,0,0,0,0,0,0,0,0,0
446224,Graduate student,16,3,13,0,0,0,2,1,1,0,0,0,0,0,0,0,0,0,14,2,12,0,0,0,0,0,0,0,0,0
446233,Total students enrolled for credit,301,168,133,8,2,6,3,1,2,25,18,7,38,21,17,2,1,1,203,112,91,6,4,2,0,0,0,16,9,7
446233,Undergraduate students,298,166,132,8,2,6,3,1,2,25,18,7,38,21,17,2,1,1,200,110,90,6,4,2,0,0,0,16,9,7
446233,Graduate student,3,2,1,0,0,0,0,0,0,0,0,0,0,0,0,0,0,0,3,2,1,0,0,0,0,0,0,0,0,0
446242,Total students enrolled for credit,257,56,201,0,0,0,3,1,2,145,40,105,3,0,3,0,0,0,100,14,86,6,1,5,0,0,0,0,0,0
446242,Undergraduate students,257,56,201,0,0,0,3,1,2,145,40,105,3,0,3,0,0,0,100,14,86,6,1,5,0,0,0,0,0,0
446251,Total students enrolled for credit,75,27,48,0,0,0,13,4,9,4,2,2,8,2,6,0,0,0,36,14,22,0,0,0,3,2,1,11,3,8
446251,Undergraduate students,75,27,48,0,0,0,13,4,9,4,2,2,8,2,6,0,0,0,36,14,22,0,0,0,3,2,1,11,3,8
446260,Total students enrolled for credit,265,7,258,14,0,14,20,1,19,14,1,13,22,0,22,0,0,0,179,5,174,9,0,9,7,0,7,0,0,0
446260,Undergraduate students,265,7,258,14,0,14,20,1,19,14,1,13,22,0,22,0,0,0,179,5,174,9,0,9,7,0,7,0,0,0
446288,Total students enrolled for credit,127,4,123,0,0,0,1,0,1,8,1,7,0,0,0,9,0,9,108,3,105,1,0,1,0,0,0,0,0,0
446288,Undergraduate students,127,4,123,0,0,0,1,0,1,8,1,7,0,0,0,9,0,9,108,3,105,1,0,1,0,0,0,0,0,0
446303,Total students enrolled for credit,200,11,189,0,0,0,9,2,7,110,6,104,43,0,43,0,0,0,38,3,35,0,0,0,0,0,0,0,0,0
446303,Undergraduate students,200,11,189,0,0,0,9,2,7,110,6,104,43,0,43,0,0,0,38,3,35,0,0,0,0,0,0,0,0,0
446349,Total students enrolled for credit,23,1,22,0,0,0,0,0,0,3,0,3,0,0,0,0,0,0,19,1,18,1,0,1,0,0,0,0,0,0
446349,Undergraduate students,23,1,22,0,0,0,0,0,0,3,0,3,0,0,0,0,0,0,19,1,18,1,0,1,0,0,0,0,0,0
446385,Total students enrolled for credit,265,188,77,1,1,0,21,17,4,16,10,6,50,36,14,1,1,0,80,57,23,11,5,6,16,8,8,69,53,16
446385,Undergraduate students,265,188,77,1,1,0,21,17,4,16,10,6,50,36,14,1,1,0,80,57,23,11,5,6,16,8,8,69,53,16
446394,Total students enrolled for credit,85,40,45,0,0,0,0,0,0,85,40,45,0,0,0,0,0,0,0,0,0,0,0,0,0,0,0,0,0,0
446394,Undergraduate students,55,29,26,0,0,0,0,0,0,55,29,26,0,0,0,0,0,0,0,0,0,0,0,0,0,0,0,0,0,0
446394,Graduate student,30,11,19,0,0,0,0,0,0,30,11,19,0,0,0,0,0,0,0,0,0,0,0,0,0,0,0,0,0,0
446455,Total students enrolled for credit,138,127,11,1,1,0,0,0,0,1,1,0,1,1,0,0,0,0,133,122,11,2,2,0,0,0,0,0,0,0
446455,Undergraduate students,138,127,11,1,1,0,0,0,0,1,1,0,1,1,0,0,0,0,133,122,11,2,2,0,0,0,0,0,0,0
446516,Total students enrolled for credit,54,18,36,0,0,0,0,0,0,0,0,0,54,18,36,0,0,0,0,0,0,0,0,0,0,0,0,0,0,0
446516,Undergraduate students,54,18,36,0,0,0,0,0,0,0,0,0,54,18,36,0,0,0,0,0,0,0,0,0,0,0,0,0,0,0
446525,Total students enrolled for credit,316,261,55,2,2,0,3,3,0,149,127,22,18,15,3,0,0,0,128,103,25,12,9,3,4,2,2,0,0,0
446525,Undergraduate students,316,261,55,2,2,0,3,3,0,149,127,22,18,15,3,0,0,0,128,103,25,12,9,3,4,2,2,0,0,0
446534,Total students enrolled for credit,66,51,15,0,0,0,1,1,0,56,44,12,2,2,0,0,0,0,5,3,2,0,0,0,2,1,1,0,0,0
446534,Undergraduate students,66,51,15,0,0,0,1,1,0,56,44,12,2,2,0,0,0,0,5,3,2,0,0,0,2,1,1,0,0,0
446552,Total students enrolled for credit,2075,1029,1046,11,5,6,17,8,9,818,402,416,607,312,295,3,3,0,584,286,298,18,7,11,17,6,11,0,0,0
446552,Undergraduate students,2075,1029,1046,11,5,6,17,8,9,818,402,416,607,312,295,3,3,0,584,286,298,18,7,11,17,6,11,0,0,0
446561,Total students enrolled for credit,1865,473,1392,7,1,6,430,158,272,42,7,35,495,90,405,34,17,17,416,71,345,79,25,54,362,104,258,0,0,0
446561,Undergraduate students,1678,438,1240,7,1,6,367,145,222,35,5,30,471,88,383,34,17,17,354,60,294,79,25,54,331,97,234,0,0,0
446561,Graduate student,187,35,152,0,0,0,63,13,50,7,2,5,24,2,22,0,0,0,62,11,51,0,0,0,31,7,24,0,0,0
446589,Total students enrolled for credit,301,122,179,0,0,0,0,0,0,22,10,12,279,112,167,0,0,0,0,0,0,0,0,0,0,0,0,0,0,0
446589,Undergraduate students,301,122,179,0,0,0,0,0,0,22,10,12,279,112,167,0,0,0,0,0,0,0,0,0,0,0,0,0,0,0
446598,Total students enrolled for credit,58,12,46,0,0,0,0,0,0,3,2,1,1,1,0,0,0,0,52,8,44,0,0,0,0,0,0,2,1,1
446598,Undergraduate students,58,12,46,0,0,0,0,0,0,3,2,1,1,1,0,0,0,0,52,8,44,0,0,0,0,0,0,2,1,1
446604,Total students enrolled for credit,1778,1778,0,0,0,0,0,0,0,0,0,0,8,8,0,0,0,0,1770,1770,0,0,0,0,0,0,0,0,0,0
446604,Undergraduate students,1778,1778,0,0,0,0,0,0,0,0,0,0,8,8,0,0,0,0,1770,1770,0,0,0,0,0,0,0,0,0,0
446613,Total students enrolled for credit,36,11,25,0,0,0,0,0,0,36,11,25,0,0,0,0,0,0,0,0,0,0,0,0,0,0,0,0,0,0
446613,Undergraduate students,36,11,25,0,0,0,0,0,0,36,11,25,0,0,0,0,0,0,0,0,0,0,0,0,0,0,0,0,0,0
446640,Total students enrolled for credit,5358,3332,2026,2,1,1,67,38,29,230,117,113,58,25,33,0,0,0,334,227,107,25,15,10,17,8,9,4625,2901,1724
446640,Undergraduate students,663,389,274,1,0,1,50,26,24,213,108,105,57,25,32,0,0,0,297,204,93,24,14,10,15,8,7,6,4,2
446640,Graduate student,4695,2943,1752,1,1,0,17,12,5,17,9,8,1,0,1,0,0,0,37,23,14,1,1,0,2,0,2,4619,2897,1722
446668,Total students enrolled for credit,129,52,77,2,1,1,2,0,2,21,11,10,10,2,8,2,1,1,87,34,53,0,0,0,5,3,2,0,0,0
446668,Undergraduate students,129,52,77,2,1,1,2,0,2,21,11,10,10,2,8,2,1,1,87,34,53,0,0,0,5,3,2,0,0,0
446677,Total students enrolled for credit,112,52,60,2,1,1,3,2,1,1,0,1,19,4,15,3,1,2,68,33,35,8,5,3,8,6,2,0,0,0
446677,Undergraduate students,112,52,60,2,1,1,3,2,1,1,0,1,19,4,15,3,1,2,68,33,35,8,5,3,8,6,2,0,0,0
446774,Total students enrolled for credit,6764,2439,4325,22,6,16,107,50,57,450,186,264,249,101,148,4,4,0,5721,2008,3713,173,67,106,38,17,21,0,0,0
446774,Undergraduate students,6764,2439,4325,22,6,16,107,50,57,450,186,264,249,101,148,4,4,0,5721,2008,3713,173,67,106,38,17,21,0,0,0
446792,Total students enrolled for credit,62,48,14,1,1,0,3,2,1,17,14,3,6,5,1,2,2,0,11,8,3,2,1,1,20,15,5,0,0,0
446792,Undergraduate students,62,48,14,1,1,0,3,2,1,17,14,3,6,5,1,2,2,0,11,8,3,2,1,1,20,15,5,0,0,0
446808,Total students enrolled for credit,116,65,51,0,0,0,12,7,5,14,8,6,4,2,2,4,2,2,34,21,13,3,1,2,45,24,21,0,0,0
446808,Undergraduate students,116,65,51,0,0,0,12,7,5,14,8,6,4,2,2,4,2,2,34,21,13,3,1,2,45,24,21,0,0,0
446835,Total students enrolled for credit,450,234,216,0,0,0,11,7,4,86,42,44,134,68,66,0,0,0,49,30,19,0,0,0,170,87,83,0,0,0
446835,Undergraduate students,450,234,216,0,0,0,11,7,4,86,42,44,134,68,66,0,0,0,49,30,19,0,0,0,170,87,83,0,0,0
446844,Total students enrolled for credit,156,76,80,3,2,1,6,3,3,18,6,12,5,2,3,1,0,1,60,28,32,1,0,1,62,35,27,0,0,0
446844,Undergraduate students,156,76,80,3,2,1,6,3,3,18,6,12,5,2,3,1,0,1,60,28,32,1,0,1,62,35,27,0,0,0
446880,Total students enrolled for credit,643,152,491,4,0,4,3,0,3,477,115,362,5,2,3,0,0,0,131,32,99,6,2,4,17,1,16,0,0,0
446880,Undergraduate students,643,152,491,4,0,4,3,0,3,477,115,362,5,2,3,0,0,0,131,32,99,6,2,4,17,1,16,0,0,0
446996,Total students enrolled for credit,103,26,77,0,0,0,0,0,0,13,9,4,12,8,4,0,0,0,78,9,69,0,0,0,0,0,0,0,0,0
446996,Undergraduate students,103,26,77,0,0,0,0,0,0,13,9,4,12,8,4,0,0,0,78,9,69,0,0,0,0,0,0,0,0,0
447014,Total students enrolled for credit,398,24,374,2,0,2,2,0,2,117,10,107,35,1,34,2,0,2,232,13,219,2,0,2,6,0,6,0,0,0
447014,Undergraduate students,398,24,374,2,0,2,2,0,2,117,10,107,35,1,34,2,0,2,232,13,219,2,0,2,6,0,6,0,0,0
447023,Total students enrolled for credit,1014,520,494,1,0,1,2,1,1,670,334,336,25,13,12,1,1,0,307,167,140,3,1,2,5,3,2,0,0,0
447023,Undergraduate students,1014,520,494,1,0,1,2,1,1,670,334,336,25,13,12,1,1,0,307,167,140,3,1,2,5,3,2,0,0,0
447050,Total students enrolled for credit,462,195,267,2,0,2,55,24,31,39,9,30,92,32,60,6,3,3,54,13,41,25,5,20,38,17,21,151,92,59
447050,Undergraduate students,152,42,110,1,0,1,9,1,8,30,6,24,45,14,31,3,1,2,33,8,25,17,3,14,12,8,4,2,1,1
447050,Graduate student,310,153,157,1,0,1,46,23,23,9,3,6,47,18,29,3,2,1,21,5,16,8,2,6,26,9,17,149,91,58
447102,Total students enrolled for credit,394,59,335,8,1,7,9,2,7,25,2,23,287,43,244,1,0,1,54,8,46,2,0,2,8,3,5,0,0,0
447102,Undergraduate students,394,59,335,8,1,7,9,2,7,25,2,23,287,43,244,1,0,1,54,8,46,2,0,2,8,3,5,0,0,0
447120,Total students enrolled for credit,370,46,324,0,0,0,10,1,9,30,3,27,249,34,215,2,1,1,59,3,56,4,1,3,16,3,13,0,0,0
447120,Undergraduate students,370,46,324,0,0,0,10,1,9,30,3,27,249,34,215,2,1,1,59,3,56,4,1,3,16,3,13,0,0,0
447148,Total students enrolled for credit,306,14,292,2,0,2,1,0,1,59,8,51,137,4,133,1,0,1,74,2,72,3,0,3,29,0,29,0,0,0
447148,Undergraduate students,306,14,292,2,0,2,1,0,1,59,8,51,137,4,133,1,0,1,74,2,72,3,0,3,29,0,29,0,0,0
447166,Total students enrolled for credit,122,2,120,1,0,1,0,0,0,6,0,6,36,1,35,1,0,1,55,1,54,8,0,8,15,0,15,0,0,0
447166,Undergraduate students,122,2,120,1,0,1,0,0,0,6,0,6,36,1,35,1,0,1,55,1,54,8,0,8,15,0,15,0,0,0
447175,Total students enrolled for credit,119,6,113,0,0,0,1,0,1,57,4,53,22,0,22,1,0,1,22,1,21,6,0,6,10,1,9,0,0,0
447175,Undergraduate students,119,6,113,0,0,0,1,0,1,57,4,53,22,0,22,1,0,1,22,1,21,6,0,6,10,1,9,0,0,0
447209,Total students enrolled for credit,229,31,198,1,0,1,7,2,5,101,14,87,16,5,11,1,0,1,89,6,83,12,3,9,2,1,1,0,0,0
447209,Undergraduate students,229,31,198,1,0,1,7,2,5,101,14,87,16,5,11,1,0,1,89,6,83,12,3,9,2,1,1,0,0,0
447263,Total students enrolled for credit,900,187,713,6,1,5,17,2,15,22,5,17,80,21,59,3,0,3,708,148,560,38,4,34,25,6,19,1,0,1
447263,Undergraduate students,900,187,713,6,1,5,17,2,15,22,5,17,80,21,59,3,0,3,708,148,560,38,4,34,25,6,19,1,0,1
447272,Total students enrolled for credit,677,244,433,6,4,2,26,11,15,288,88,200,247,90,157,9,5,4,76,36,40,0,0,0,15,7,8,10,3,7
447272,Undergraduate students,392,144,248,4,3,1,13,7,6,151,47,104,170,60,110,7,4,3,32,16,16,0,0,0,9,4,5,6,3,3
447272,Graduate student,285,100,185,2,1,1,13,4,9,137,41,96,77,30,47,2,1,1,44,20,24,0,0,0,6,3,3,4,0,4
447290,Total students enrolled for credit,230,70,160,0,0,0,1,0,1,165,52,113,53,15,38,2,0,2,5,2,3,0,0,0,2,0,2,2,1,1
447290,Undergraduate students,230,70,160,0,0,0,1,0,1,165,52,113,53,15,38,2,0,2,5,2,3,0,0,0,2,0,2,2,1,1
447379,Total students enrolled for credit,496,48,448,26,1,25,4,1,3,89,12,77,48,6,42,1,0,1,257,20,237,61,7,54,9,0,9,1,1,0
447379,Undergraduate students,496,48,448,26,1,25,4,1,3,89,12,77,48,6,42,1,0,1,257,20,237,61,7,54,9,0,9,1,1,0
447403,Total students enrolled for credit,896,871,25,1,1,0,12,12,0,70,69,1,144,142,2,3,3,0,592,573,19,50,49,1,24,22,2,0,0,0
447403,Undergraduate students,896,871,25,1,1,0,12,12,0,70,69,1,144,142,2,3,3,0,592,573,19,50,49,1,24,22,2,0,0,0
447421,Total students enrolled for credit,357,98,259,2,1,1,5,1,4,15,6,9,60,17,43,2,1,1,265,71,194,8,1,7,0,0,0,0,0,0
447421,Undergraduate students,357,98,259,2,1,1,5,1,4,15,6,9,60,17,43,2,1,1,265,71,194,8,1,7,0,0,0,0,0,0
447430,Total students enrolled for credit,166,10,156,1,0,1,4,0,4,39,0,39,66,5,61,2,0,2,49,4,45,5,1,4,0,0,0,0,0,0
447430,Undergraduate students,166,10,156,1,0,1,4,0,4,39,0,39,66,5,61,2,0,2,49,4,45,5,1,4,0,0,0,0,0,0
447449,Total students enrolled for credit,53,3,50,0,0,0,0,0,0,17,1,16,1,1,0,2,0,2,33,1,32,0,0,0,0,0,0,0,0,0
447449,Undergraduate students,53,3,50,0,0,0,0,0,0,17,1,16,1,1,0,2,0,2,33,1,32,0,0,0,0,0,0,0,0,0
447458,Total students enrolled for credit,712,554,158,11,8,3,60,35,25,139,108,31,104,83,21,5,4,1,183,141,42,51,43,8,158,132,26,1,0,1
447458,Undergraduate students,712,554,158,11,8,3,60,35,25,139,108,31,104,83,21,5,4,1,183,141,42,51,43,8,158,132,26,1,0,1
447467,Total students enrolled for credit,397,23,374,0,0,0,0,0,0,260,16,244,6,0,6,0,0,0,130,7,123,0,0,0,1,0,1,0,0,0
447467,Undergraduate students,397,23,374,0,0,0,0,0,0,260,16,244,6,0,6,0,0,0,130,7,123,0,0,0,1,0,1,0,0,0
447476,Total students enrolled for credit,27,9,18,0,0,0,0,0,0,9,3,6,1,0,1,0,0,0,14,5,9,3,1,2,0,0,0,0,0,0
447476,Undergraduate students,27,9,18,0,0,0,0,0,0,9,3,6,1,0,1,0,0,0,14,5,9,3,1,2,0,0,0,0,0,0
447494,Total students enrolled for credit,173,20,153,0,0,0,2,1,1,20,2,18,32,0,32,0,0,0,98,12,86,5,2,3,16,3,13,0,0,0
447494,Undergraduate students,173,20,153,0,0,0,2,1,1,20,2,18,32,0,32,0,0,0,98,12,86,5,2,3,16,3,13,0,0,0
447519,Total students enrolled for credit,192,14,178,0,0,0,10,1,9,8,0,8,23,3,20,0,0,0,141,8,133,1,0,1,9,2,7,0,0,0
447519,Undergraduate students,192,14,178,0,0,0,10,1,9,8,0,8,23,3,20,0,0,0,141,8,133,1,0,1,9,2,7,0,0,0
447582,Total students enrolled for credit,2390,933,1457,6,1,5,27,10,17,155,72,83,20,6,14,0,0,0,2154,829,1325,28,15,13,0,0,0,0,0,0
447582,Undergraduate students,2390,933,1457,6,1,5,27,10,17,155,72,83,20,6,14,0,0,0,2154,829,1325,28,15,13,0,0,0,0,0,0
447591,Total students enrolled for credit,667,94,573,1,0,1,15,1,14,221,23,198,355,60,295,2,0,2,41,7,34,6,0,6,26,3,23,0,0,0
447591,Undergraduate students,667,94,573,1,0,1,15,1,14,221,23,198,355,60,295,2,0,2,41,7,34,6,0,6,26,3,23,0,0,0
447607,Total students enrolled for credit,757,286,471,4,0,4,39,20,19,76,39,37,534,187,347,9,4,5,55,21,34,35,14,21,5,1,4,0,0,0
447607,Undergraduate students,757,286,471,4,0,4,39,20,19,76,39,37,534,187,347,9,4,5,55,21,34,35,14,21,5,1,4,0,0,0
447616,Total students enrolled for credit,820,310,510,2,2,0,39,13,26,22,13,9,701,259,442,2,1,1,37,13,24,13,9,4,4,0,4,0,0,0
447616,Undergraduate students,820,310,510,2,2,0,39,13,26,22,13,9,701,259,442,2,1,1,37,13,24,13,9,4,4,0,4,0,0,0
447634,Total students enrolled for credit,452,93,359,1,0,1,5,1,4,28,5,23,352,75,277,1,1,0,51,11,40,1,0,1,13,0,13,0,0,0
447634,Undergraduate students,452,93,359,1,0,1,5,1,4,28,5,23,352,75,277,1,1,0,51,11,40,1,0,1,13,0,13,0,0,0
447689,Total students enrolled for credit,14770,6365,8405,25,15,10,1580,740,840,4917,1921,2996,2481,973,1508,15,7,8,4783,2297,2486,556,233,323,125,59,66,288,120,168
447689,Undergraduate students,14770,6365,8405,25,15,10,1580,740,840,4917,1921,2996,2481,973,1508,15,7,8,4783,2297,2486,556,233,323,125,59,66,288,120,168
447698,Total students enrolled for credit,144,36,108,0,0,0,12,2,10,18,5,13,8,2,6,0,0,0,94,23,71,8,2,6,3,1,2,1,1,0
447698,Graduate student,144,36,108,0,0,0,12,2,10,18,5,13,8,2,6,0,0,0,94,23,71,8,2,6,3,1,2,1,1,0
447704,Total students enrolled for credit,110,5,105,1,0,1,2,0,2,0,0,0,19,2,17,0,0,0,19,1,18,0,0,0,69,2,67,0,0,0
447704,Undergraduate students,110,5,105,1,0,1,2,0,2,0,0,0,19,2,17,0,0,0,19,1,18,0,0,0,69,2,67,0,0,0
447713,Total students enrolled for credit,132,29,103,16,6,10,19,4,15,19,5,14,34,5,29,10,3,7,32,5,27,2,1,1,0,0,0,0,0,0
447713,Undergraduate students,132,29,103,16,6,10,19,4,15,19,5,14,34,5,29,10,3,7,32,5,27,2,1,1,0,0,0,0,0,0
447722,Total students enrolled for credit,44,8,36,0,0,0,3,1,2,1,0,1,34,5,29,0,0,0,6,2,4,0,0,0,0,0,0,0,0,0
447722,Undergraduate students,44,8,36,0,0,0,3,1,2,1,0,1,34,5,29,0,0,0,6,2,4,0,0,0,0,0,0,0,0,0
447731,Total students enrolled for credit,258,28,230,0,0,0,85,6,79,37,2,35,63,12,51,2,0,2,21,3,18,6,0,6,3,0,3,41,5,36
447731,Undergraduate students,258,28,230,0,0,0,85,6,79,37,2,35,63,12,51,2,0,2,21,3,18,6,0,6,3,0,3,41,5,36
447759,Total students enrolled for credit,244,66,178,3,0,3,34,18,16,15,5,10,174,34,140,4,2,2,12,6,6,0,0,0,0,0,0,2,1,1
447759,Undergraduate students,244,66,178,3,0,3,34,18,16,15,5,10,174,34,140,4,2,2,12,6,6,0,0,0,0,0,0,2,1,1
447768,Total students enrolled for credit,2243,486,1757,9,3,6,161,71,90,191,27,164,1314,239,1075,31,15,16,321,82,239,189,39,150,26,9,17,1,1,0
447768,Undergraduate students,2243,486,1757,9,3,6,161,71,90,191,27,164,1314,239,1075,31,15,16,321,82,239,189,39,150,26,9,17,1,1,0
447777,Total students enrolled for credit,869,518,351,4,0,4,131,77,54,284,157,127,136,85,51,12,5,7,287,184,103,9,6,3,6,4,2,0,0,0
447777,Undergraduate students,869,518,351,4,0,4,131,77,54,284,157,127,136,85,51,12,5,7,287,184,103,9,6,3,6,4,2,0,0,0
447795,Total students enrolled for credit,66,27,39,0,0,0,17,7,10,11,6,5,9,3,6,0,0,0,28,11,17,0,0,0,0,0,0,1,0,1
447795,Undergraduate students,66,27,39,0,0,0,17,7,10,11,6,5,9,3,6,0,0,0,28,11,17,0,0,0,0,0,0,1,0,1
447801,Total students enrolled for credit,346,131,215,0,0,0,337,127,210,0,0,0,3,2,1,0,0,0,2,1,1,0,0,0,4,1,3,0,0,0
447801,Graduate student,346,131,215,0,0,0,337,127,210,0,0,0,3,2,1,0,0,0,2,1,1,0,0,0,4,1,3,0,0,0
447810,Total students enrolled for credit,489,40,449,2,0,2,36,4,32,71,3,68,161,13,148,16,2,14,159,14,145,42,4,38,2,0,2,0,0,0
447810,Undergraduate students,489,40,449,2,0,2,36,4,32,71,3,68,161,13,148,16,2,14,159,14,145,42,4,38,2,0,2,0,0,0
447847,Total students enrolled for credit,180,155,25,1,1,0,40,36,4,4,4,0,42,37,5,0,0,0,36,30,6,4,1,3,1,1,0,52,45,7
447847,Undergraduate students,180,155,25,1,1,0,40,36,4,4,4,0,42,37,5,0,0,0,36,30,6,4,1,3,1,1,0,52,45,7
447865,Total students enrolled for credit,45,36,9,0,0,0,1,1,0,38,31,7,3,2,1,0,0,0,3,2,1,0,0,0,0,0,0,0,0,0
447865,Undergraduate students,45,36,9,0,0,0,1,1,0,38,31,7,3,2,1,0,0,0,3,2,1,0,0,0,0,0,0,0,0,0
447874,Total students enrolled for credit,501,494,7,5,5,0,0,0,0,35,35,0,57,55,2,4,4,0,396,391,5,2,2,0,2,2,0,0,0,0
447874,Undergraduate students,501,494,7,5,5,0,0,0,0,35,35,0,57,55,2,4,4,0,396,391,5,2,2,0,2,2,0,0,0,0
447883,Total students enrolled for credit,403,135,268,0,0,0,4,2,2,120,57,63,50,25,25,0,0,0,226,50,176,1,1,0,2,0,2,0,0,0
447883,Undergraduate students,403,135,268,0,0,0,4,2,2,120,57,63,50,25,25,0,0,0,226,50,176,1,1,0,2,0,2,0,0,0
447892,Total students enrolled for credit,249,54,195,0,0,0,1,0,1,174,44,130,5,1,4,0,0,0,59,8,51,5,1,4,5,0,5,0,0,0
447892,Undergraduate students,249,54,195,0,0,0,1,0,1,174,44,130,5,1,4,0,0,0,59,8,51,5,1,4,5,0,5,0,0,0
447908,Total students enrolled for credit,53,6,47,0,0,0,0,0,0,50,4,46,1,1,0,0,0,0,1,1,0,1,0,1,0,0,0,0,0,0
447908,Undergraduate students,53,6,47,0,0,0,0,0,0,50,4,46,1,1,0,0,0,0,1,1,0,1,0,1,0,0,0,0,0,0
447917,Total students enrolled for credit,55,10,45,0,0,0,1,0,1,21,5,16,2,1,1,0,0,0,31,4,27,0,0,0,0,0,0,0,0,0
447917,Undergraduate students,55,10,45,0,0,0,1,0,1,21,5,16,2,1,1,0,0,0,31,4,27,0,0,0,0,0,0,0,0,0
447935,Total students enrolled for credit,398,22,376,0,0,0,4,2,2,159,5,154,12,3,9,2,0,2,153,7,146,20,1,19,48,4,44,0,0,0
447935,Undergraduate students,398,22,376,0,0,0,4,2,2,159,5,154,12,3,9,2,0,2,153,7,146,20,1,19,48,4,44,0,0,0
447953,Total students enrolled for credit,737,402,335,1,0,1,68,38,30,137,81,56,163,86,77,5,1,4,334,184,150,7,1,6,22,11,11,0,0,0
447953,Undergraduate students,617,322,295,0,0,0,39,23,16,93,45,48,157,83,74,4,0,4,298,162,136,7,1,6,19,8,11,0,0,0
447953,Graduate student,120,80,40,1,0,1,29,15,14,44,36,8,6,3,3,1,1,0,36,22,14,0,0,0,3,3,0,0,0,0
447962,Total students enrolled for credit,327,71,256,0,0,0,2,0,2,137,36,101,4,1,3,0,0,0,183,34,149,1,0,1,0,0,0,0,0,0
447962,Undergraduate students,327,71,256,0,0,0,2,0,2,137,36,101,4,1,3,0,0,0,183,34,149,1,0,1,0,0,0,0,0,0
447971,Total students enrolled for credit,188,11,177,0,0,0,13,3,10,69,3,66,52,3,49,0,0,0,44,1,43,0,0,0,10,1,9,0,0,0
447971,Undergraduate students,188,11,177,0,0,0,13,3,10,69,3,66,52,3,49,0,0,0,44,1,43,0,0,0,10,1,9,0,0,0
447980,Total students enrolled for credit,140,10,130,1,0,1,0,0,0,41,7,34,15,0,15,0,0,0,82,3,79,1,0,1,0,0,0,0,0,0
447980,Undergraduate students,140,10,130,1,0,1,0,0,0,41,7,34,15,0,15,0,0,0,82,3,79,1,0,1,0,0,0,0,0,0
447999,Total students enrolled for credit,330,75,255,2,0,2,9,0,9,72,14,58,22,6,16,0,0,0,216,51,165,1,0,1,8,4,4,0,0,0
447999,Undergraduate students,330,75,255,2,0,2,9,0,9,72,14,58,22,6,16,0,0,0,216,51,165,1,0,1,8,4,4,0,0,0
448008,Total students enrolled for credit,24,1,23,0,0,0,0,0,0,0,0,0,1,0,1,0,0,0,23,1,22,0,0,0,0,0,0,0,0,0
448008,Undergraduate students,24,1,23,0,0,0,0,0,0,0,0,0,1,0,1,0,0,0,23,1,22,0,0,0,0,0,0,0,0,0
448017,Total students enrolled for credit,234,11,223,0,0,0,0,0,0,193,4,189,1,0,1,1,0,1,38,7,31,1,0,1,0,0,0,0,0,0
448017,Undergraduate students,234,11,223,0,0,0,0,0,0,193,4,189,1,0,1,1,0,1,38,7,31,1,0,1,0,0,0,0,0,0
448026,Total students enrolled for credit,148,3,145,1,1,0,3,0,3,3,0,3,6,0,6,0,0,0,133,2,131,2,0,2,0,0,0,0,0,0
448026,Undergraduate students,148,3,145,1,1,0,3,0,3,3,0,3,6,0,6,0,0,0,133,2,131,2,0,2,0,0,0,0,0,0
448035,Total students enrolled for credit,72,21,51,2,1,1,0,0,0,0,0,0,29,9,20,0,0,0,27,4,23,10,3,7,4,4,0,0,0,0
448035,Undergraduate students,72,21,51,2,1,1,0,0,0,0,0,0,29,9,20,0,0,0,27,4,23,10,3,7,4,4,0,0,0,0
448044,Total students enrolled for credit,7,2,5,0,0,0,0,0,0,2,0,2,3,2,1,0,0,0,1,0,1,1,0,1,0,0,0,0,0,0
448044,Undergraduate students,7,2,5,0,0,0,0,0,0,2,0,2,3,2,1,0,0,0,1,0,1,1,0,1,0,0,0,0,0,0
448071,Total students enrolled for credit,359,32,327,0,0,0,16,0,16,110,6,104,106,12,94,1,0,1,95,8,87,21,5,16,10,1,9,0,0,0
448071,Undergraduate students,359,32,327,0,0,0,16,0,16,110,6,104,106,12,94,1,0,1,95,8,87,21,5,16,10,1,9,0,0,0
448123,Total students enrolled for credit,359,74,285,0,0,0,0,0,0,0,0,0,359,74,285,0,0,0,0,0,0,0,0,0,0,0,0,0,0,0
448123,Undergraduate students,359,74,285,0,0,0,0,0,0,0,0,0,359,74,285,0,0,0,0,0,0,0,0,0,0,0,0,0,0,0
448150,Total students enrolled for credit,107,7,100,0,0,0,0,0,0,16,4,12,3,0,3,0,0,0,86,3,83,2,0,2,0,0,0,0,0,0
448150,Undergraduate students,107,7,100,0,0,0,0,0,0,16,4,12,3,0,3,0,0,0,86,3,83,2,0,2,0,0,0,0,0,0
448196,Total students enrolled for credit,296,43,253,0,0,0,21,8,13,108,12,96,106,14,92,4,1,3,54,8,46,2,0,2,1,0,1,0,0,0
448196,Undergraduate students,296,43,253,0,0,0,21,8,13,108,12,96,106,14,92,4,1,3,54,8,46,2,0,2,1,0,1,0,0,0
448220,Total students enrolled for credit,162,4,158,1,0,1,0,0,0,3,0,3,13,0,13,1,0,1,124,3,121,4,0,4,16,1,15,0,0,0
448220,Undergraduate students,162,4,158,1,0,1,0,0,0,3,0,3,13,0,13,1,0,1,124,3,121,4,0,4,16,1,15,0,0,0
448239,Total students enrolled for credit,177,2,175,0,0,0,4,0,4,0,0,0,10,1,9,1,0,1,152,1,151,9,0,9,1,0,1,0,0,0
448239,Undergraduate students,177,2,175,0,0,0,4,0,4,0,0,0,10,1,9,1,0,1,152,1,151,9,0,9,1,0,1,0,0,0
448248,Total students enrolled for credit,3632,1768,1864,20,12,8,30,7,23,31,17,14,545,221,324,25,18,7,2903,1462,1441,78,31,47,0,0,0,0,0,0
448248,Undergraduate students,3632,1768,1864,20,12,8,30,7,23,31,17,14,545,221,324,25,18,7,2903,1462,1441,78,31,47,0,0,0,0,0,0
448257,Total students enrolled for credit,47,1,46,0,0,0,10,0,10,13,0,13,7,0,7,0,0,0,17,1,16,0,0,0,0,0,0,0,0,0
448257,Undergraduate students,47,1,46,0,0,0,10,0,10,13,0,13,7,0,7,0,0,0,17,1,16,0,0,0,0,0,0,0,0,0
448275,Total students enrolled for credit,25,8,17,0,0,0,1,0,1,2,2,0,1,0,1,0,0,0,21,6,15,0,0,0,0,0,0,0,0,0
448275,Undergraduate students,25,8,17,0,0,0,1,0,1,2,2,0,1,0,1,0,0,0,21,6,15,0,0,0,0,0,0,0,0,0
448284,Total students enrolled for credit,2619,722,1897,16,5,11,26,6,20,89,41,48,91,32,59,3,0,3,2167,583,1584,41,13,28,179,38,141,7,4,3
448284,Undergraduate students,856,301,555,8,4,4,16,5,11,52,25,27,52,18,34,2,0,2,677,235,442,25,8,17,24,6,18,0,0,0
448284,Graduate student,1763,421,1342,8,1,7,10,1,9,37,16,21,39,14,25,1,0,1,1490,348,1142,16,5,11,155,32,123,7,4,3
448309,Total students enrolled for credit,405,97,308,0,0,0,3,2,1,251,41,210,10,2,8,2,1,1,92,34,58,9,3,6,23,6,17,15,8,7
448309,Undergraduate students,307,69,238,0,0,0,1,1,0,192,33,159,9,2,7,2,1,1,78,27,51,5,1,4,19,4,15,1,0,1
448309,Graduate student,98,28,70,0,0,0,2,1,1,59,8,51,1,0,1,0,0,0,14,7,7,4,2,2,4,2,2,14,8,6
448345,Total students enrolled for credit,944,369,575,8,5,3,15,8,7,279,107,172,75,37,38,9,3,6,527,195,332,0,0,0,22,11,11,9,3,6
448345,Undergraduate students,944,369,575,8,5,3,15,8,7,279,107,172,75,37,38,9,3,6,527,195,332,0,0,0,22,11,11,9,3,6
448354,Total students enrolled for credit,226,25,201,0,0,0,11,3,8,86,15,71,96,7,89,0,0,0,33,0,33,0,0,0,0,0,0,0,0,0
448354,Undergraduate students,226,25,201,0,0,0,11,3,8,86,15,71,96,7,89,0,0,0,33,0,33,0,0,0,0,0,0,0,0,0
448424,Total students enrolled for credit,120,4,116,13,0,13,8,0,8,19,0,19,7,1,6,0,0,0,58,3,55,15,0,15,0,0,0,0,0,0
448424,Undergraduate students,120,4,116,13,0,13,8,0,8,19,0,19,7,1,6,0,0,0,58,3,55,15,0,15,0,0,0,0,0,0
448433,Total students enrolled for credit,1894,1836,58,18,17,1,114,114,0,50,50,0,822,802,20,26,25,1,642,615,27,166,157,9,56,56,0,0,0,0
448433,Undergraduate students,1894,1836,58,18,17,1,114,114,0,50,50,0,822,802,20,26,25,1,642,615,27,166,157,9,56,56,0,0,0,0
448567,Total students enrolled for credit,126,38,88,1,0,1,0,0,0,80,22,58,4,1,3,2,1,1,10,2,8,4,1,3,25,11,14,0,0,0
448567,Undergraduate students,123,37,86,1,0,1,0,0,0,77,21,56,4,1,3,2,1,1,10,2,8,4,1,3,25,11,14,0,0,0
448567,Graduate student,3,1,2,0,0,0,0,0,0,3,1,2,0,0,0,0,0,0,0,0,0,0,0,0,0,0,0,0,0,0
448576,Total students enrolled for credit,1520,928,592,19,9,10,42,30,12,221,133,88,787,469,318,36,28,8,335,201,134,0,0,0,74,56,18,6,2,4
448576,Undergraduate students,1520,928,592,19,9,10,42,30,12,221,133,88,787,469,318,36,28,8,335,201,134,0,0,0,74,56,18,6,2,4
448585,Total students enrolled for credit,388,52,336,4,0,4,9,1,8,78,15,63,31,4,27,0,0,0,246,29,217,5,1,4,12,1,11,3,1,2
448585,Undergraduate students,388,52,336,4,0,4,9,1,8,78,15,63,31,4,27,0,0,0,246,29,217,5,1,4,12,1,11,3,1,2
448594,Total students enrolled for credit,5996,2285,3711,44,15,29,331,126,205,310,133,177,3561,1315,2246,18,6,12,1424,566,858,177,78,99,114,38,76,17,8,9
448594,Undergraduate students,5996,2285,3711,44,15,29,331,126,205,310,133,177,3561,1315,2246,18,6,12,1424,566,858,177,78,99,114,38,76,17,8,9
448600,Total students enrolled for credit,686,57,629,1,0,1,1,0,1,149,16,133,32,3,29,0,0,0,471,35,436,18,2,16,14,1,13,0,0,0
448600,Undergraduate students,686,57,629,1,0,1,1,0,1,149,16,133,32,3,29,0,0,0,471,35,436,18,2,16,14,1,13,0,0,0
448619,Total students enrolled for credit,723,72,651,1,0,1,12,3,9,345,41,304,144,9,135,4,0,4,169,15,154,17,1,16,31,3,28,0,0,0
448619,Undergraduate students,723,72,651,1,0,1,12,3,9,345,41,304,144,9,135,4,0,4,169,15,154,17,1,16,31,3,28,0,0,0
448646,Total students enrolled for credit,299,12,287,0,0,0,0,0,0,94,4,90,5,0,5,0,0,0,194,8,186,0,0,0,6,0,6,0,0,0
448646,Undergraduate students,299,12,287,0,0,0,0,0,0,94,4,90,5,0,5,0,0,0,194,8,186,0,0,0,6,0,6,0,0,0
448664,Total students enrolled for credit,330,241,89,2,2,0,2,2,0,135,92,43,22,18,4,0,0,0,161,123,38,4,2,2,4,2,2,0,0,0
448664,Undergraduate students,330,241,89,2,2,0,2,2,0,135,92,43,22,18,4,0,0,0,161,123,38,4,2,2,4,2,2,0,0,0
448673,Total students enrolled for credit,2807,446,2361,48,5,43,89,18,71,793,88,705,49,14,35,9,2,7,1313,231,1082,14,2,12,492,86,406,0,0,0
448673,Undergraduate students,2807,446,2361,48,5,43,89,18,71,793,88,705,49,14,35,9,2,7,1313,231,1082,14,2,12,492,86,406,0,0,0
448691,Total students enrolled for credit,190,46,144,0,0,0,1,0,1,20,7,13,3,0,3,0,0,0,108,26,82,3,2,1,30,7,23,25,4,21
448691,Graduate student,190,46,144,0,0,0,1,0,1,20,7,13,3,0,3,0,0,0,108,26,82,3,2,1,30,7,23,25,4,21
448707,Total students enrolled for credit,310,82,228,0,0,0,0,0,0,0,0,0,310,82,228,0,0,0,0,0,0,0,0,0,0,0,0,0,0,0
448707,Undergraduate students,310,82,228,0,0,0,0,0,0,0,0,0,310,82,228,0,0,0,0,0,0,0,0,0,0,0,0,0,0,0
448716,Total students enrolled for credit,260,54,206,0,0,0,0,0,0,0,0,0,260,54,206,0,0,0,0,0,0,0,0,0,0,0,0,0,0,0
448716,Undergraduate students,260,54,206,0,0,0,0,0,0,0,0,0,260,54,206,0,0,0,0,0,0,0,0,0,0,0,0,0,0,0
448734,Total students enrolled for credit,618,171,447,9,2,7,15,5,10,73,24,49,102,27,75,4,1,3,399,102,297,0,0,0,9,4,5,7,6,1
448734,Undergraduate students,315,71,244,4,1,3,7,1,6,36,14,22,57,12,45,3,1,2,202,40,162,0,0,0,5,1,4,1,1,0
448734,Graduate student,303,100,203,5,1,4,8,4,4,37,10,27,45,15,30,1,0,1,197,62,135,0,0,0,4,3,1,6,5,1
448752,Total students enrolled for credit,331,154,177,4,1,3,2,1,1,79,53,26,51,17,34,6,0,6,147,62,85,38,17,21,4,3,1,0,0,0
448752,Undergraduate students,331,154,177,4,1,3,2,1,1,79,53,26,51,17,34,6,0,6,147,62,85,38,17,21,4,3,1,0,0,0
448761,Total students enrolled for credit,162,67,95,0,0,0,1,1,0,6,4,2,31,4,27,0,0,0,91,45,46,29,13,16,4,0,4,0,0,0
448761,Undergraduate students,162,67,95,0,0,0,1,1,0,6,4,2,31,4,27,0,0,0,91,45,46,29,13,16,4,0,4,0,0,0
448770,Total students enrolled for credit,432,419,13,1,1,0,13,13,0,57,54,3,122,118,4,2,2,0,232,226,6,2,2,0,3,3,0,0,0,0
448770,Undergraduate students,432,419,13,1,1,0,13,13,0,57,54,3,122,118,4,2,2,0,232,226,6,2,2,0,3,3,0,0,0,0
448798,Total students enrolled for credit,146,4,142,0,0,0,0,0,0,99,2,97,18,1,17,1,0,1,17,1,16,9,0,9,2,0,2,0,0,0
448798,Undergraduate students,146,4,142,0,0,0,0,0,0,99,2,97,18,1,17,1,0,1,17,1,16,9,0,9,2,0,2,0,0,0
448840,Total students enrolled for credit,5731,2139,3592,16,9,7,211,76,135,453,140,313,894,324,570,9,2,7,3746,1454,2292,210,60,150,142,50,92,50,24,26
448840,Undergraduate students,4880,1847,3033,13,8,5,184,65,119,390,127,263,803,291,512,8,1,7,3134,1246,1888,192,53,139,119,40,79,37,16,21
448840,Graduate student,851,292,559,3,1,2,27,11,16,63,13,50,91,33,58,1,1,0,612,208,404,18,7,11,23,10,13,13,8,5
448859,Total students enrolled for credit,196,189,7,0,0,0,3,3,0,16,14,2,48,45,3,2,2,0,123,121,2,4,4,0,0,0,0,0,0,0
448859,Undergraduate students,196,189,7,0,0,0,3,3,0,16,14,2,48,45,3,2,2,0,123,121,2,4,4,0,0,0,0,0,0,0
448886,Total students enrolled for credit,13001,4478,8523,290,82,208,638,219,419,793,271,522,3468,1150,2318,28,13,15,6792,2355,4437,540,173,367,117,46,71,335,169,166
448886,Undergraduate students,10209,3457,6752,231,65,166,522,178,344,633,215,418,2960,985,1975,20,7,13,5125,1733,3392,429,136,293,77,24,53,212,114,98
448886,Graduate student,2792,1021,1771,59,17,42,116,41,75,160,56,104,508,165,343,8,6,2,1667,622,1045,111,37,74,40,22,18,123,55,68
448895,Total students enrolled for credit,640,114,526,10,3,7,38,9,29,73,15,58,366,67,299,3,0,3,126,16,110,14,4,10,10,0,10,0,0,0
448895,Undergraduate students,640,114,526,10,3,7,38,9,29,73,15,58,366,67,299,3,0,3,126,16,110,14,4,10,10,0,10,0,0,0
448974,Total students enrolled for credit,337,82,255,1,0,1,2,1,1,181,51,130,24,7,17,3,2,1,94,14,80,16,3,13,16,4,12,0,0,0
448974,Undergraduate students,337,82,255,1,0,1,2,1,1,181,51,130,24,7,17,3,2,1,94,14,80,16,3,13,16,4,12,0,0,0
448983,Total students enrolled for credit,428,81,347,1,0,1,22,4,18,123,26,97,124,21,103,0,0,0,127,24,103,21,5,16,10,1,9,0,0,0
448983,Undergraduate students,428,81,347,1,0,1,22,4,18,123,26,97,124,21,103,0,0,0,127,24,103,21,5,16,10,1,9,0,0,0
449010,Total students enrolled for credit,745,389,356,5,1,4,8,5,3,156,88,68,63,34,29,4,1,3,315,148,167,23,13,10,171,99,72,0,0,0
449010,Undergraduate students,745,389,356,5,1,4,8,5,3,156,88,68,63,34,29,4,1,3,315,148,167,23,13,10,171,99,72,0,0,0
449038,Total students enrolled for credit,3532,1366,2166,10,2,8,56,29,27,1701,547,1154,803,343,460,5,4,1,703,334,369,84,28,56,123,59,64,47,20,27
449038,Undergraduate students,2633,1026,1607,8,1,7,40,19,21,1256,405,851,616,269,347,5,4,1,529,250,279,65,21,44,96,46,50,18,11,7
449038,Graduate student,899,340,559,2,1,1,16,10,6,445,142,303,187,74,113,0,0,0,174,84,90,19,7,12,27,13,14,29,9,20
449074,Total students enrolled for credit,1179,142,1037,9,2,7,184,34,150,107,14,93,222,17,205,12,1,11,543,61,482,76,13,63,26,0,26,0,0,0
449074,Undergraduate students,1179,142,1037,9,2,7,184,34,150,107,14,93,222,17,205,12,1,11,543,61,482,76,13,63,26,0,26,0,0,0
449083,Total students enrolled for credit,481,465,16,1,1,0,0,0,0,3,3,0,472,458,14,0,0,0,2,1,1,0,0,0,0,0,0,3,2,1
449083,Undergraduate students,481,465,16,1,1,0,0,0,0,3,3,0,472,458,14,0,0,0,2,1,1,0,0,0,0,0,0,3,2,1
449092,Total students enrolled for credit,362,339,23,0,0,0,1,1,0,1,1,0,360,337,23,0,0,0,0,0,0,0,0,0,0,0,0,0,0,0
449092,Undergraduate students,362,339,23,0,0,0,1,1,0,1,1,0,360,337,23,0,0,0,0,0,0,0,0,0,0,0,0,0,0,0
449117,Total students enrolled for credit,623,62,561,7,0,7,10,2,8,341,34,307,70,8,62,1,1,0,163,14,149,15,2,13,16,1,15,0,0,0
449117,Undergraduate students,623,62,561,7,0,7,10,2,8,341,34,307,70,8,62,1,1,0,163,14,149,15,2,13,16,1,15,0,0,0
449126,Total students enrolled for credit,85,6,79,1,0,1,0,0,0,14,2,12,3,0,3,0,0,0,64,4,60,1,0,1,2,0,2,0,0,0
449126,Undergraduate students,85,6,79,1,0,1,0,0,0,14,2,12,3,0,3,0,0,0,64,4,60,1,0,1,2,0,2,0,0,0
449135,Total students enrolled for credit,386,105,281,0,0,0,0,0,0,0,0,0,386,105,281,0,0,0,0,0,0,0,0,0,0,0,0,0,0,0
449135,Undergraduate students,366,98,268,0,0,0,0,0,0,0,0,0,366,98,268,0,0,0,0,0,0,0,0,0,0,0,0,0,0,0
449135,Graduate student,20,7,13,0,0,0,0,0,0,0,0,0,20,7,13,0,0,0,0,0,0,0,0,0,0,0,0,0,0,0
449144,Total students enrolled for credit,318,50,268,0,0,0,0,0,0,0,0,0,318,50,268,0,0,0,0,0,0,0,0,0,0,0,0,0,0,0
449144,Undergraduate students,318,50,268,0,0,0,0,0,0,0,0,0,318,50,268,0,0,0,0,0,0,0,0,0,0,0,0,0,0,0
449250,Total students enrolled for credit,703,176,527,0,0,0,7,2,5,76,23,53,427,103,324,3,0,3,157,40,117,16,5,11,17,3,14,0,0,0
449250,Undergraduate students,703,176,527,0,0,0,7,2,5,76,23,53,427,103,324,3,0,3,157,40,117,16,5,11,17,3,14,0,0,0
449269,Total students enrolled for credit,434,163,271,0,0,0,7,4,3,146,60,86,191,64,127,1,0,1,64,22,42,22,11,11,3,2,1,0,0,0
449269,Undergraduate students,434,163,271,0,0,0,7,4,3,146,60,86,191,64,127,1,0,1,64,22,42,22,11,11,3,2,1,0,0,0
449311,Total students enrolled for credit,266,8,258,0,0,0,1,0,1,42,0,42,201,7,194,2,0,2,9,0,9,1,0,1,2,0,2,8,1,7
449311,Undergraduate students,266,8,258,0,0,0,1,0,1,42,0,42,201,7,194,2,0,2,9,0,9,1,0,1,2,0,2,8,1,7
449320,Total students enrolled for credit,867,842,25,4,4,0,68,67,1,206,201,5,379,367,12,2,2,0,91,87,4,16,14,2,101,100,1,0,0,0
449320,Undergraduate students,867,842,25,4,4,0,68,67,1,206,201,5,379,367,12,2,2,0,91,87,4,16,14,2,101,100,1,0,0,0
449339,Total students enrolled for credit,91144,59022,32122,571,346,225,1936,1267,669,15649,8504,7145,10447,6874,3573,846,502,344,50976,34722,16254,3611,2131,1480,6409,4282,2127,699,394,305
449339,Undergraduate students,74688,49204,25484,481,294,187,1532,1015,517,12772,7079,5693,8973,5995,2978,725,442,283,41246,28589,12657,3035,1808,1227,5410,3684,1726,514,298,216
449339,Graduate student,16456,9818,6638,90,52,38,404,252,152,2877,1425,1452,1474,879,595,121,60,61,9730,6133,3597,576,323,253,999,598,401,185,96,89
449348,Total students enrolled for credit,177,83,94,0,0,0,0,0,0,171,79,92,0,0,0,0,0,0,6,4,2,0,0,0,0,0,0,0,0,0
449348,Undergraduate students,153,73,80,0,0,0,0,0,0,148,70,78,0,0,0,0,0,0,5,3,2,0,0,0,0,0,0,0,0,0
449348,Graduate student,24,10,14,0,0,0,0,0,0,23,9,14,0,0,0,0,0,0,1,1,0,0,0,0,0,0,0,0,0,0
449357,Total students enrolled for credit,101,13,88,0,0,0,4,1,3,18,3,15,43,6,37,0,0,0,34,2,32,0,0,0,2,1,1,0,0,0
449357,Undergraduate students,101,13,88,0,0,0,4,1,3,18,3,15,43,6,37,0,0,0,34,2,32,0,0,0,2,1,1,0,0,0
449366,Total students enrolled for credit,766,23,743,0,0,0,64,1,63,37,3,34,187,4,183,7,1,6,422,14,408,17,0,17,18,0,18,14,0,14
449366,Undergraduate students,766,23,743,0,0,0,64,1,63,37,3,34,187,4,183,7,1,6,422,14,408,17,0,17,18,0,18,14,0,14
449384,Total students enrolled for credit,827,522,305,6,4,2,108,58,50,15,10,5,114,85,29,12,12,0,293,185,108,42,16,26,129,79,50,108,73,35
449384,Undergraduate students,827,522,305,6,4,2,108,58,50,15,10,5,114,85,29,12,12,0,293,185,108,42,16,26,129,79,50,108,73,35
449393,Total students enrolled for credit,110,43,67,0,0,0,0,0,0,2,0,2,101,38,63,0,0,0,3,3,0,0,0,0,0,0,0,4,2,2
449393,Undergraduate students,110,43,67,0,0,0,0,0,0,2,0,2,101,38,63,0,0,0,3,3,0,0,0,0,0,0,0,4,2,2
449445,Total students enrolled for credit,101,15,86,0,0,0,10,1,9,8,1,7,52,7,45,0,0,0,14,4,10,1,0,1,6,2,4,10,0,10
449445,Undergraduate students,101,15,86,0,0,0,10,1,9,8,1,7,52,7,45,0,0,0,14,4,10,1,0,1,6,2,4,10,0,10
449454,Total students enrolled for credit,68,17,51,0,0,0,0,0,0,0,0,0,24,5,19,0,0,0,44,12,32,0,0,0,0,0,0,0,0,0
449454,Undergraduate students,68,17,51,0,0,0,0,0,0,0,0,0,24,5,19,0,0,0,44,12,32,0,0,0,0,0,0,0,0,0
449463,Total students enrolled for credit,113,49,64,0,0,0,2,1,1,9,6,3,48,22,26,0,0,0,53,20,33,0,0,0,1,0,1,0,0,0
449463,Undergraduate students,113,49,64,0,0,0,2,1,1,9,6,3,48,22,26,0,0,0,53,20,33,0,0,0,1,0,1,0,0,0
449472,Total students enrolled for credit,79,7,72,0,0,0,1,1,0,11,0,11,7,2,5,0,0,0,60,4,56,0,0,0,0,0,0,0,0,0
449472,Undergraduate students,79,7,72,0,0,0,1,1,0,11,0,11,7,2,5,0,0,0,60,4,56,0,0,0,0,0,0,0,0,0
449481,Total students enrolled for credit,52,11,41,0,0,0,1,0,1,3,0,3,5,0,5,0,0,0,41,11,30,2,0,2,0,0,0,0,0,0
449481,Graduate student,52,11,41,0,0,0,1,0,1,3,0,3,5,0,5,0,0,0,41,11,30,2,0,2,0,0,0,0,0,0
449490,Total students enrolled for credit,178,18,160,0,0,0,0,0,0,156,14,142,19,1,18,0,0,0,3,3,0,0,0,0,0,0,0,0,0,0
449490,Undergraduate students,178,18,160,0,0,0,0,0,0,156,14,142,19,1,18,0,0,0,3,3,0,0,0,0,0,0,0,0,0,0
449506,Total students enrolled for credit,675,156,519,0,0,0,0,0,0,50,8,42,624,147,477,0,0,0,1,1,0,0,0,0,0,0,0,0,0,0
449506,Undergraduate students,675,156,519,0,0,0,0,0,0,50,8,42,624,147,477,0,0,0,1,1,0,0,0,0,0,0,0,0,0,0
449524,Total students enrolled for credit,308,75,233,0,0,0,2,2,0,66,9,57,29,7,22,2,2,0,203,53,150,4,2,2,2,0,2,0,0,0
449524,Undergraduate students,308,75,233,0,0,0,2,2,0,66,9,57,29,7,22,2,2,0,203,53,150,4,2,2,2,0,2,0,0,0
449533,Total students enrolled for credit,189,42,147,2,2,0,2,1,1,64,11,53,7,1,6,0,0,0,105,25,80,9,2,7,0,0,0,0,0,0
449533,Undergraduate students,189,42,147,2,2,0,2,1,1,64,11,53,7,1,6,0,0,0,105,25,80,9,2,7,0,0,0,0,0,0
449597,Total students enrolled for credit,11,0,11,0,0,0,0,0,0,5,0,5,0,0,0,0,0,0,6,0,6,0,0,0,0,0,0,0,0,0
449597,Undergraduate students,11,0,11,0,0,0,0,0,0,5,0,5,0,0,0,0,0,0,6,0,6,0,0,0,0,0,0,0,0,0
449603,Total students enrolled for credit,187,149,38,1,1,0,0,0,0,95,81,14,43,33,10,1,1,0,43,30,13,3,2,1,1,1,0,0,0,0
449603,Undergraduate students,187,149,38,1,1,0,0,0,0,95,81,14,43,33,10,1,1,0,43,30,13,3,2,1,1,1,0,0,0,0
449612,Total students enrolled for credit,233,96,137,0,0,0,4,3,1,81,30,51,6,6,0,1,1,0,138,55,83,3,1,2,0,0,0,0,0,0
449612,Undergraduate students,233,96,137,0,0,0,4,3,1,81,30,51,6,6,0,1,1,0,138,55,83,3,1,2,0,0,0,0,0,0
449658,Total students enrolled for credit,163,163,0,0,0,0,0,0,0,0,0,0,0,0,0,0,0,0,159,159,0,0,0,0,0,0,0,4,4,0
449658,Undergraduate students,163,163,0,0,0,0,0,0,0,0,0,0,0,0,0,0,0,0,159,159,0,0,0,0,0,0,0,4,4,0
449667,Total students enrolled for credit,181,36,145,1,1,0,2,1,1,7,3,4,2,0,2,0,0,0,167,30,137,0,0,0,2,1,1,0,0,0
449667,Undergraduate students,181,36,145,1,1,0,2,1,1,7,3,4,2,0,2,0,0,0,167,30,137,0,0,0,2,1,1,0,0,0
449676,Total students enrolled for credit,329,171,158,0,0,0,47,35,12,109,55,54,135,56,79,0,0,0,23,19,4,15,6,9,0,0,0,0,0,0
449676,Undergraduate students,329,171,158,0,0,0,47,35,12,109,55,54,135,56,79,0,0,0,23,19,4,15,6,9,0,0,0,0,0,0
449685,Total students enrolled for credit,383,47,336,0,0,0,4,0,4,150,11,139,178,20,158,0,0,0,43,14,29,0,0,0,8,2,6,0,0,0
449685,Undergraduate students,383,47,336,0,0,0,4,0,4,150,11,139,178,20,158,0,0,0,43,14,29,0,0,0,8,2,6,0,0,0
449700,Total students enrolled for credit,712,128,584,0,0,0,3,0,3,217,43,174,15,4,11,1,0,1,455,77,378,13,2,11,8,2,6,0,0,0
449700,Undergraduate students,712,128,584,0,0,0,3,0,3,217,43,174,15,4,11,1,0,1,455,77,378,13,2,11,8,2,6,0,0,0
449719,Total students enrolled for credit,241,15,226,0,0,0,2,0,2,75,3,72,2,1,1,0,0,0,136,10,126,17,1,16,9,0,9,0,0,0
449719,Undergraduate students,241,15,226,0,0,0,2,0,2,75,3,72,2,1,1,0,0,0,136,10,126,17,1,16,9,0,9,0,0,0
449728,Total students enrolled for credit,108,4,104,24,1,23,4,0,4,4,1,3,1,0,1,0,0,0,68,2,66,7,0,7,0,0,0,0,0,0
449728,Undergraduate students,108,4,104,24,1,23,4,0,4,4,1,3,1,0,1,0,0,0,68,2,66,7,0,7,0,0,0,0,0,0
449764,Total students enrolled for credit,127,87,40,0,0,0,2,1,1,38,25,13,13,7,6,1,0,1,65,47,18,1,1,0,0,0,0,7,6,1
449764,Undergraduate students,127,87,40,0,0,0,2,1,1,38,25,13,13,7,6,1,0,1,65,47,18,1,1,0,0,0,0,7,6,1
449773,Total students enrolled for credit,345,143,202,4,1,3,16,9,7,179,66,113,48,18,30,0,0,0,71,34,37,11,6,5,16,9,7,0,0,0
449773,Undergraduate students,345,143,202,4,1,3,16,9,7,179,66,113,48,18,30,0,0,0,71,34,37,11,6,5,16,9,7,0,0,0
449782,Total students enrolled for credit,95,5,90,0,0,0,2,0,2,39,2,37,25,1,24,0,0,0,29,2,27,0,0,0,0,0,0,0,0,0
449782,Undergraduate students,95,5,90,0,0,0,2,0,2,39,2,37,25,1,24,0,0,0,29,2,27,0,0,0,0,0,0,0,0,0
449807,Total students enrolled for credit,235,4,231,1,0,1,4,0,4,20,0,20,12,0,12,0,0,0,198,4,194,0,0,0,0,0,0,0,0,0
449807,Undergraduate students,235,4,231,1,0,1,4,0,4,20,0,20,12,0,12,0,0,0,198,4,194,0,0,0,0,0,0,0,0,0
449816,Total students enrolled for credit,818,432,386,24,9,15,7,3,4,7,5,2,102,56,46,9,7,2,638,335,303,15,6,9,16,11,5,0,0,0
449816,Undergraduate students,818,432,386,24,9,15,7,3,4,7,5,2,102,56,46,9,7,2,638,335,303,15,6,9,16,11,5,0,0,0
449834,Total students enrolled for credit,46,42,4,0,0,0,0,0,0,5,5,0,3,3,0,0,0,0,38,34,4,0,0,0,0,0,0,0,0,0
449834,Undergraduate students,1,0,1,0,0,0,0,0,0,0,0,0,0,0,0,0,0,0,1,0,1,0,0,0,0,0,0,0,0,0
449834,Graduate student,45,42,3,0,0,0,0,0,0,5,5,0,3,3,0,0,0,0,37,34,3,0,0,0,0,0,0,0,0,0
449852,Total students enrolled for credit,57,0,57,0,0,0,1,0,1,6,0,6,5,0,5,0,0,0,41,0,41,4,0,4,0,0,0,0,0,0
449852,Undergraduate students,57,0,57,0,0,0,1,0,1,6,0,6,5,0,5,0,0,0,41,0,41,4,0,4,0,0,0,0,0,0
449861,Total students enrolled for credit,295,17,278,0,0,0,4,0,4,88,5,83,29,3,26,0,0,0,157,9,148,3,0,3,14,0,14,0,0,0
449861,Undergraduate students,295,17,278,0,0,0,4,0,4,88,5,83,29,3,26,0,0,0,157,9,148,3,0,3,14,0,14,0,0,0
449870,Total students enrolled for credit,362,166,196,1,1,0,45,20,25,4,1,3,60,28,32,0,0,0,36,25,11,5,2,3,8,4,4,203,85,118
449870,Undergraduate students,173,69,104,1,1,0,8,5,3,2,0,2,50,24,26,0,0,0,4,3,1,2,0,2,6,2,4,100,34,66
449870,Graduate student,189,97,92,0,0,0,37,15,22,2,1,1,10,4,6,0,0,0,32,22,10,3,2,1,2,2,0,103,51,52
449889,Total students enrolled for credit,7193,2280,4913,17,4,13,183,57,126,566,189,377,754,212,542,12,5,7,4945,1538,3407,379,129,250,161,58,103,176,88,88
449889,Graduate student,7193,2280,4913,17,4,13,183,57,126,566,189,377,754,212,542,12,5,7,4945,1538,3407,379,129,250,161,58,103,176,88,88
449898,Total students enrolled for credit,1460,381,1079,7,2,5,103,34,69,371,79,292,362,76,286,9,2,7,506,129,377,0,0,0,41,15,26,61,44,17
449898,Undergraduate students,851,218,633,5,2,3,55,21,34,206,54,152,269,56,213,6,1,5,281,71,210,0,0,0,20,9,11,9,4,5
449898,Graduate student,609,163,446,2,0,2,48,13,35,165,25,140,93,20,73,3,1,2,225,58,167,0,0,0,21,6,15,52,40,12
449904,Total students enrolled for credit,282,12,270,0,0,0,1,0,1,41,2,39,199,9,190,0,0,0,26,0,26,0,0,0,15,1,14,0,0,0
449904,Undergraduate students,282,12,270,0,0,0,1,0,1,41,2,39,199,9,190,0,0,0,26,0,26,0,0,0,15,1,14,0,0,0
449922,Total students enrolled for credit,208,104,104,0,0,0,30,11,19,43,26,17,4,3,1,0,0,0,121,58,63,0,0,0,2,1,1,8,5,3
449922,Graduate student,208,104,104,0,0,0,30,11,19,43,26,17,4,3,1,0,0,0,121,58,63,0,0,0,2,1,1,8,5,3
449931,Total students enrolled for credit,1186,459,727,1,0,1,14,4,10,420,151,269,34,20,14,2,1,1,575,222,353,35,12,23,94,44,50,11,5,6
449931,Undergraduate students,682,278,404,0,0,0,8,3,5,232,82,150,19,12,7,1,1,0,335,142,193,18,7,11,65,28,37,4,3,1
449931,Graduate student,504,181,323,1,0,1,6,1,5,188,69,119,15,8,7,1,0,1,240,80,160,17,5,12,29,16,13,7,2,5
449959,Total students enrolled for credit,408,58,350,0,0,0,4,0,4,57,7,50,75,11,64,0,0,0,259,37,222,7,1,6,5,2,3,1,0,1
449959,Undergraduate students,408,58,350,0,0,0,4,0,4,57,7,50,75,11,64,0,0,0,259,37,222,7,1,6,5,2,3,1,0,1
449968,Total students enrolled for credit,393,34,359,1,0,1,18,0,18,30,3,27,143,13,130,0,0,0,152,14,138,4,0,4,43,4,39,2,0,2
449968,Undergraduate students,393,34,359,1,0,1,18,0,18,30,3,27,143,13,130,0,0,0,152,14,138,4,0,4,43,4,39,2,0,2
449977,Total students enrolled for credit,339,21,318,0,0,0,0,0,0,90,6,84,15,3,12,0,0,0,199,11,188,8,0,8,27,1,26,0,0,0
449977,Undergraduate students,339,21,318,0,0,0,0,0,0,90,6,84,15,3,12,0,0,0,199,11,188,8,0,8,27,1,26,0,0,0
449986,Total students enrolled for credit,441,41,400,0,0,0,7,1,6,46,7,39,176,15,161,4,1,3,166,16,150,1,0,1,41,1,40,0,0,0
449986,Undergraduate students,441,41,400,0,0,0,7,1,6,46,7,39,176,15,161,4,1,3,166,16,150,1,0,1,41,1,40,0,0,0
449995,Total students enrolled for credit,298,22,276,0,0,0,18,3,15,117,6,111,24,1,23,0,0,0,102,8,94,29,2,27,2,1,1,6,1,5
449995,Undergraduate students,298,22,276,0,0,0,18,3,15,117,6,111,24,1,23,0,0,0,102,8,94,29,2,27,2,1,1,6,1,5
450003,Total students enrolled for credit,126,23,103,0,0,0,0,0,0,3,1,2,1,1,0,0,0,0,119,20,99,0,0,0,3,1,2,0,0,0
450003,Undergraduate students,126,23,103,0,0,0,0,0,0,3,1,2,1,1,0,0,0,0,119,20,99,0,0,0,3,1,2,0,0,0
450021,Total students enrolled for credit,488,93,395,19,5,14,0,0,0,318,66,252,12,0,12,0,0,0,133,20,113,4,1,3,2,1,1,0,0,0
450021,Undergraduate students,488,93,395,19,5,14,0,0,0,318,66,252,12,0,12,0,0,0,133,20,113,4,1,3,2,1,1,0,0,0
450049,Total students enrolled for credit,94,53,41,1,1,0,2,0,2,1,0,1,13,8,5,0,0,0,70,41,29,0,0,0,5,2,3,2,1,1
450049,Undergraduate students,94,53,41,1,1,0,2,0,2,1,0,1,13,8,5,0,0,0,70,41,29,0,0,0,5,2,3,2,1,1
450058,Total students enrolled for credit,1133,238,895,4,0,4,35,6,29,451,99,352,23,4,19,0,0,0,442,76,366,37,4,33,141,49,92,0,0,0
450058,Undergraduate students,1133,238,895,4,0,4,35,6,29,451,99,352,23,4,19,0,0,0,442,76,366,37,4,33,141,49,92,0,0,0
450067,Total students enrolled for credit,563,181,382,6,3,3,13,4,9,317,98,219,5,5,0,0,0,0,217,70,147,3,1,2,2,0,2,0,0,0
450067,Undergraduate students,563,181,382,6,3,3,13,4,9,317,98,219,5,5,0,0,0,0,217,70,147,3,1,2,2,0,2,0,0,0
450076,Total students enrolled for credit,500,60,440,1,0,1,11,3,8,441,53,388,9,1,8,0,0,0,29,3,26,5,0,5,4,0,4,0,0,0
450076,Undergraduate students,500,60,440,1,0,1,11,3,8,441,53,388,9,1,8,0,0,0,29,3,26,5,0,5,4,0,4,0,0,0
450085,Total students enrolled for credit,544,215,329,5,1,4,7,2,5,194,85,109,36,14,22,0,0,0,190,68,122,16,6,10,95,38,57,1,1,0
450085,Undergraduate students,544,215,329,5,1,4,7,2,5,194,85,109,36,14,22,0,0,0,190,68,122,16,6,10,95,38,57,1,1,0
450094,Total students enrolled for credit,722,398,324,6,3,3,31,20,11,68,36,32,201,120,81,14,6,8,246,126,120,44,24,20,110,63,47,2,0,2
450094,Undergraduate students,722,398,324,6,3,3,31,20,11,68,36,32,201,120,81,14,6,8,246,126,120,44,24,20,110,63,47,2,0,2
450119,Total students enrolled for credit,404,60,344,5,0,5,7,1,6,33,8,25,67,14,53,29,2,27,259,35,224,4,0,4,0,0,0,0,0,0
450119,Undergraduate students,404,60,344,5,0,5,7,1,6,33,8,25,67,14,53,29,2,27,259,35,224,4,0,4,0,0,0,0,0,0
450128,Total students enrolled for credit,869,81,788,4,0,4,5,1,4,535,61,474,17,4,13,0,0,0,263,14,249,6,0,6,39,1,38,0,0,0
450128,Undergraduate students,869,81,788,4,0,4,5,1,4,535,61,474,17,4,13,0,0,0,263,14,249,6,0,6,39,1,38,0,0,0
450173,Total students enrolled for credit,29918,1905,28013,282,20,262,161,20,141,16032,1027,15005,1988,178,1810,130,13,117,9555,526,9029,983,67,916,787,54,733,0,0,0
450173,Undergraduate students,29918,1905,28013,282,20,262,161,20,141,16032,1027,15005,1988,178,1810,130,13,117,9555,526,9029,983,67,916,787,54,733,0,0,0
450182,Total students enrolled for credit,318,134,184,0,0,0,5,1,4,153,52,101,153,79,74,0,0,0,5,2,3,2,0,2,0,0,0,0,0,0
450182,Undergraduate students,318,134,184,0,0,0,5,1,4,153,52,101,153,79,74,0,0,0,5,2,3,2,0,2,0,0,0,0,0,0
450191,Total students enrolled for credit,587,143,444,0,0,0,4,2,2,319,74,245,20,5,15,0,0,0,160,41,119,11,4,7,73,17,56,0,0,0
450191,Undergraduate students,587,143,444,0,0,0,4,2,2,319,74,245,20,5,15,0,0,0,160,41,119,11,4,7,73,17,56,0,0,0
450289,Total students enrolled for credit,605,113,492,1,1,0,1,1,0,241,40,201,30,5,25,0,0,0,224,49,175,13,3,10,95,14,81,0,0,0
450289,Undergraduate students,605,113,492,1,1,0,1,1,0,241,40,201,30,5,25,0,0,0,224,49,175,13,3,10,95,14,81,0,0,0
450298,Total students enrolled for credit,476,138,338,1,0,1,3,1,2,282,75,207,38,14,24,0,0,0,117,39,78,19,4,15,14,4,10,2,1,1
450298,Undergraduate students,389,115,274,0,0,0,2,0,2,222,55,167,33,13,20,0,0,0,101,38,63,19,4,15,11,4,7,1,1,0
450298,Graduate student,87,23,64,1,0,1,1,1,0,60,20,40,5,1,4,0,0,0,16,1,15,0,0,0,3,0,3,1,0,1
450304,Total students enrolled for credit,250,134,116,1,0,1,5,4,1,36,19,17,15,8,7,0,0,0,173,93,80,0,0,0,6,2,4,14,8,6
450304,Graduate student,250,134,116,1,0,1,5,4,1,36,19,17,15,8,7,0,0,0,173,93,80,0,0,0,6,2,4,14,8,6
450377,Total students enrolled for credit,1372,337,1035,8,2,6,4,1,3,1052,207,845,27,14,13,0,0,0,222,96,126,35,11,24,23,6,17,1,0,1
450377,Undergraduate students,903,233,670,6,2,4,4,1,3,640,122,518,18,9,9,0,0,0,198,86,112,25,9,16,12,4,8,0,0,0
450377,Graduate student,469,104,365,2,0,2,0,0,0,412,85,327,9,5,4,0,0,0,24,10,14,10,2,8,11,2,9,1,0,1
450395,Total students enrolled for credit,185,4,181,2,0,2,2,0,2,32,1,31,24,1,23,1,0,1,115,2,113,6,0,6,3,0,3,0,0,0
450395,Undergraduate students,185,4,181,2,0,2,2,0,2,32,1,31,24,1,23,1,0,1,115,2,113,6,0,6,3,0,3,0,0,0
450401,Total students enrolled for credit,630,72,558,114,15,99,12,0,12,131,22,109,33,3,30,2,0,2,288,26,262,20,2,18,30,4,26,0,0,0
450401,Undergraduate students,630,72,558,114,15,99,12,0,12,131,22,109,33,3,30,2,0,2,288,26,262,20,2,18,30,4,26,0,0,0
450456,Total students enrolled for credit,48,12,36,0,0,0,0,0,0,30,6,24,1,0,1,0,0,0,11,5,6,0,0,0,6,1,5,0,0,0
450456,Undergraduate students,48,12,36,0,0,0,0,0,0,30,6,24,1,0,1,0,0,0,11,5,6,0,0,0,6,1,5,0,0,0
450465,Total students enrolled for credit,69,33,36,0,0,0,0,0,0,5,1,4,37,19,18,1,0,1,11,3,8,1,1,0,14,9,5,0,0,0
450465,Undergraduate students,69,33,36,0,0,0,0,0,0,5,1,4,37,19,18,1,0,1,11,3,8,1,1,0,14,9,5,0,0,0
450483,Total students enrolled for credit,135,68,67,1,0,1,1,0,1,66,26,40,7,6,1,0,0,0,7,5,2,4,2,2,48,28,20,1,1,0
450483,Undergraduate students,133,67,66,1,0,1,1,0,1,65,25,40,7,6,1,0,0,0,7,5,2,4,2,2,47,28,19,1,1,0
450483,Graduate student,2,1,1,0,0,0,0,0,0,1,1,0,0,0,0,0,0,0,0,0,0,0,0,0,1,0,1,0,0,0
450526,Total students enrolled for credit,754,249,505,7,2,5,25,12,13,238,68,170,345,115,230,12,5,7,100,37,63,1,0,1,21,8,13,5,2,3
450526,Undergraduate students,478,164,314,7,2,5,12,8,4,130,35,95,254,92,162,7,3,4,59,21,38,1,0,1,8,3,5,0,0,0
450526,Graduate student,276,85,191,0,0,0,13,4,9,108,33,75,91,23,68,5,2,3,41,16,25,0,0,0,13,5,8,5,2,3
450535,Total students enrolled for credit,481,123,358,3,1,2,3,1,2,253,66,187,19,7,12,1,1,0,192,45,147,0,0,0,7,0,7,3,2,1
450535,Undergraduate students,209,61,148,2,1,1,0,0,0,94,25,69,13,6,7,1,1,0,96,28,68,0,0,0,3,0,3,0,0,0
450535,Graduate student,272,62,210,1,0,1,3,1,2,159,41,118,6,1,5,0,0,0,96,17,79,0,0,0,4,0,4,3,2,1
450544,Total students enrolled for credit,445,191,254,7,2,5,18,9,9,137,67,70,121,50,71,12,7,5,133,51,82,0,0,0,9,0,9,8,5,3
450544,Undergraduate students,263,116,147,3,1,2,9,3,6,85,44,41,77,31,46,7,4,3,76,30,46,0,0,0,3,0,3,3,3,0
450544,Graduate student,182,75,107,4,1,3,9,6,3,52,23,29,44,19,25,5,3,2,57,21,36,0,0,0,6,0,6,5,2,3
450571,Total students enrolled for credit,1288,233,1055,31,7,24,33,7,26,44,8,36,0,0,0,1,0,1,1023,188,835,1,0,1,155,23,132,0,0,0
450571,Undergraduate students,1288,233,1055,31,7,24,33,7,26,44,8,36,0,0,0,1,0,1,1023,188,835,1,0,1,155,23,132,0,0,0
450599,Total students enrolled for credit,156,6,150,1,0,1,5,1,4,97,3,94,7,0,7,0,0,0,33,1,32,3,0,3,10,1,9,0,0,0
450599,Undergraduate students,156,6,150,1,0,1,5,1,4,97,3,94,7,0,7,0,0,0,33,1,32,3,0,3,10,1,9,0,0,0
450605,Total students enrolled for credit,153,9,144,0,0,0,4,1,3,71,5,66,2,0,2,0,0,0,69,3,66,3,0,3,4,0,4,0,0,0
450605,Undergraduate students,153,9,144,0,0,0,4,1,3,71,5,66,2,0,2,0,0,0,69,3,66,3,0,3,4,0,4,0,0,0
450614,Total students enrolled for credit,175,15,160,0,0,0,0,0,0,124,11,113,9,2,7,0,0,0,31,2,29,1,0,1,10,0,10,0,0,0
450614,Undergraduate students,175,15,160,0,0,0,0,0,0,124,11,113,9,2,7,0,0,0,31,2,29,1,0,1,10,0,10,0,0,0
450632,Total students enrolled for credit,210,49,161,3,1,2,0,0,0,14,4,10,4,1,3,2,0,2,173,37,136,8,4,4,6,2,4,0,0,0
450632,Undergraduate students,210,49,161,3,1,2,0,0,0,14,4,10,4,1,3,2,0,2,173,37,136,8,4,4,6,2,4,0,0,0
450641,Total students enrolled for credit,263,31,232,2,0,2,2,1,1,7,1,6,16,3,13,0,0,0,231,26,205,3,0,3,2,0,2,0,0,0
450641,Undergraduate students,263,31,232,2,0,2,2,1,1,7,1,6,16,3,13,0,0,0,231,26,205,3,0,3,2,0,2,0,0,0
450650,Total students enrolled for credit,356,36,320,0,0,0,16,1,15,58,11,47,50,5,45,8,1,7,189,14,175,23,2,21,12,2,10,0,0,0
450650,Undergraduate students,356,36,320,0,0,0,16,1,15,58,11,47,50,5,45,8,1,7,189,14,175,23,2,21,12,2,10,0,0,0
450669,Total students enrolled for credit,129,106,23,0,0,0,4,4,0,34,29,5,61,52,9,1,0,1,15,9,6,1,1,0,13,11,2,0,0,0
450669,Undergraduate students,129,106,23,0,0,0,4,4,0,34,29,5,61,52,9,1,0,1,15,9,6,1,1,0,13,11,2,0,0,0
450696,Total students enrolled for credit,897,109,788,4,1,3,85,18,67,85,9,76,467,54,413,14,1,13,200,24,176,14,0,14,24,1,23,4,1,3
450696,Undergraduate students,897,109,788,4,1,3,85,18,67,85,9,76,467,54,413,14,1,13,200,24,176,14,0,14,24,1,23,4,1,3
450702,Total students enrolled for credit,764,123,641,11,0,11,29,7,22,46,6,40,169,24,145,7,5,2,439,71,368,57,9,48,4,0,4,2,1,1
450702,Undergraduate students,764,123,641,11,0,11,29,7,22,46,6,40,169,24,145,7,5,2,439,71,368,57,9,48,4,0,4,2,1,1
450711,Total students enrolled for credit,166,141,25,0,0,0,0,0,0,136,117,19,24,18,6,0,0,0,6,6,0,0,0,0,0,0,0,0,0,0
450711,Undergraduate students,166,141,25,0,0,0,0,0,0,136,117,19,24,18,6,0,0,0,6,6,0,0,0,0,0,0,0,0,0,0
450720,Total students enrolled for credit,575,14,561,2,0,2,20,0,20,94,6,88,164,2,162,13,0,13,199,5,194,67,1,66,16,0,16,0,0,0
450720,Undergraduate students,575,14,561,2,0,2,20,0,20,94,6,88,164,2,162,13,0,13,199,5,194,67,1,66,16,0,16,0,0,0
450757,Total students enrolled for credit,134,4,130,0,0,0,2,0,2,0,0,0,2,0,2,0,0,0,127,4,123,2,0,2,0,0,0,1,0,1
450757,Undergraduate students,134,4,130,0,0,0,2,0,2,0,0,0,2,0,2,0,0,0,127,4,123,2,0,2,0,0,0,1,0,1
450766,Total students enrolled for credit,175,57,118,2,1,1,4,2,2,10,4,6,32,10,22,0,0,0,89,30,59,3,2,1,35,8,27,0,0,0
450766,Undergraduate students,43,7,36,1,0,1,1,0,1,0,0,0,12,1,11,0,0,0,22,5,17,0,0,0,7,1,6,0,0,0
450766,Graduate student,132,50,82,1,1,0,3,2,1,10,4,6,20,9,11,0,0,0,67,25,42,3,2,1,28,7,21,0,0,0
450933,Total students enrolled for credit,36443,22760,13683,376,228,148,1223,688,535,8448,3866,4582,2544,1677,867,70,36,34,20218,14045,6173,1100,575,525,2428,1616,812,36,29,7
450933,Undergraduate students,26709,17371,9338,288,175,113,561,316,245,5605,2775,2830,1949,1306,643,59,29,30,15759,11180,4579,842,454,388,1629,1122,507,17,14,3
450933,Graduate student,9734,5389,4345,88,53,35,662,372,290,2843,1091,1752,595,371,224,11,7,4,4459,2865,1594,258,121,137,799,494,305,19,15,4
450942,Total students enrolled for credit,486,224,262,5,1,4,21,12,9,72,24,48,61,27,34,0,0,0,236,115,121,63,32,31,22,11,11,6,2,4
450942,Graduate student,486,224,262,5,1,4,21,12,9,72,24,48,61,27,34,0,0,0,236,115,121,63,32,31,22,11,11,6,2,4
450951,Total students enrolled for credit,128,74,54,4,3,1,9,6,3,8,5,3,28,19,9,1,0,1,75,40,35,0,0,0,3,1,2,0,0,0
450951,Undergraduate students,128,74,54,4,3,1,9,6,3,8,5,3,28,19,9,1,0,1,75,40,35,0,0,0,3,1,2,0,0,0
450960,Total students enrolled for credit,265,35,230,0,0,0,20,8,12,85,10,75,141,13,128,1,0,1,13,2,11,0,0,0,5,2,3,0,0,0
450960,Undergraduate students,265,35,230,0,0,0,20,8,12,85,10,75,141,13,128,1,0,1,13,2,11,0,0,0,5,2,3,0,0,0
450979,Total students enrolled for credit,11057,6905,4152,76,48,28,334,215,119,2001,1102,899,1499,971,528,124,81,43,2823,2013,810,371,217,154,3820,2255,1565,9,3,6
450979,Undergraduate students,6903,4515,2388,41,26,15,184,128,56,1125,663,462,1003,676,327,89,61,28,1733,1281,452,250,153,97,2474,1526,948,4,1,3
450979,Graduate student,4154,2390,1764,35,22,13,150,87,63,876,439,437,496,295,201,35,20,15,1090,732,358,121,64,57,1346,729,617,5,2,3
450988,Total students enrolled for credit,269,45,224,2,0,2,235,40,195,1,0,1,11,2,9,0,0,0,2,0,2,0,0,0,5,2,3,13,1,12
450988,Undergraduate students,269,45,224,2,0,2,235,40,195,1,0,1,11,2,9,0,0,0,2,0,2,0,0,0,5,2,3,13,1,12
451006,Total students enrolled for credit,141,38,103,1,0,1,34,8,26,15,7,8,60,16,44,1,0,1,10,0,10,2,0,2,1,0,1,17,7,10
451006,Undergraduate students,141,38,103,1,0,1,34,8,26,15,7,8,60,16,44,1,0,1,10,0,10,2,0,2,1,0,1,17,7,10
451033,Total students enrolled for credit,14,0,14,0,0,0,5,0,5,2,0,2,0,0,0,0,0,0,7,0,7,0,0,0,0,0,0,0,0,0
451033,Undergraduate students,14,0,14,0,0,0,5,0,5,2,0,2,0,0,0,0,0,0,7,0,7,0,0,0,0,0,0,0,0,0
451042,Total students enrolled for credit,54,4,50,1,0,1,0,0,0,15,0,15,19,3,16,0,0,0,19,1,18,0,0,0,0,0,0,0,0,0
451042,Undergraduate students,54,4,50,1,0,1,0,0,0,15,0,15,19,3,16,0,0,0,19,1,18,0,0,0,0,0,0,0,0,0
451051,Total students enrolled for credit,134,13,121,2,0,2,11,0,11,34,3,31,10,2,8,0,0,0,63,7,56,13,1,12,1,0,1,0,0,0
451051,Undergraduate students,134,13,121,2,0,2,11,0,11,34,3,31,10,2,8,0,0,0,63,7,56,13,1,12,1,0,1,0,0,0
451060,Total students enrolled for credit,365,236,129,1,0,1,6,3,3,64,45,19,103,71,32,0,0,0,97,61,36,7,3,4,87,53,34,0,0,0
451060,Undergraduate students,341,217,124,1,0,1,6,3,3,57,39,18,95,64,31,0,0,0,92,58,34,7,3,4,83,50,33,0,0,0
451060,Graduate student,24,19,5,0,0,0,0,0,0,7,6,1,8,7,1,0,0,0,5,3,2,0,0,0,4,3,1,0,0,0
451079,Total students enrolled for credit,84,10,74,0,0,0,8,1,7,3,1,2,4,0,4,0,0,0,65,8,57,0,0,0,4,0,4,0,0,0
451079,Graduate student,84,10,74,0,0,0,8,1,7,3,1,2,4,0,4,0,0,0,65,8,57,0,0,0,4,0,4,0,0,0
451097,Total students enrolled for credit,206,60,146,7,2,5,10,5,5,25,5,20,100,30,70,13,3,10,46,10,36,5,5,0,0,0,0,0,0,0
451097,Undergraduate students,206,60,146,7,2,5,10,5,5,25,5,20,100,30,70,13,3,10,46,10,36,5,5,0,0,0,0,0,0,0
451103,Total students enrolled for credit,1521,437,1084,2,0,2,1,0,1,93,13,80,1414,422,992,0,0,0,6,0,6,1,1,0,4,1,3,0,0,0
451103,Undergraduate students,1260,324,936,2,0,2,1,0,1,87,11,76,1159,311,848,0,0,0,6,0,6,1,1,0,4,1,3,0,0,0
451103,Graduate student,261,113,148,0,0,0,0,0,0,6,2,4,255,111,144,0,0,0,0,0,0,0,0,0,0,0,0,0,0,0
451121,Total students enrolled for credit,193,11,182,2,1,1,0,0,0,22,0,22,146,10,136,0,0,0,19,0,19,1,0,1,3,0,3,0,0,0
451121,Undergraduate students,193,11,182,2,1,1,0,0,0,22,0,22,146,10,136,0,0,0,19,0,19,1,0,1,3,0,3,0,0,0
451130,Total students enrolled for credit,182,105,77,0,0,0,8,5,3,24,8,16,13,8,5,0,0,0,137,84,53,0,0,0,0,0,0,0,0,0
451130,Graduate student,182,105,77,0,0,0,8,5,3,24,8,16,13,8,5,0,0,0,137,84,53,0,0,0,0,0,0,0,0,0
451149,Total students enrolled for credit,771,67,704,9,0,9,11,2,9,126,8,118,245,25,220,5,0,5,326,28,298,28,3,25,17,1,16,4,0,4
451149,Undergraduate students,771,67,704,9,0,9,11,2,9,126,8,118,245,25,220,5,0,5,326,28,298,28,3,25,17,1,16,4,0,4
451158,Total students enrolled for credit,830,44,786,1,0,1,9,1,8,124,8,116,81,5,76,7,2,5,566,27,539,26,1,25,16,0,16,0,0,0
451158,Undergraduate students,830,44,786,1,0,1,9,1,8,124,8,116,81,5,76,7,2,5,566,27,539,26,1,25,16,0,16,0,0,0
451167,Total students enrolled for credit,193,94,99,0,0,0,3,1,2,47,31,16,125,53,72,0,0,0,17,9,8,0,0,0,0,0,0,1,0,1
451167,Undergraduate students,193,94,99,0,0,0,3,1,2,47,31,16,125,53,72,0,0,0,17,9,8,0,0,0,0,0,0,1,0,1
451194,Total students enrolled for credit,67,15,52,1,0,1,2,1,1,3,1,2,3,0,3,0,0,0,55,13,42,3,0,3,0,0,0,0,0,0
451194,Undergraduate students,67,15,52,1,0,1,2,1,1,3,1,2,3,0,3,0,0,0,55,13,42,3,0,3,0,0,0,0,0,0
451228,Total students enrolled for credit,375,336,39,2,2,0,4,4,0,60,48,12,9,7,2,0,0,0,293,270,23,0,0,0,7,5,2,0,0,0
451228,Undergraduate students,375,336,39,2,2,0,4,4,0,60,48,12,9,7,2,0,0,0,293,270,23,0,0,0,7,5,2,0,0,0
451237,Total students enrolled for credit,212,8,204,2,0,2,1,0,1,16,1,15,15,3,12,0,0,0,172,4,168,4,0,4,2,0,2,0,0,0
451237,Undergraduate students,212,8,204,2,0,2,1,0,1,16,1,15,15,3,12,0,0,0,172,4,168,4,0,4,2,0,2,0,0,0
451255,Total students enrolled for credit,137,8,129,3,1,2,1,0,1,12,0,12,43,2,41,1,0,1,72,4,68,4,1,3,1,0,1,0,0,0
451255,Undergraduate students,137,8,129,3,1,2,1,0,1,12,0,12,43,2,41,1,0,1,72,4,68,4,1,3,1,0,1,0,0,0
451264,Total students enrolled for credit,162,42,120,0,0,0,12,6,6,58,11,47,27,6,21,0,0,0,58,18,40,5,0,5,1,1,0,1,0,1
451264,Undergraduate students,162,42,120,0,0,0,12,6,6,58,11,47,27,6,21,0,0,0,58,18,40,5,0,5,1,1,0,1,0,1
451282,Total students enrolled for credit,97,3,94,0,0,0,4,0,4,65,1,64,0,0,0,0,0,0,24,2,22,1,0,1,3,0,3,0,0,0
451282,Undergraduate students,97,3,94,0,0,0,4,0,4,65,1,64,0,0,0,0,0,0,24,2,22,1,0,1,3,0,3,0,0,0
451291,Total students enrolled for credit,34,6,28,0,0,0,0,0,0,2,0,2,0,0,0,0,0,0,32,6,26,0,0,0,0,0,0,0,0,0
451291,Undergraduate students,34,6,28,0,0,0,0,0,0,2,0,2,0,0,0,0,0,0,32,6,26,0,0,0,0,0,0,0,0,0
451307,Total students enrolled for credit,82,2,80,0,0,0,2,1,1,7,0,7,2,0,2,0,0,0,68,1,67,2,0,2,1,0,1,0,0,0
451307,Undergraduate students,82,2,80,0,0,0,2,1,1,7,0,7,2,0,2,0,0,0,68,1,67,2,0,2,1,0,1,0,0,0
451334,Total students enrolled for credit,291,114,177,0,0,0,3,0,3,31,17,14,59,33,26,0,0,0,184,56,128,14,8,6,0,0,0,0,0,0
451334,Undergraduate students,291,114,177,0,0,0,3,0,3,31,17,14,59,33,26,0,0,0,184,56,128,14,8,6,0,0,0,0,0,0
451343,Total students enrolled for credit,212,9,203,0,0,0,0,0,0,84,3,81,2,0,2,0,0,0,126,6,120,0,0,0,0,0,0,0,0,0
451343,Undergraduate students,212,9,203,0,0,0,0,0,0,84,3,81,2,0,2,0,0,0,126,6,120,0,0,0,0,0,0,0,0,0
451352,Total students enrolled for credit,549,53,496,2,0,2,5,0,5,367,36,331,47,5,42,0,0,0,106,8,98,15,3,12,7,1,6,0,0,0
451352,Undergraduate students,549,53,496,2,0,2,5,0,5,367,36,331,47,5,42,0,0,0,106,8,98,15,3,12,7,1,6,0,0,0
451361,Total students enrolled for credit,31,7,24,0,0,0,3,1,2,4,1,3,2,1,1,0,0,0,22,4,18,0,0,0,0,0,0,0,0,0
451361,Undergraduate students,31,7,24,0,0,0,3,1,2,4,1,3,2,1,1,0,0,0,22,4,18,0,0,0,0,0,0,0,0,0
451370,Total students enrolled for credit,70,70,0,0,0,0,0,0,0,0,0,0,0,0,0,0,0,0,70,70,0,0,0,0,0,0,0,0,0,0
451370,Undergraduate students,70,70,0,0,0,0,0,0,0,0,0,0,0,0,0,0,0,0,70,70,0,0,0,0,0,0,0,0,0,0
451398,Total students enrolled for credit,237,237,0,0,0,0,0,0,0,0,0,0,0,0,0,0,0,0,226,226,0,0,0,0,0,0,0,11,11,0
451398,Undergraduate students,237,237,0,0,0,0,0,0,0,0,0,0,0,0,0,0,0,0,226,226,0,0,0,0,0,0,0,11,11,0
451404,Total students enrolled for credit,381,381,0,0,0,0,0,0,0,0,0,0,0,0,0,0,0,0,381,381,0,0,0,0,0,0,0,0,0,0
451404,Undergraduate students,381,381,0,0,0,0,0,0,0,0,0,0,0,0,0,0,0,0,381,381,0,0,0,0,0,0,0,0,0,0
451413,Total students enrolled for credit,494,173,321,1,0,1,45,22,23,67,32,35,96,33,63,1,0,1,249,73,176,4,1,3,31,12,19,0,0,0
451413,Undergraduate students,494,173,321,1,0,1,45,22,23,67,32,35,96,33,63,1,0,1,249,73,176,4,1,3,31,12,19,0,0,0
451459,Total students enrolled for credit,205,61,144,2,0,2,6,3,3,54,10,44,21,5,16,0,0,0,122,43,79,0,0,0,0,0,0,0,0,0
451459,Undergraduate students,205,61,144,2,0,2,6,3,3,54,10,44,21,5,16,0,0,0,122,43,79,0,0,0,0,0,0,0,0,0
451468,Total students enrolled for credit,299,7,292,1,0,1,8,0,8,14,0,14,3,0,3,1,0,1,264,5,259,7,2,5,1,0,1,0,0,0
451468,Undergraduate students,299,7,292,1,0,1,8,0,8,14,0,14,3,0,3,1,0,1,264,5,259,7,2,5,1,0,1,0,0,0
451477,Total students enrolled for credit,697,603,94,7,6,1,17,16,1,215,178,37,27,22,5,0,0,0,367,323,44,0,0,0,64,58,6,0,0,0
451477,Undergraduate students,697,603,94,7,6,1,17,16,1,215,178,37,27,22,5,0,0,0,367,323,44,0,0,0,64,58,6,0,0,0
451495,Total students enrolled for credit,52,10,42,0,0,0,0,0,0,18,3,15,8,1,7,1,0,1,15,0,15,4,1,3,1,0,1,5,5,0
451495,Undergraduate students,52,10,42,0,0,0,0,0,0,18,3,15,8,1,7,1,0,1,15,0,15,4,1,3,1,0,1,5,5,0
451501,Total students enrolled for credit,339,114,225,0,0,0,0,0,0,0,0,0,339,114,225,0,0,0,0,0,0,0,0,0,0,0,0,0,0,0
451501,Undergraduate students,339,114,225,0,0,0,0,0,0,0,0,0,339,114,225,0,0,0,0,0,0,0,0,0,0,0,0,0,0,0
451510,Total students enrolled for credit,480,230,250,16,6,10,8,3,5,80,28,52,20,5,15,0,0,0,335,176,159,3,0,3,16,10,6,2,2,0
451510,Graduate student,480,230,250,16,6,10,8,3,5,80,28,52,20,5,15,0,0,0,335,176,159,3,0,3,16,10,6,2,2,0
451529,Total students enrolled for credit,107,3,104,0,0,0,1,0,1,7,0,7,3,0,3,0,0,0,93,2,91,1,0,1,2,1,1,0,0,0
451529,Undergraduate students,107,3,104,0,0,0,1,0,1,7,0,7,3,0,3,0,0,0,93,2,91,1,0,1,2,1,1,0,0,0
451538,Total students enrolled for credit,258,211,47,5,3,2,0,0,0,245,203,42,0,0,0,0,0,0,8,5,3,0,0,0,0,0,0,0,0,0
451538,Undergraduate students,258,211,47,5,3,2,0,0,0,245,203,42,0,0,0,0,0,0,8,5,3,0,0,0,0,0,0,0,0,0
451547,Total students enrolled for credit,48,4,44,0,0,0,0,0,0,10,1,9,23,2,21,0,0,0,15,1,14,0,0,0,0,0,0,0,0,0
451547,Undergraduate students,48,4,44,0,0,0,0,0,0,10,1,9,23,2,21,0,0,0,15,1,14,0,0,0,0,0,0,0,0,0
451556,Total students enrolled for credit,2806,1159,1647,1,1,0,4,1,3,77,46,31,2600,1056,1544,6,5,1,102,44,58,1,1,0,15,5,10,0,0,0
451556,Undergraduate students,2806,1159,1647,1,1,0,4,1,3,77,46,31,2600,1056,1544,6,5,1,102,44,58,1,1,0,15,5,10,0,0,0
451565,Total students enrolled for credit,263,9,254,0,0,0,1,0,1,30,1,29,67,3,64,1,0,1,148,5,143,4,0,4,12,0,12,0,0,0
451565,Undergraduate students,263,9,254,0,0,0,1,0,1,30,1,29,67,3,64,1,0,1,148,5,143,4,0,4,12,0,12,0,0,0
451574,Total students enrolled for credit,158,5,153,4,0,4,1,0,1,1,0,1,16,0,16,1,0,1,106,2,104,10,1,9,19,2,17,0,0,0
451574,Undergraduate students,158,5,153,4,0,4,1,0,1,1,0,1,16,0,16,1,0,1,106,2,104,10,1,9,19,2,17,0,0,0
451583,Total students enrolled for credit,827,550,277,10,8,2,5,3,2,8,5,3,88,52,36,5,2,3,689,466,223,17,9,8,5,5,0,0,0,0
451583,Undergraduate students,827,550,277,10,8,2,5,3,2,8,5,3,88,52,36,5,2,3,689,466,223,17,9,8,5,5,0,0,0,0
451617,Total students enrolled for credit,42,1,41,0,0,0,0,0,0,4,1,3,0,0,0,0,0,0,38,0,38,0,0,0,0,0,0,0,0,0
451617,Undergraduate students,42,1,41,0,0,0,0,0,0,4,1,3,0,0,0,0,0,0,38,0,38,0,0,0,0,0,0,0,0,0
451626,Total students enrolled for credit,149,34,115,1,0,1,3,0,3,6,3,3,61,23,38,1,0,1,71,8,63,6,0,6,0,0,0,0,0,0
451626,Undergraduate students,149,34,115,1,0,1,3,0,3,6,3,3,61,23,38,1,0,1,71,8,63,6,0,6,0,0,0,0,0,0
451635,Total students enrolled for credit,78,16,62,2,1,1,0,0,0,1,0,1,1,0,1,0,0,0,73,15,58,0,0,0,1,0,1,0,0,0
451635,Undergraduate students,78,16,62,2,1,1,0,0,0,1,0,1,1,0,1,0,0,0,73,15,58,0,0,0,1,0,1,0,0,0
451644,Total students enrolled for credit,11,3,8,0,0,0,0,0,0,11,3,8,0,0,0,0,0,0,0,0,0,0,0,0,0,0,0,0,0,0
451644,Undergraduate students,11,3,8,0,0,0,0,0,0,11,3,8,0,0,0,0,0,0,0,0,0,0,0,0,0,0,0,0,0,0
451653,Total students enrolled for credit,16,1,15,0,0,0,0,0,0,0,0,0,1,0,1,0,0,0,15,1,14,0,0,0,0,0,0,0,0,0
451653,Undergraduate students,16,1,15,0,0,0,0,0,0,0,0,0,1,0,1,0,0,0,15,1,14,0,0,0,0,0,0,0,0,0
451662,Total students enrolled for credit,6208,2087,4121,101,32,69,84,31,53,1288,519,769,832,289,543,52,24,28,3594,1094,2500,0,0,0,241,92,149,16,6,10
451662,Undergraduate students,6208,2087,4121,101,32,69,84,31,53,1288,519,769,832,289,543,52,24,28,3594,1094,2500,0,0,0,241,92,149,16,6,10
451671,Total students enrolled for credit,2573,1014,1559,10,4,6,72,35,37,153,58,95,350,142,208,0,0,0,1818,724,1094,60,18,42,58,15,43,52,18,34
451671,Undergraduate students,2306,910,1396,10,4,6,57,24,33,134,51,83,317,130,187,0,0,0,1645,661,984,54,17,37,49,11,38,40,12,28
451671,Graduate student,267,104,163,0,0,0,15,11,4,19,7,12,33,12,21,0,0,0,173,63,110,6,1,5,9,4,5,12,6,6
451699,Total students enrolled for credit,393,70,323,2,0,2,2,0,2,251,44,207,17,2,15,0,0,0,119,23,96,0,0,0,2,1,1,0,0,0
451699,Undergraduate students,393,70,323,2,0,2,2,0,2,251,44,207,17,2,15,0,0,0,119,23,96,0,0,0,2,1,1,0,0,0
451705,Total students enrolled for credit,69,24,45,1,0,1,0,0,0,1,1,0,3,1,2,1,1,0,49,17,32,12,2,10,2,2,0,0,0,0
451705,Undergraduate students,69,24,45,1,0,1,0,0,0,1,1,0,3,1,2,1,1,0,49,17,32,12,2,10,2,2,0,0,0,0
451714,Total students enrolled for credit,394,34,360,1,0,1,8,0,8,20,2,18,224,18,206,1,0,1,95,6,89,22,2,20,23,6,17,0,0,0
451714,Undergraduate students,394,34,360,1,0,1,8,0,8,20,2,18,224,18,206,1,0,1,95,6,89,22,2,20,23,6,17,0,0,0
451741,Total students enrolled for credit,610,185,425,0,0,0,0,0,0,0,0,0,610,185,425,0,0,0,0,0,0,0,0,0,0,0,0,0,0,0
451741,Undergraduate students,610,185,425,0,0,0,0,0,0,0,0,0,610,185,425,0,0,0,0,0,0,0,0,0,0,0,0,0,0,0
451750,Total students enrolled for credit,1104,127,977,5,0,5,40,7,33,372,43,329,71,11,60,1,0,1,557,60,497,57,5,52,1,1,0,0,0,0
451750,Undergraduate students,1104,127,977,5,0,5,40,7,33,372,43,329,71,11,60,1,0,1,557,60,497,57,5,52,1,1,0,0,0,0
451796,Total students enrolled for credit,939,427,512,6,2,4,16,7,9,319,161,158,63,31,32,3,1,2,308,124,184,33,15,18,183,85,98,8,1,7
451796,Undergraduate students,939,427,512,6,2,4,16,7,9,319,161,158,63,31,32,3,1,2,308,124,184,33,15,18,183,85,98,8,1,7
451820,Total students enrolled for credit,1102,660,442,11,4,7,17,8,9,217,137,80,387,225,162,11,9,2,400,239,161,0,0,0,48,34,14,11,4,7
451820,Undergraduate students,1102,660,442,11,4,7,17,8,9,217,137,80,387,225,162,11,9,2,400,239,161,0,0,0,48,34,14,11,4,7
451848,Total students enrolled for credit,90,52,38,2,2,0,19,15,4,8,3,5,24,12,12,2,1,1,23,10,13,5,4,1,6,5,1,1,0,1
451848,Undergraduate students,90,52,38,2,2,0,19,15,4,8,3,5,24,12,12,2,1,1,23,10,13,5,4,1,6,5,1,1,0,1
451857,Total students enrolled for credit,564,114,450,1,0,1,9,2,7,175,44,131,196,38,158,1,1,0,149,20,129,32,8,24,1,1,0,0,0,0
451857,Undergraduate students,564,114,450,1,0,1,9,2,7,175,44,131,196,38,158,1,1,0,149,20,129,32,8,24,1,1,0,0,0,0
451866,Total students enrolled for credit,503,107,396,0,0,0,1,1,0,360,69,291,11,1,10,0,0,0,114,32,82,16,4,12,1,0,1,0,0,0
451866,Undergraduate students,503,107,396,0,0,0,1,1,0,360,69,291,11,1,10,0,0,0,114,32,82,16,4,12,1,0,1,0,0,0
451875,Total students enrolled for credit,403,52,351,4,1,3,11,3,8,197,18,179,77,10,67,1,0,1,86,17,69,1,0,1,25,3,22,1,0,1
451875,Undergraduate students,403,52,351,4,1,3,11,3,8,197,18,179,77,10,67,1,0,1,86,17,69,1,0,1,25,3,22,1,0,1
451884,Total students enrolled for credit,278,86,192,6,2,4,6,3,3,103,32,71,14,4,10,0,0,0,131,38,93,0,0,0,18,7,11,0,0,0
451884,Undergraduate students,278,86,192,6,2,4,6,3,3,103,32,71,14,4,10,0,0,0,131,38,93,0,0,0,18,7,11,0,0,0
451909,Total students enrolled for credit,936,75,861,2,0,2,14,4,10,711,56,655,113,11,102,2,0,2,58,2,56,1,0,1,35,2,33,0,0,0
451909,Undergraduate students,936,75,861,2,0,2,14,4,10,711,56,655,113,11,102,2,0,2,58,2,56,1,0,1,35,2,33,0,0,0
451918,Total students enrolled for credit,162,11,151,1,0,1,0,0,0,12,3,9,2,0,2,0,0,0,144,8,136,2,0,2,1,0,1,0,0,0
451918,Undergraduate students,162,11,151,1,0,1,0,0,0,12,3,9,2,0,2,0,0,0,144,8,136,2,0,2,1,0,1,0,0,0
452009,Total students enrolled for credit,90,4,86,6,1,5,0,0,0,3,0,3,0,0,0,1,0,1,77,3,74,3,0,3,0,0,0,0,0,0
452009,Undergraduate students,90,4,86,6,1,5,0,0,0,3,0,3,0,0,0,1,0,1,77,3,74,3,0,3,0,0,0,0,0,0
452018,Total students enrolled for credit,113,53,60,2,1,1,0,0,0,16,6,10,9,6,3,1,1,0,78,36,42,6,3,3,1,0,1,0,0,0
452018,Undergraduate students,113,53,60,2,1,1,0,0,0,16,6,10,9,6,3,1,1,0,78,36,42,6,3,3,1,0,1,0,0,0
452027,Total students enrolled for credit,611,305,306,10,6,4,6,3,3,296,156,140,61,25,36,6,5,1,213,100,113,1,0,1,17,10,7,1,0,1
452027,Undergraduate students,611,305,306,10,6,4,6,3,3,296,156,140,61,25,36,6,5,1,213,100,113,1,0,1,17,10,7,1,0,1
452036,Total students enrolled for credit,133,69,64,0,0,0,7,4,3,21,11,10,6,1,5,6,4,2,40,21,19,3,1,2,50,27,23,0,0,0
452036,Undergraduate students,133,69,64,0,0,0,7,4,3,21,11,10,6,1,5,6,4,2,40,21,19,3,1,2,50,27,23,0,0,0
452045,Total students enrolled for credit,217,123,94,6,4,2,19,7,12,27,18,9,5,1,4,9,6,3,107,61,46,1,1,0,43,25,18,0,0,0
452045,Undergraduate students,217,123,94,6,4,2,19,7,12,27,18,9,5,1,4,9,6,3,107,61,46,1,1,0,43,25,18,0,0,0
452054,Total students enrolled for credit,126,71,55,0,0,0,11,6,5,26,14,12,6,2,4,1,1,0,57,33,24,0,0,0,25,15,10,0,0,0
452054,Undergraduate students,126,71,55,0,0,0,11,6,5,26,14,12,6,2,4,1,1,0,57,33,24,0,0,0,25,15,10,0,0,0
452063,Total students enrolled for credit,386,211,175,1,1,0,10,4,6,105,51,54,19,11,8,1,0,1,97,66,31,6,1,5,147,77,70,0,0,0
452063,Undergraduate students,386,211,175,1,1,0,10,4,6,105,51,54,19,11,8,1,0,1,97,66,31,6,1,5,147,77,70,0,0,0
452072,Total students enrolled for credit,164,10,154,0,0,0,1,0,1,12,0,12,7,1,6,0,0,0,140,9,131,4,0,4,0,0,0,0,0,0
452072,Undergraduate students,164,10,154,0,0,0,1,0,1,12,0,12,7,1,6,0,0,0,140,9,131,4,0,4,0,0,0,0,0,0
452081,Total students enrolled for credit,808,26,782,1,0,1,2,0,2,181,8,173,68,2,66,0,0,0,503,16,487,42,0,42,11,0,11,0,0,0
452081,Undergraduate students,808,26,782,1,0,1,2,0,2,181,8,173,68,2,66,0,0,0,503,16,487,42,0,42,11,0,11,0,0,0
452090,Total students enrolled for credit,235,82,153,1,1,0,2,2,0,4,3,1,17,6,11,6,1,5,201,66,135,0,0,0,3,3,0,1,0,1
452090,Undergraduate students,98,32,66,0,0,0,1,1,0,1,0,1,11,4,7,5,1,4,80,26,54,0,0,0,0,0,0,0,0,0
452090,Graduate student,137,50,87,1,1,0,1,1,0,3,3,0,6,2,4,1,0,1,121,40,81,0,0,0,3,3,0,1,0,1
452106,Total students enrolled for credit,88,86,2,0,0,0,0,0,0,0,0,0,88,86,2,0,0,0,0,0,0,0,0,0,0,0,0,0,0,0
452106,Undergraduate students,88,86,2,0,0,0,0,0,0,0,0,0,88,86,2,0,0,0,0,0,0,0,0,0,0,0,0,0,0,0
452115,Total students enrolled for credit,971,122,849,0,0,0,5,0,5,688,89,599,40,4,36,0,0,0,127,16,111,13,1,12,98,12,86,0,0,0
452115,Undergraduate students,971,122,849,0,0,0,5,0,5,688,89,599,40,4,36,0,0,0,127,16,111,13,1,12,98,12,86,0,0,0
452124,Total students enrolled for credit,526,138,388,6,4,2,14,2,12,225,60,165,37,13,24,1,1,0,199,52,147,32,4,28,12,2,10,0,0,0
452124,Undergraduate students,526,138,388,6,4,2,14,2,12,225,60,165,37,13,24,1,1,0,199,52,147,32,4,28,12,2,10,0,0,0
452373,Total students enrolled for credit,613,61,552,1,0,1,11,1,10,290,27,263,5,1,4,1,0,1,291,29,262,10,1,9,4,2,2,0,0,0
452373,Undergraduate students,613,61,552,1,0,1,11,1,10,290,27,263,5,1,4,1,0,1,291,29,262,10,1,9,4,2,2,0,0,0
452540,Total students enrolled for credit,5,2,3,0,0,0,0,0,0,3,1,2,0,0,0,0,0,0,2,1,1,0,0,0,0,0,0,0,0,0
452540,Undergraduate students,5,2,3,0,0,0,0,0,0,3,1,2,0,0,0,0,0,0,2,1,1,0,0,0,0,0,0,0,0,0
452771,Total students enrolled for credit,30,2,28,0,0,0,1,0,1,1,0,1,2,1,1,0,0,0,21,1,20,4,0,4,1,0,1,0,0,0
452771,Undergraduate students,30,2,28,0,0,0,1,0,1,1,0,1,2,1,1,0,0,0,21,1,20,4,0,4,1,0,1,0,0,0
452780,Total students enrolled for credit,31,1,30,0,0,0,0,0,0,1,0,1,0,0,0,0,0,0,29,1,28,0,0,0,1,0,1,0,0,0
452780,Undergraduate students,31,1,30,0,0,0,0,0,0,1,0,1,0,0,0,0,0,0,29,1,28,0,0,0,1,0,1,0,0,0
452887,Total students enrolled for credit,149,143,6,1,1,0,0,0,0,9,8,1,16,16,0,0,0,0,121,116,5,2,2,0,0,0,0,0,0,0
452887,Undergraduate students,149,143,6,1,1,0,0,0,0,9,8,1,16,16,0,0,0,0,121,116,5,2,2,0,0,0,0,0,0,0
452948,Total students enrolled for credit,708,89,619,1,0,1,13,4,9,97,7,90,5,3,2,0,0,0,519,65,454,32,3,29,41,7,34,0,0,0
452948,Undergraduate students,708,89,619,1,0,1,13,4,9,97,7,90,5,3,2,0,0,0,519,65,454,32,3,29,41,7,34,0,0,0
453109,Total students enrolled for credit,235,141,94,3,2,1,6,4,2,63,40,23,21,6,15,1,0,1,126,76,50,13,11,2,2,2,0,0,0,0
453109,Undergraduate students,235,141,94,3,2,1,6,4,2,63,40,23,21,6,15,1,0,1,126,76,50,13,11,2,2,2,0,0,0,0
453163,Total students enrolled for credit,8035,2101,5934,60,13,47,51,20,31,6062,1454,4608,327,92,235,6,1,5,1033,365,668,269,73,196,217,78,139,10,5,5
453163,Undergraduate students,6155,1658,4497,49,11,38,34,12,22,4508,1122,3386,281,82,199,5,1,4,897,312,585,219,64,155,160,52,108,2,2,0
453163,Graduate student,1880,443,1437,11,2,9,17,8,9,1554,332,1222,46,10,36,1,0,1,136,53,83,50,9,41,57,26,31,8,3,5
453215,Total students enrolled for credit,1480,460,1020,11,1,10,42,24,18,847,226,621,188,55,133,2,0,2,278,122,156,55,19,36,47,6,41,10,7,3
453215,Undergraduate students,1240,382,858,10,1,9,27,14,13,706,184,522,166,49,117,2,0,2,237,108,129,46,18,28,42,5,37,4,3,1
453215,Graduate student,240,78,162,1,0,1,15,10,5,141,42,99,22,6,16,0,0,0,41,14,27,9,1,8,5,1,4,6,4,2
453297,Total students enrolled for credit,35,17,18,0,0,0,3,0,3,0,0,0,1,1,0,0,0,0,30,16,14,1,0,1,0,0,0,0,0,0
453297,Undergraduate students,35,17,18,0,0,0,3,0,3,0,0,0,1,1,0,0,0,0,30,16,14,1,0,1,0,0,0,0,0,0
453455,Total students enrolled for credit,139,27,112,0,0,0,0,0,0,20,3,17,1,1,0,0,0,0,24,3,21,1,0,1,93,20,73,0,0,0
453455,Undergraduate students,139,27,112,0,0,0,0,0,0,20,3,17,1,1,0,0,0,0,24,3,21,1,0,1,93,20,73,0,0,0
453464,Total students enrolled for credit,171,18,153,0,0,0,0,0,0,75,6,69,6,2,4,0,0,0,78,10,68,0,0,0,11,0,11,1,0,1
453464,Undergraduate students,171,18,153,0,0,0,0,0,0,75,6,69,6,2,4,0,0,0,78,10,68,0,0,0,11,0,11,1,0,1
453552,Total students enrolled for credit,241,48,193,1,0,1,2,0,2,110,25,85,51,12,39,0,0,0,61,9,52,10,2,8,6,0,6,0,0,0
453552,Undergraduate students,241,48,193,1,0,1,2,0,2,110,25,85,51,12,39,0,0,0,61,9,52,10,2,8,6,0,6,0,0,0
453756,Total students enrolled for credit,261,181,80,0,0,0,0,0,0,172,108,64,3,2,1,0,0,0,84,70,14,0,0,0,2,1,1,0,0,0
453756,Undergraduate students,261,181,80,0,0,0,0,0,0,172,108,64,3,2,1,0,0,0,84,70,14,0,0,0,2,1,1,0,0,0
453792,Total students enrolled for credit,276,20,256,1,1,0,4,0,4,183,13,170,5,0,5,0,0,0,83,6,77,0,0,0,0,0,0,0,0,0
453792,Undergraduate students,276,20,256,1,1,0,4,0,4,183,13,170,5,0,5,0,0,0,83,6,77,0,0,0,0,0,0,0,0,0
453817,Total students enrolled for credit,244,236,8,1,1,0,0,0,0,27,25,2,12,12,0,0,0,0,195,190,5,8,7,1,1,1,0,0,0,0
453817,Undergraduate students,244,236,8,1,1,0,0,0,0,27,25,2,12,12,0,0,0,0,195,190,5,8,7,1,1,1,0,0,0,0
454184,Total students enrolled for credit,684,244,440,4,2,2,24,9,15,33,9,24,43,17,26,3,1,2,373,134,239,6,3,3,176,59,117,22,10,12
454184,Undergraduate students,684,244,440,4,2,2,24,9,15,33,9,24,43,17,26,3,1,2,373,134,239,6,3,3,176,59,117,22,10,12
454227,Total students enrolled for credit,38654,3830,34824,89,7,82,2314,410,1904,5035,377,4658,3984,511,3473,153,28,125,21206,1939,19267,285,26,259,5495,520,4975,93,12,81
454227,Undergraduate students,24602,2392,22210,52,6,46,1449,292,1157,2781,229,2552,2735,327,2408,87,16,71,13554,1177,12377,176,17,159,3694,317,3377,74,11,63
454227,Graduate student,14052,1438,12614,37,1,36,865,118,747,2254,148,2106,1249,184,1065,66,12,54,7652,762,6890,109,9,100,1801,203,1598,19,1,18
454236,Total students enrolled for credit,907,111,796,0,0,0,41,9,32,158,12,146,38,6,32,1,1,0,628,81,547,23,1,22,16,1,15,2,0,2
454236,Undergraduate students,907,111,796,0,0,0,41,9,32,158,12,146,38,6,32,1,1,0,628,81,547,23,1,22,16,1,15,2,0,2
454245,Total students enrolled for credit,905,157,748,4,0,4,90,19,71,37,5,32,185,32,153,2,0,2,513,80,433,13,5,8,61,16,45,0,0,0
454245,Undergraduate students,905,157,748,4,0,4,90,19,71,37,5,32,185,32,153,2,0,2,513,80,433,13,5,8,61,16,45,0,0,0
454306,Total students enrolled for credit,271,36,235,1,0,1,0,0,0,45,6,39,9,0,9,0,0,0,215,29,186,1,1,0,0,0,0,0,0,0
454306,Undergraduate students,271,36,235,1,0,1,0,0,0,45,6,39,9,0,9,0,0,0,215,29,186,1,1,0,0,0,0,0,0,0
454458,Total students enrolled for credit,177,61,116,1,1,0,3,1,2,9,2,7,61,12,49,11,4,7,92,41,51,0,0,0,0,0,0,0,0,0
454458,Undergraduate students,177,61,116,1,1,0,3,1,2,9,2,7,61,12,49,11,4,7,92,41,51,0,0,0,0,0,0,0,0,0
454537,Total students enrolled for credit,74,2,72,0,0,0,6,0,6,2,0,2,0,0,0,0,0,0,51,2,49,2,0,2,13,0,13,0,0,0
454537,Undergraduate students,74,2,72,0,0,0,6,0,6,2,0,2,0,0,0,0,0,0,51,2,49,2,0,2,13,0,13,0,0,0
454546,Total students enrolled for credit,99,8,91,1,0,1,11,1,10,30,4,26,23,0,23,4,0,4,19,3,16,0,0,0,11,0,11,0,0,0
454546,Undergraduate students,99,8,91,1,0,1,11,1,10,30,4,26,23,0,23,4,0,4,19,3,16,0,0,0,11,0,11,0,0,0
454555,Total students enrolled for credit,295,10,285,14,0,14,12,0,12,13,0,13,92,2,90,2,1,1,153,5,148,5,1,4,4,1,3,0,0,0
454555,Undergraduate students,295,10,285,14,0,14,12,0,12,13,0,13,92,2,90,2,1,1,153,5,148,5,1,4,4,1,3,0,0,0
454573,Total students enrolled for credit,379,18,361,11,0,11,5,0,5,9,1,8,277,15,262,3,0,3,68,1,67,4,1,3,2,0,2,0,0,0
454573,Undergraduate students,379,18,361,11,0,11,5,0,5,9,1,8,277,15,262,3,0,3,68,1,67,4,1,3,2,0,2,0,0,0
454582,Total students enrolled for credit,442,150,292,36,20,16,17,11,6,51,13,38,37,17,20,2,1,1,261,72,189,17,4,13,21,12,9,0,0,0
454582,Undergraduate students,371,124,247,27,15,12,16,10,6,47,13,34,30,11,19,2,1,1,216,60,156,15,4,11,18,10,8,0,0,0
454582,Graduate student,71,26,45,9,5,4,1,1,0,4,0,4,7,6,1,0,0,0,45,12,33,2,0,2,3,2,1,0,0,0
454607,Total students enrolled for credit,421,18,403,1,0,1,14,1,13,144,4,140,43,4,39,0,0,0,184,7,177,31,2,29,0,0,0,4,0,4
454607,Undergraduate students,421,18,403,1,0,1,14,1,13,144,4,140,43,4,39,0,0,0,184,7,177,31,2,29,0,0,0,4,0,4
454616,Total students enrolled for credit,295,247,48,3,2,1,8,5,3,27,22,5,27,21,6,2,2,0,215,186,29,1,1,0,12,8,4,0,0,0
454616,Undergraduate students,295,247,48,3,2,1,8,5,3,27,22,5,27,21,6,2,2,0,215,186,29,1,1,0,12,8,4,0,0,0
454625,Total students enrolled for credit,632,104,528,2,0,2,2,2,0,326,49,277,26,9,17,0,0,0,161,34,127,13,2,11,102,8,94,0,0,0
454625,Undergraduate students,632,104,528,2,0,2,2,2,0,326,49,277,26,9,17,0,0,0,161,34,127,13,2,11,102,8,94,0,0,0
454652,Total students enrolled for credit,120,3,117,0,0,0,0,0,0,30,1,29,7,0,7,0,0,0,82,2,80,0,0,0,1,0,1,0,0,0
454652,Undergraduate students,120,3,117,0,0,0,0,0,0,30,1,29,7,0,7,0,0,0,82,2,80,0,0,0,1,0,1,0,0,0
454689,Total students enrolled for credit,897,462,435,11,5,6,69,37,32,239,100,139,80,49,31,10,3,7,409,234,175,0,0,0,79,34,45,0,0,0
454689,Undergraduate students,9,4,5,0,0,0,0,0,0,2,1,1,0,0,0,0,0,0,5,2,3,0,0,0,2,1,1,0,0,0
454689,Graduate student,888,458,430,11,5,6,69,37,32,237,99,138,80,49,31,10,3,7,404,232,172,0,0,0,77,33,44,0,0,0
454698,Total students enrolled for credit,429,168,261,4,3,1,8,4,4,29,16,13,333,115,218,5,5,0,50,25,25,0,0,0,0,0,0,0,0,0
454698,Undergraduate students,429,168,261,4,3,1,8,4,4,29,16,13,333,115,218,5,5,0,50,25,25,0,0,0,0,0,0,0,0,0
454722,Total students enrolled for credit,51,16,35,0,0,0,0,0,0,1,1,0,47,15,32,0,0,0,2,0,2,0,0,0,0,0,0,1,0,1
454722,Undergraduate students,51,16,35,0,0,0,0,0,0,1,1,0,47,15,32,0,0,0,2,0,2,0,0,0,0,0,0,1,0,1
454759,Total students enrolled for credit,55,47,8,0,0,0,1,1,0,33,27,6,19,17,2,0,0,0,2,2,0,0,0,0,0,0,0,0,0,0
454759,Undergraduate students,55,47,8,0,0,0,1,1,0,33,27,6,19,17,2,0,0,0,2,2,0,0,0,0,0,0,0,0,0,0
454768,Total students enrolled for credit,340,24,316,1,0,1,27,3,24,30,0,30,182,9,173,4,1,3,74,7,67,13,2,11,9,2,7,0,0,0
454768,Undergraduate students,340,24,316,1,0,1,27,3,24,30,0,30,182,9,173,4,1,3,74,7,67,13,2,11,9,2,7,0,0,0
454777,Total students enrolled for credit,318,36,282,3,0,3,46,7,39,46,6,40,88,7,81,6,0,6,101,14,87,22,0,22,5,2,3,1,0,1
454777,Undergraduate students,318,36,282,3,0,3,46,7,39,46,6,40,88,7,81,6,0,6,101,14,87,22,0,22,5,2,3,1,0,1
454786,Total students enrolled for credit,1565,757,808,24,13,11,55,34,21,162,71,91,531,234,297,87,73,14,394,189,205,12,6,6,300,137,163,0,0,0
454786,Undergraduate students,1565,757,808,24,13,11,55,34,21,162,71,91,531,234,297,87,73,14,394,189,205,12,6,6,300,137,163,0,0,0
454795,Total students enrolled for credit,345,79,266,1,0,1,22,6,16,14,6,8,72,19,53,4,0,4,172,29,143,18,5,13,42,14,28,0,0,0
454795,Undergraduate students,345,79,266,1,0,1,22,6,16,14,6,8,72,19,53,4,0,4,172,29,143,18,5,13,42,14,28,0,0,0
454801,Total students enrolled for credit,147,14,133,0,0,0,9,2,7,79,6,73,49,5,44,0,0,0,10,1,9,0,0,0,0,0,0,0,0,0
454801,Undergraduate students,147,14,133,0,0,0,9,2,7,79,6,73,49,5,44,0,0,0,10,1,9,0,0,0,0,0,0,0,0,0
454810,Total students enrolled for credit,1247,565,682,22,10,12,26,11,15,223,82,141,161,75,86,5,4,1,583,286,297,81,26,55,146,71,75,0,0,0
454810,Undergraduate students,1247,565,682,22,10,12,26,11,15,223,82,141,161,75,86,5,4,1,583,286,297,81,26,55,146,71,75,0,0,0
454829,Total students enrolled for credit,5433,1035,4398,21,5,16,150,60,90,330,73,257,142,35,107,10,2,8,1229,221,1008,102,27,75,3449,612,2837,0,0,0
454829,Undergraduate students,3187,486,2701,11,3,8,54,12,42,175,27,148,71,11,60,4,1,3,685,85,600,52,11,41,2135,336,1799,0,0,0
454829,Graduate student,2246,549,1697,10,2,8,96,48,48,155,46,109,71,24,47,6,1,5,544,136,408,50,16,34,1314,276,1038,0,0,0
454838,Total students enrolled for credit,46,9,37,1,0,1,3,0,3,0,0,0,0,0,0,0,0,0,42,9,33,0,0,0,0,0,0,0,0,0
454838,Graduate student,46,9,37,1,0,1,3,0,3,0,0,0,0,0,0,0,0,0,42,9,33,0,0,0,0,0,0,0,0,0
454847,Total students enrolled for credit,118,18,100,0,0,0,71,18,53,0,0,0,21,0,21,0,0,0,26,0,26,0,0,0,0,0,0,0,0,0
454847,Undergraduate students,118,18,100,0,0,0,71,18,53,0,0,0,21,0,21,0,0,0,26,0,26,0,0,0,0,0,0,0,0,0
454856,Total students enrolled for credit,974,198,776,7,1,6,60,18,42,36,11,25,105,17,88,9,2,7,660,132,528,51,10,41,37,3,34,9,4,5
454856,Undergraduate students,974,198,776,7,1,6,60,18,42,36,11,25,105,17,88,9,2,7,660,132,528,51,10,41,37,3,34,9,4,5
454865,Total students enrolled for credit,539,95,444,24,2,22,21,3,18,248,51,197,94,19,75,0,0,0,127,18,109,23,2,21,2,0,2,0,0,0
454865,Undergraduate students,539,95,444,24,2,22,21,3,18,248,51,197,94,19,75,0,0,0,127,18,109,23,2,21,2,0,2,0,0,0
454874,Total students enrolled for credit,93,2,91,0,0,0,0,0,0,5,0,5,33,2,31,0,0,0,53,0,53,1,0,1,1,0,1,0,0,0
454874,Undergraduate students,93,2,91,0,0,0,0,0,0,5,0,5,33,2,31,0,0,0,53,0,53,1,0,1,1,0,1,0,0,0
454883,Total students enrolled for credit,353,10,343,3,0,3,4,0,4,153,0,153,22,2,20,1,0,1,159,7,152,0,0,0,11,1,10,0,0,0
454883,Undergraduate students,353,10,343,3,0,3,4,0,4,153,0,153,22,2,20,1,0,1,159,7,152,0,0,0,11,1,10,0,0,0
454908,Total students enrolled for credit,203,101,102,0,0,0,0,0,0,0,0,0,203,101,102,0,0,0,0,0,0,0,0,0,0,0,0,0,0,0
454908,Undergraduate students,203,101,102,0,0,0,0,0,0,0,0,0,203,101,102,0,0,0,0,0,0,0,0,0,0,0,0,0,0,0
454917,Total students enrolled for credit,553,99,454,1,0,1,0,0,0,26,6,20,490,87,403,5,5,0,10,1,9,1,0,1,0,0,0,20,0,20
454917,Undergraduate students,553,99,454,1,0,1,0,0,0,26,6,20,490,87,403,5,5,0,10,1,9,1,0,1,0,0,0,20,0,20
454926,Total students enrolled for credit,449,32,417,0,0,0,13,1,12,298,21,277,19,2,17,0,0,0,112,8,104,3,0,3,4,0,4,0,0,0
454926,Undergraduate students,449,32,417,0,0,0,13,1,12,298,21,277,19,2,17,0,0,0,112,8,104,3,0,3,4,0,4,0,0,0
454935,Total students enrolled for credit,82,0,82,1,0,1,0,0,0,1,0,1,3,0,3,0,0,0,77,0,77,0,0,0,0,0,0,0,0,0
454935,Undergraduate students,82,0,82,1,0,1,0,0,0,1,0,1,3,0,3,0,0,0,77,0,77,0,0,0,0,0,0,0,0,0
454944,Total students enrolled for credit,196,6,190,1,0,1,1,0,1,1,0,1,15,2,13,0,0,0,178,4,174,0,0,0,0,0,0,0,0,0
454944,Undergraduate students,196,6,190,1,0,1,1,0,1,1,0,1,15,2,13,0,0,0,178,4,174,0,0,0,0,0,0,0,0,0
454953,Total students enrolled for credit,48,0,48,0,0,0,1,0,1,11,0,11,16,0,16,0,0,0,20,0,20,0,0,0,0,0,0,0,0,0
454953,Undergraduate students,48,0,48,0,0,0,1,0,1,11,0,11,16,0,16,0,0,0,20,0,20,0,0,0,0,0,0,0,0,0
454962,Total students enrolled for credit,52,0,52,0,0,0,1,0,1,10,0,10,6,0,6,0,0,0,35,0,35,0,0,0,0,0,0,0,0,0
454962,Undergraduate students,52,0,52,0,0,0,1,0,1,10,0,10,6,0,6,0,0,0,35,0,35,0,0,0,0,0,0,0,0,0
454971,Total students enrolled for credit,335,36,299,1,0,1,7,1,6,87,5,82,104,9,95,1,0,1,120,17,103,14,3,11,1,1,0,0,0,0
454971,Undergraduate students,335,36,299,1,0,1,7,1,6,87,5,82,104,9,95,1,0,1,120,17,103,14,3,11,1,1,0,0,0,0
454980,Total students enrolled for credit,144,2,142,2,0,2,9,0,9,20,0,20,31,1,30,1,0,1,76,1,75,4,0,4,1,0,1,0,0,0
454980,Undergraduate students,144,2,142,2,0,2,9,0,9,20,0,20,31,1,30,1,0,1,76,1,75,4,0,4,1,0,1,0,0,0
454999,Total students enrolled for credit,202,8,194,1,0,1,1,1,0,50,1,49,4,0,4,2,0,2,136,6,130,8,0,8,0,0,0,0,0,0
454999,Undergraduate students,202,8,194,1,0,1,1,1,0,50,1,49,4,0,4,2,0,2,136,6,130,8,0,8,0,0,0,0,0,0
455008,Total students enrolled for credit,260,25,235,2,1,1,1,0,1,56,9,47,36,2,34,0,0,0,155,12,143,8,1,7,0,0,0,2,0,2
455008,Undergraduate students,260,25,235,2,1,1,1,0,1,56,9,47,36,2,34,0,0,0,155,12,143,8,1,7,0,0,0,2,0,2
455017,Total students enrolled for credit,34,0,34,0,0,0,1,0,1,2,0,2,2,0,2,0,0,0,29,0,29,0,0,0,0,0,0,0,0,0
455017,Undergraduate students,34,0,34,0,0,0,1,0,1,2,0,2,2,0,2,0,0,0,29,0,29,0,0,0,0,0,0,0,0,0
455026,Total students enrolled for credit,143,134,9,0,0,0,2,2,0,62,57,5,14,13,1,0,0,0,49,47,2,16,15,1,0,0,0,0,0,0
455026,Undergraduate students,143,134,9,0,0,0,2,2,0,62,57,5,14,13,1,0,0,0,49,47,2,16,15,1,0,0,0,0,0,0
455035,Total students enrolled for credit,59,36,23,0,0,0,0,0,0,58,35,23,0,0,0,0,0,0,0,0,0,0,0,0,1,1,0,0,0,0
455035,Undergraduate students,59,36,23,0,0,0,0,0,0,58,35,23,0,0,0,0,0,0,0,0,0,0,0,0,1,1,0,0,0,0
455053,Total students enrolled for credit,65,14,51,0,0,0,8,3,5,34,7,27,10,4,6,0,0,0,12,0,12,0,0,0,1,0,1,0,0,0
455053,Undergraduate students,65,14,51,0,0,0,8,3,5,34,7,27,10,4,6,0,0,0,12,0,12,0,0,0,1,0,1,0,0,0
455062,Total students enrolled for credit,85,3,82,1,0,1,4,1,3,5,0,5,5,0,5,0,0,0,67,2,65,2,0,2,0,0,0,1,0,1
455062,Undergraduate students,85,3,82,1,0,1,4,1,3,5,0,5,5,0,5,0,0,0,67,2,65,2,0,2,0,0,0,1,0,1
455071,Total students enrolled for credit,96,22,74,0,0,0,5,1,4,20,6,14,3,0,3,0,0,0,66,15,51,2,0,2,0,0,0,0,0,0
455071,Undergraduate students,96,22,74,0,0,0,5,1,4,20,6,14,3,0,3,0,0,0,66,15,51,2,0,2,0,0,0,0,0,0
455080,Total students enrolled for credit,204,5,199,0,0,0,0,0,0,2,0,2,0,0,0,1,0,1,199,5,194,2,0,2,0,0,0,0,0,0
455080,Undergraduate students,204,5,199,0,0,0,0,0,0,2,0,2,0,0,0,1,0,1,199,5,194,2,0,2,0,0,0,0,0,0
455099,Total students enrolled for credit,132,93,39,1,1,0,2,2,0,6,1,5,3,2,1,0,0,0,79,54,25,3,2,1,26,21,5,12,10,2
455099,Graduate student,132,93,39,1,1,0,2,2,0,6,1,5,3,2,1,0,0,0,79,54,25,3,2,1,26,21,5,12,10,2
455105,Total students enrolled for credit,114,1,113,0,0,0,1,0,1,29,0,29,1,0,1,0,0,0,81,1,80,0,0,0,2,0,2,0,0,0
455105,Undergraduate students,114,1,113,0,0,0,1,0,1,29,0,29,1,0,1,0,0,0,81,1,80,0,0,0,2,0,2,0,0,0
455114,Total students enrolled for credit,17302,7440,9862,174,78,96,326,125,201,286,155,131,2650,1063,1587,80,28,52,12112,5217,6895,341,159,182,1275,587,688,58,28,30
455114,Undergraduate students,17302,7440,9862,174,78,96,326,125,201,286,155,131,2650,1063,1587,80,28,52,12112,5217,6895,341,159,182,1275,587,688,58,28,30
455141,Total students enrolled for credit,357,13,344,3,1,2,6,0,6,86,1,85,22,2,20,0,0,0,201,4,197,27,4,23,12,1,11,0,0,0
455141,Undergraduate students,357,13,344,3,1,2,6,0,6,86,1,85,22,2,20,0,0,0,201,4,197,27,4,23,12,1,11,0,0,0
455178,Total students enrolled for credit,93,30,63,1,0,1,3,2,1,2,0,2,3,2,1,1,1,0,73,24,49,8,1,7,2,0,2,0,0,0
455178,Graduate student,93,30,63,1,0,1,3,2,1,2,0,2,3,2,1,1,1,0,73,24,49,8,1,7,2,0,2,0,0,0
455187,Total students enrolled for credit,198,32,166,0,0,0,2,0,2,3,0,3,185,29,156,0,0,0,8,3,5,0,0,0,0,0,0,0,0,0
455187,Undergraduate students,198,32,166,0,0,0,2,0,2,3,0,3,185,29,156,0,0,0,8,3,5,0,0,0,0,0,0,0,0,0
455196,Total students enrolled for credit,3904,373,3531,11,1,10,125,34,91,2468,208,2260,426,43,383,18,1,17,557,69,488,70,3,67,229,14,215,0,0,0
455196,Undergraduate students,3904,373,3531,11,1,10,125,34,91,2468,208,2260,426,43,383,18,1,17,557,69,488,70,3,67,229,14,215,0,0,0
455202,Total students enrolled for credit,652,93,559,0,0,0,123,25,98,87,14,73,108,14,94,4,0,4,283,36,247,41,3,38,1,0,1,5,1,4
455202,Undergraduate students,652,93,559,0,0,0,123,25,98,87,14,73,108,14,94,4,0,4,283,36,247,41,3,38,1,0,1,5,1,4
455211,Total students enrolled for credit,287,12,275,4,0,4,18,0,18,35,2,33,65,1,64,4,0,4,109,5,104,50,3,47,2,1,1,0,0,0
455211,Undergraduate students,287,12,275,4,0,4,18,0,18,35,2,33,65,1,64,4,0,4,109,5,104,50,3,47,2,1,1,0,0,0
455220,Total students enrolled for credit,95,5,90,0,0,0,2,0,2,29,4,25,20,1,19,0,0,0,35,0,35,0,0,0,9,0,9,0,0,0
455220,Undergraduate students,95,5,90,0,0,0,2,0,2,29,4,25,20,1,19,0,0,0,35,0,35,0,0,0,9,0,9,0,0,0
455239,Total students enrolled for credit,73,4,69,0,0,0,5,0,5,12,0,12,5,1,4,0,0,0,50,3,47,0,0,0,1,0,1,0,0,0
455239,Undergraduate students,73,4,69,0,0,0,5,0,5,12,0,12,5,1,4,0,0,0,50,3,47,0,0,0,1,0,1,0,0,0
455257,Total students enrolled for credit,443,443,0,0,0,0,0,0,0,0,0,0,0,0,0,0,0,0,443,443,0,0,0,0,0,0,0,0,0,0
455257,Undergraduate students,443,443,0,0,0,0,0,0,0,0,0,0,0,0,0,0,0,0,443,443,0,0,0,0,0,0,0,0,0,0
455275,Total students enrolled for credit,415,20,395,4,0,4,3,0,3,101,5,96,19,0,19,0,0,0,257,14,243,31,1,30,0,0,0,0,0,0
455275,Undergraduate students,415,20,395,4,0,4,3,0,3,101,5,96,19,0,19,0,0,0,257,14,243,31,1,30,0,0,0,0,0,0
455284,Total students enrolled for credit,340,19,321,0,0,0,1,0,1,73,4,69,3,0,3,0,0,0,258,15,243,0,0,0,5,0,5,0,0,0
455284,Undergraduate students,340,19,321,0,0,0,1,0,1,73,4,69,3,0,3,0,0,0,258,15,243,0,0,0,5,0,5,0,0,0
455327,Total students enrolled for credit,110,21,89,0,0,0,0,0,0,28,8,20,20,5,15,0,0,0,59,6,53,1,1,0,2,1,1,0,0,0
455327,Undergraduate students,110,21,89,0,0,0,0,0,0,28,8,20,20,5,15,0,0,0,59,6,53,1,1,0,2,1,1,0,0,0
455336,Total students enrolled for credit,261,222,39,0,0,0,4,3,1,138,116,22,33,29,4,2,2,0,69,58,11,2,2,0,13,12,1,0,0,0
455336,Undergraduate students,261,222,39,0,0,0,4,3,1,138,116,22,33,29,4,2,2,0,69,58,11,2,2,0,13,12,1,0,0,0
455345,Total students enrolled for credit,42,12,30,0,0,0,0,0,0,29,8,21,7,0,7,0,0,0,6,4,2,0,0,0,0,0,0,0,0,0
455345,Undergraduate students,42,12,30,0,0,0,0,0,0,29,8,21,7,0,7,0,0,0,6,4,2,0,0,0,0,0,0,0,0,0
455354,Total students enrolled for credit,336,17,319,0,0,0,3,0,3,17,1,16,159,11,148,0,0,0,148,4,144,0,0,0,9,1,8,0,0,0
455354,Undergraduate students,336,17,319,0,0,0,3,0,3,17,1,16,159,11,148,0,0,0,148,4,144,0,0,0,9,1,8,0,0,0
455381,Total students enrolled for credit,207,1,206,3,0,3,3,0,3,8,0,8,19,0,19,2,0,2,161,1,160,3,0,3,5,0,5,3,0,3
455381,Undergraduate students,207,1,206,3,0,3,3,0,3,8,0,8,19,0,19,2,0,2,161,1,160,3,0,3,5,0,5,3,0,3
455390,Total students enrolled for credit,386,56,330,0,0,0,45,3,42,285,45,240,15,1,14,1,0,1,15,2,13,8,1,7,17,4,13,0,0,0
455390,Undergraduate students,386,56,330,0,0,0,45,3,42,285,45,240,15,1,14,1,0,1,15,2,13,8,1,7,17,4,13,0,0,0
455406,Total students enrolled for credit,570,297,273,2,2,0,79,27,52,4,2,2,39,24,15,1,0,1,393,220,173,31,14,17,13,6,7,8,2,6
455406,Graduate student,570,297,273,2,2,0,79,27,52,4,2,2,39,24,15,1,0,1,393,220,173,31,14,17,13,6,7,8,2,6
455433,Total students enrolled for credit,339,70,269,2,2,0,30,9,21,42,7,35,92,14,78,2,0,2,128,28,100,18,4,14,17,4,13,8,2,6
455433,Graduate student,339,70,269,2,2,0,30,9,21,42,7,35,92,14,78,2,0,2,128,28,100,18,4,14,17,4,13,8,2,6
455460,Total students enrolled for credit,348,56,292,3,1,2,2,2,0,200,25,175,4,2,2,0,0,0,134,26,108,5,0,5,0,0,0,0,0,0
455460,Undergraduate students,348,56,292,3,1,2,2,2,0,200,25,175,4,2,2,0,0,0,134,26,108,5,0,5,0,0,0,0,0,0
455479,Total students enrolled for credit,875,129,746,5,1,4,18,4,14,243,30,213,36,10,26,0,0,0,529,83,446,26,1,25,18,0,18,0,0,0
455479,Undergraduate students,875,129,746,5,1,4,18,4,14,243,30,213,36,10,26,0,0,0,529,83,446,26,1,25,18,0,18,0,0,0
455488,Total students enrolled for credit,548,150,398,0,0,0,3,1,2,455,116,339,3,2,1,0,0,0,79,28,51,6,3,3,2,0,2,0,0,0
455488,Undergraduate students,548,150,398,0,0,0,3,1,2,455,116,339,3,2,1,0,0,0,79,28,51,6,3,3,2,0,2,0,0,0
455512,Total students enrolled for credit,6227,2407,3820,39,12,27,605,263,342,168,76,92,2906,1115,1791,19,8,11,1894,693,1201,281,108,173,310,129,181,5,3,2
455512,Undergraduate students,6227,2407,3820,39,12,27,605,263,342,168,76,92,2906,1115,1791,19,8,11,1894,693,1201,281,108,173,310,129,181,5,3,2
455549,Total students enrolled for credit,34,2,32,0,0,0,0,0,0,15,0,15,0,0,0,1,0,1,17,2,15,0,0,0,1,0,1,0,0,0
455549,Undergraduate students,34,2,32,0,0,0,0,0,0,15,0,15,0,0,0,1,0,1,17,2,15,0,0,0,1,0,1,0,0,0
455558,Total students enrolled for credit,306,139,167,0,0,0,2,1,1,230,102,128,9,4,5,0,0,0,44,24,20,14,5,9,7,3,4,0,0,0
455558,Undergraduate students,306,139,167,0,0,0,2,1,1,230,102,128,9,4,5,0,0,0,44,24,20,14,5,9,7,3,4,0,0,0
455567,Total students enrolled for credit,386,202,184,0,0,0,3,1,2,294,141,153,5,5,0,0,0,0,71,48,23,5,4,1,8,3,5,0,0,0
455567,Undergraduate students,386,202,184,0,0,0,3,1,2,294,141,153,5,5,0,0,0,0,71,48,23,5,4,1,8,3,5,0,0,0
455600,Total students enrolled for credit,156,29,127,2,1,1,1,0,1,2,0,2,15,3,12,1,0,1,128,23,105,0,0,0,7,2,5,0,0,0
455600,Undergraduate students,156,29,127,2,1,1,1,0,1,2,0,2,15,3,12,1,0,1,128,23,105,0,0,0,7,2,5,0,0,0
455619,Total students enrolled for credit,308,72,236,29,1,28,6,3,3,73,15,58,21,11,10,1,1,0,177,41,136,0,0,0,1,0,1,0,0,0
455619,Undergraduate students,308,72,236,29,1,28,6,3,3,73,15,58,21,11,10,1,1,0,177,41,136,0,0,0,1,0,1,0,0,0
455628,Total students enrolled for credit,787,256,531,5,1,4,3,1,2,655,217,438,7,3,4,0,0,0,107,30,77,2,0,2,8,4,4,0,0,0
455628,Undergraduate students,787,256,531,5,1,4,3,1,2,655,217,438,7,3,4,0,0,0,107,30,77,2,0,2,8,4,4,0,0,0
455655,Total students enrolled for credit,748,215,533,3,0,3,1,0,1,554,164,390,30,6,24,1,0,1,134,40,94,9,0,9,16,5,11,0,0,0
455655,Undergraduate students,748,215,533,3,0,3,1,0,1,554,164,390,30,6,24,1,0,1,134,40,94,9,0,9,16,5,11,0,0,0
455664,Total students enrolled for credit,3230,636,2594,14,5,9,172,34,138,839,174,665,501,105,396,9,1,8,1330,254,1076,143,28,115,156,22,134,66,13,53
455664,Undergraduate students,220,40,180,1,0,1,9,2,7,56,12,44,34,6,28,2,0,2,99,14,85,12,4,8,4,1,3,3,1,2
455664,Graduate student,3010,596,2414,13,5,8,163,32,131,783,162,621,467,99,368,7,1,6,1231,240,991,131,24,107,152,21,131,63,12,51
455707,Total students enrolled for credit,53,6,47,0,0,0,2,1,1,8,1,7,0,0,0,0,0,0,43,4,39,0,0,0,0,0,0,0,0,0
455707,Undergraduate students,53,6,47,0,0,0,2,1,1,8,1,7,0,0,0,0,0,0,43,4,39,0,0,0,0,0,0,0,0,0
455716,Total students enrolled for credit,1247,386,861,2,0,2,14,6,8,777,234,543,107,30,77,2,2,0,272,96,176,16,4,12,56,14,42,1,0,1
455716,Undergraduate students,1247,386,861,2,0,2,14,6,8,777,234,543,107,30,77,2,2,0,272,96,176,16,4,12,56,14,42,1,0,1
455725,Total students enrolled for credit,681,21,660,8,0,8,15,1,14,103,2,101,230,8,222,2,0,2,287,10,277,27,0,27,9,0,9,0,0,0
455725,Undergraduate students,681,21,660,8,0,8,15,1,14,103,2,101,230,8,222,2,0,2,287,10,277,27,0,27,9,0,9,0,0,0
455734,Total students enrolled for credit,264,57,207,1,0,1,27,11,16,14,2,12,165,29,136,3,2,1,40,11,29,14,2,12,0,0,0,0,0,0
455734,Undergraduate students,264,57,207,1,0,1,27,11,16,14,2,12,165,29,136,3,2,1,40,11,29,14,2,12,0,0,0,0,0,0
455752,Total students enrolled for credit,193,187,6,1,1,0,9,9,0,84,80,4,82,80,2,1,1,0,16,16,0,0,0,0,0,0,0,0,0,0
455752,Undergraduate students,193,187,6,1,1,0,9,9,0,84,80,4,82,80,2,1,1,0,16,16,0,0,0,0,0,0,0,0,0,0
455761,Total students enrolled for credit,554,30,524,3,0,3,31,3,28,53,2,51,178,12,166,8,0,8,135,5,130,21,0,21,125,8,117,0,0,0
455761,Undergraduate students,554,30,524,3,0,3,31,3,28,53,2,51,178,12,166,8,0,8,135,5,130,21,0,21,125,8,117,0,0,0
455770,Total students enrolled for credit,171,83,88,0,0,0,3,2,1,9,6,3,54,28,26,1,0,1,72,31,41,6,1,5,15,7,8,11,8,3
455770,Undergraduate students,171,83,88,0,0,0,3,2,1,9,6,3,54,28,26,1,0,1,72,31,41,6,1,5,15,7,8,11,8,3
455798,Total students enrolled for credit,103,10,93,0,0,0,1,1,0,9,0,9,24,4,20,0,0,0,65,4,61,4,1,3,0,0,0,0,0,0
455798,Undergraduate students,103,10,93,0,0,0,1,1,0,9,0,9,24,4,20,0,0,0,65,4,61,4,1,3,0,0,0,0,0,0
455804,Total students enrolled for credit,161,108,53,1,0,1,7,3,4,13,9,4,6,4,2,0,0,0,114,77,37,5,5,0,13,8,5,2,2,0
455804,Graduate student,161,108,53,1,0,1,7,3,4,13,9,4,6,4,2,0,0,0,114,77,37,5,5,0,13,8,5,2,2,0
455813,Total students enrolled for credit,77,42,35,0,0,0,6,3,3,1,0,1,3,1,2,0,0,0,46,21,25,0,0,0,10,10,0,11,7,4
455813,Graduate student,77,42,35,0,0,0,6,3,3,1,0,1,3,1,2,0,0,0,46,21,25,0,0,0,10,10,0,11,7,4
455831,Total students enrolled for credit,359,55,304,0,0,0,3,0,3,65,6,59,265,45,220,1,0,1,23,4,19,1,0,1,1,0,1,0,0,0
455831,Undergraduate students,359,55,304,0,0,0,3,0,3,65,6,59,265,45,220,1,0,1,23,4,19,1,0,1,1,0,1,0,0,0
455840,Total students enrolled for credit,263,25,238,0,0,0,2,1,1,142,10,132,37,5,32,0,0,0,82,9,73,0,0,0,0,0,0,0,0,0
455840,Undergraduate students,263,25,238,0,0,0,2,1,1,142,10,132,37,5,32,0,0,0,82,9,73,0,0,0,0,0,0,0,0,0
455859,Total students enrolled for credit,301,5,296,0,0,0,2,0,2,3,0,3,31,1,30,2,0,2,260,4,256,3,0,3,0,0,0,0,0,0
455859,Undergraduate students,301,5,296,0,0,0,2,0,2,3,0,3,31,1,30,2,0,2,260,4,256,3,0,3,0,0,0,0,0,0
455868,Total students enrolled for credit,358,42,316,0,0,0,52,8,44,17,3,14,238,25,213,0,0,0,39,5,34,4,0,4,7,1,6,1,0,1
455868,Undergraduate students,358,42,316,0,0,0,52,8,44,17,3,14,238,25,213,0,0,0,39,5,34,4,0,4,7,1,6,1,0,1
455877,Total students enrolled for credit,251,22,229,2,0,2,11,1,10,26,1,25,68,5,63,4,0,4,116,12,104,12,2,10,11,1,10,1,0,1
455877,Undergraduate students,251,22,229,2,0,2,11,1,10,26,1,25,68,5,63,4,0,4,116,12,104,12,2,10,11,1,10,1,0,1
455886,Total students enrolled for credit,199,7,192,0,0,0,1,0,1,36,4,32,73,0,73,1,0,1,82,3,79,5,0,5,0,0,0,1,0,1
455886,Undergraduate students,199,7,192,0,0,0,1,0,1,36,4,32,73,0,73,1,0,1,82,3,79,5,0,5,0,0,0,1,0,1
455895,Total students enrolled for credit,327,23,304,2,0,2,3,0,3,148,11,137,100,11,89,1,0,1,68,1,67,3,0,3,0,0,0,2,0,2
455895,Undergraduate students,327,23,304,2,0,2,3,0,3,148,11,137,100,11,89,1,0,1,68,1,67,3,0,3,0,0,0,2,0,2
455901,Total students enrolled for credit,301,18,283,0,0,0,3,1,2,40,2,38,18,0,18,1,1,0,227,12,215,8,1,7,3,1,2,1,0,1
455901,Undergraduate students,301,18,283,0,0,0,3,1,2,40,2,38,18,0,18,1,1,0,227,12,215,8,1,7,3,1,2,1,0,1
455910,Total students enrolled for credit,72,14,58,2,1,1,0,0,0,3,0,3,2,1,1,0,0,0,64,12,52,0,0,0,1,0,1,0,0,0
455910,Undergraduate students,72,14,58,2,1,1,0,0,0,3,0,3,2,1,1,0,0,0,64,12,52,0,0,0,1,0,1,0,0,0
455929,Total students enrolled for credit,91,6,85,7,1,6,2,0,2,13,1,12,6,0,6,0,0,0,53,3,50,7,1,6,2,0,2,1,0,1
455929,Undergraduate students,91,6,85,7,1,6,2,0,2,13,1,12,6,0,6,0,0,0,53,3,50,7,1,6,2,0,2,1,0,1
455947,Total students enrolled for credit,161,9,152,0,0,0,3,0,3,16,1,15,10,1,9,3,1,2,125,6,119,0,0,0,2,0,2,2,0,2
455947,Undergraduate students,161,9,152,0,0,0,3,0,3,16,1,15,10,1,9,3,1,2,125,6,119,0,0,0,2,0,2,2,0,2
455956,Total students enrolled for credit,600,278,322,6,1,5,62,22,40,109,46,63,151,77,74,4,3,1,209,103,106,14,6,8,45,20,25,0,0,0
455956,Undergraduate students,600,278,322,6,1,5,62,22,40,109,46,63,151,77,74,4,3,1,209,103,106,14,6,8,45,20,25,0,0,0
455965,Total students enrolled for credit,235,12,223,0,0,0,2,0,2,9,2,7,26,0,26,1,0,1,188,10,178,7,0,7,2,0,2,0,0,0
455965,Undergraduate students,235,12,223,0,0,0,2,0,2,9,2,7,26,0,26,1,0,1,188,10,178,7,0,7,2,0,2,0,0,0
455974,Total students enrolled for credit,123,12,111,0,0,0,0,0,0,0,0,0,123,12,111,0,0,0,0,0,0,0,0,0,0,0,0,0,0,0
455974,Undergraduate students,123,12,111,0,0,0,0,0,0,0,0,0,123,12,111,0,0,0,0,0,0,0,0,0,0,0,0,0,0,0
455983,Total students enrolled for credit,543,213,330,0,0,0,184,58,126,10,4,6,38,11,27,0,0,0,161,72,89,33,14,19,2,0,2,115,54,61
455983,Undergraduate students,543,213,330,0,0,0,184,58,126,10,4,6,38,11,27,0,0,0,161,72,89,33,14,19,2,0,2,115,54,61
455992,Total students enrolled for credit,495,163,332,3,1,2,7,0,7,15,9,6,26,10,16,2,1,1,331,108,223,12,3,9,83,27,56,16,4,12
455992,Graduate student,495,163,332,3,1,2,7,0,7,15,9,6,26,10,16,2,1,1,331,108,223,12,3,9,83,27,56,16,4,12
456001,Total students enrolled for credit,56,51,5,2,2,0,0,0,0,0,0,0,0,0,0,0,0,0,54,49,5,0,0,0,0,0,0,0,0,0
456001,Undergraduate students,56,51,5,2,2,0,0,0,0,0,0,0,0,0,0,0,0,0,54,49,5,0,0,0,0,0,0,0,0,0
456010,Total students enrolled for credit,60,32,28,1,1,0,8,2,6,16,11,5,8,5,3,1,0,1,23,11,12,0,0,0,1,0,1,2,2,0
456010,Undergraduate students,60,32,28,1,1,0,8,2,6,16,11,5,8,5,3,1,0,1,23,11,12,0,0,0,1,0,1,2,2,0
456029,Total students enrolled for credit,231,19,212,0,0,0,0,0,0,100,6,94,19,3,16,0,0,0,106,9,97,0,0,0,4,1,3,2,0,2
456029,Undergraduate students,231,19,212,0,0,0,0,0,0,100,6,94,19,3,16,0,0,0,106,9,97,0,0,0,4,1,3,2,0,2
456038,Total students enrolled for credit,837,93,744,31,4,27,16,3,13,30,6,24,248,30,218,0,0,0,473,49,424,15,0,15,24,1,23,0,0,0
456038,Undergraduate students,837,93,744,31,4,27,16,3,13,30,6,24,248,30,218,0,0,0,473,49,424,15,0,15,24,1,23,0,0,0
456056,Total students enrolled for credit,686,72,614,0,0,0,4,1,3,521,50,471,21,1,20,0,0,0,92,16,76,15,3,12,33,1,32,0,0,0
456056,Undergraduate students,686,72,614,0,0,0,4,1,3,521,50,471,21,1,20,0,0,0,92,16,76,15,3,12,33,1,32,0,0,0
456065,Total students enrolled for credit,243,9,234,0,0,0,1,0,1,114,4,110,11,0,11,0,0,0,114,5,109,3,0,3,0,0,0,0,0,0
456065,Undergraduate students,243,9,234,0,0,0,1,0,1,114,4,110,11,0,11,0,0,0,114,5,109,3,0,3,0,0,0,0,0,0
456074,Total students enrolled for credit,261,10,251,0,0,0,3,0,3,57,4,53,8,0,8,0,0,0,183,6,177,9,0,9,1,0,1,0,0,0
456074,Undergraduate students,261,10,251,0,0,0,3,0,3,57,4,53,8,0,8,0,0,0,183,6,177,9,0,9,1,0,1,0,0,0
456092,Total students enrolled for credit,179,6,173,0,0,0,0,0,0,11,0,11,33,1,32,1,0,1,127,4,123,6,1,5,1,0,1,0,0,0
456092,Undergraduate students,179,6,173,0,0,0,0,0,0,11,0,11,33,1,32,1,0,1,127,4,123,6,1,5,1,0,1,0,0,0
456126,Total students enrolled for credit,134,7,127,2,0,2,0,0,0,87,5,82,19,1,18,0,0,0,11,0,11,3,0,3,12,1,11,0,0,0
456126,Undergraduate students,134,7,127,2,0,2,0,0,0,87,5,82,19,1,18,0,0,0,11,0,11,3,0,3,12,1,11,0,0,0
456135,Total students enrolled for credit,165,4,161,1,0,1,6,0,6,60,1,59,7,0,7,0,0,0,63,3,60,10,0,10,18,0,18,0,0,0
456135,Undergraduate students,165,4,161,1,0,1,6,0,6,60,1,59,7,0,7,0,0,0,63,3,60,10,0,10,18,0,18,0,0,0
456153,Total students enrolled for credit,162,139,23,0,0,0,0,0,0,116,104,12,22,15,7,0,0,0,24,20,4,0,0,0,0,0,0,0,0,0
456153,Undergraduate students,162,139,23,0,0,0,0,0,0,116,104,12,22,15,7,0,0,0,24,20,4,0,0,0,0,0,0,0,0,0
456180,Total students enrolled for credit,342,54,288,11,0,11,5,2,3,75,14,61,113,22,91,2,2,0,112,9,103,9,2,7,15,3,12,0,0,0
456180,Undergraduate students,342,54,288,11,0,11,5,2,3,75,14,61,113,22,91,2,2,0,112,9,103,9,2,7,15,3,12,0,0,0
456205,Total students enrolled for credit,1037,163,874,6,1,5,10,1,9,667,116,551,98,11,87,2,0,2,196,28,168,26,4,22,32,2,30,0,0,0
456205,Undergraduate students,1037,163,874,6,1,5,10,1,9,667,116,551,98,11,87,2,0,2,196,28,168,26,4,22,32,2,30,0,0,0
456214,Total students enrolled for credit,377,208,169,5,4,1,2,0,2,46,24,22,255,137,118,1,0,1,54,34,20,1,0,1,13,9,4,0,0,0
456214,Undergraduate students,377,208,169,5,4,1,2,0,2,46,24,22,255,137,118,1,0,1,54,34,20,1,0,1,13,9,4,0,0,0
456287,Total students enrolled for credit,101,4,97,0,0,0,4,0,4,3,0,3,7,1,6,0,0,0,81,3,78,6,0,6,0,0,0,0,0,0
456287,Undergraduate students,101,4,97,0,0,0,4,0,4,3,0,3,7,1,6,0,0,0,81,3,78,6,0,6,0,0,0,0,0,0
456296,Total students enrolled for credit,206,112,94,2,2,0,2,0,2,39,22,17,24,12,12,0,0,0,108,58,50,12,7,5,19,11,8,0,0,0
456296,Undergraduate students,206,112,94,2,2,0,2,0,2,39,22,17,24,12,12,0,0,0,108,58,50,12,7,5,19,11,8,0,0,0
456348,Total students enrolled for credit,10262,2544,7718,178,51,127,82,27,55,3759,974,2785,979,249,730,99,21,78,4806,1100,3706,0,0,0,334,114,220,25,8,17
456348,Undergraduate students,8113,2025,6088,147,46,101,52,20,32,2768,762,2006,799,208,591,79,17,62,4037,895,3142,0,0,0,225,74,151,6,3,3
456348,Graduate student,2149,519,1630,31,5,26,30,7,23,991,212,779,180,41,139,20,4,16,769,205,564,0,0,0,109,40,69,19,5,14
456454,Total students enrolled for credit,572,200,372,7,4,3,10,4,6,20,10,10,104,40,64,16,7,9,393,126,267,10,3,7,12,6,6,0,0,0
456454,Undergraduate students,572,200,372,7,4,3,10,4,6,20,10,10,104,40,64,16,7,9,393,126,267,10,3,7,12,6,6,0,0,0
456481,Total students enrolled for credit,171,74,97,0,0,0,0,0,0,2,1,1,167,72,95,0,0,0,2,1,1,0,0,0,0,0,0,0,0,0
456481,Undergraduate students,75,38,37,0,0,0,0,0,0,1,0,1,73,38,35,0,0,0,1,0,1,0,0,0,0,0,0,0,0,0
456481,Graduate student,96,36,60,0,0,0,0,0,0,1,1,0,94,34,60,0,0,0,1,1,0,0,0,0,0,0,0,0,0,0
456490,Total students enrolled for credit,188,124,64,0,0,0,0,0,0,3,1,2,181,120,61,0,0,0,3,2,1,0,0,0,0,0,0,1,1,0
456490,Undergraduate students,139,99,40,0,0,0,0,0,0,2,0,2,133,96,37,0,0,0,3,2,1,0,0,0,0,0,0,1,1,0
456490,Graduate student,49,25,24,0,0,0,0,0,0,1,1,0,48,24,24,0,0,0,0,0,0,0,0,0,0,0,0,0,0,0
456506,Total students enrolled for credit,202,4,198,0,0,0,2,0,2,58,0,58,17,1,16,0,0,0,111,3,108,10,0,10,4,0,4,0,0,0
456506,Undergraduate students,202,4,198,0,0,0,2,0,2,58,0,58,17,1,16,0,0,0,111,3,108,10,0,10,4,0,4,0,0,0
456515,Total students enrolled for credit,302,21,281,0,0,0,1,1,0,53,4,49,12,1,11,0,0,0,217,14,203,18,1,17,1,0,1,0,0,0
456515,Undergraduate students,302,21,281,0,0,0,1,1,0,53,4,49,12,1,11,0,0,0,217,14,203,18,1,17,1,0,1,0,0,0
456542,Total students enrolled for credit,513,253,260,5,0,5,67,32,35,45,16,29,24,8,16,0,0,0,326,181,145,27,9,18,19,7,12,0,0,0
456542,Graduate student,513,253,260,5,0,5,67,32,35,45,16,29,24,8,16,0,0,0,326,181,145,27,9,18,19,7,12,0,0,0
456551,Total students enrolled for credit,94,2,92,2,0,2,0,0,0,9,0,9,0,0,0,0,0,0,81,2,79,0,0,0,2,0,2,0,0,0
456551,Undergraduate students,94,2,92,2,0,2,0,0,0,9,0,9,0,0,0,0,0,0,81,2,79,0,0,0,2,0,2,0,0,0
456560,Total students enrolled for credit,307,160,147,74,29,45,3,2,1,5,3,2,15,5,10,2,1,1,190,110,80,16,10,6,0,0,0,2,0,2
456560,Undergraduate students,307,160,147,74,29,45,3,2,1,5,3,2,15,5,10,2,1,1,190,110,80,16,10,6,0,0,0,2,0,2
456579,Total students enrolled for credit,1282,503,779,5,4,1,5,5,0,176,86,90,549,230,319,0,0,0,476,157,319,56,13,43,15,8,7,0,0,0
456579,Undergraduate students,1282,503,779,5,4,1,5,5,0,176,86,90,549,230,319,0,0,0,476,157,319,56,13,43,15,8,7,0,0,0
456588,Total students enrolled for credit,66,1,65,1,0,1,1,0,1,9,0,9,43,1,42,0,0,0,7,0,7,0,0,0,5,0,5,0,0,0
456588,Undergraduate students,66,1,65,1,0,1,1,0,1,9,0,9,43,1,42,0,0,0,7,0,7,0,0,0,5,0,5,0,0,0
456597,Total students enrolled for credit,166,9,157,1,1,0,2,0,2,24,2,22,64,4,60,1,0,1,69,2,67,2,0,2,3,0,3,0,0,0
456597,Undergraduate students,166,9,157,1,1,0,2,0,2,24,2,22,64,4,60,1,0,1,69,2,67,2,0,2,3,0,3,0,0,0
456612,Total students enrolled for credit,329,88,241,18,5,13,11,7,4,48,15,33,105,25,80,1,1,0,139,32,107,0,0,0,7,3,4,0,0,0
456612,Undergraduate students,329,88,241,18,5,13,11,7,4,48,15,33,105,25,80,1,1,0,139,32,107,0,0,0,7,3,4,0,0,0
456621,Total students enrolled for credit,296,119,177,1,0,1,0,0,0,35,13,22,8,2,6,0,0,0,238,100,138,9,2,7,5,2,3,0,0,0
456621,Undergraduate students,252,101,151,1,0,1,0,0,0,30,12,18,7,1,6,0,0,0,204,86,118,9,2,7,1,0,1,0,0,0
456621,Graduate student,44,18,26,0,0,0,0,0,0,5,1,4,1,1,0,0,0,0,34,14,20,0,0,0,4,2,2,0,0,0
456791,Total students enrolled for credit,387,70,317,1,0,1,4,1,3,228,38,190,24,5,19,0,0,0,121,24,97,0,0,0,9,2,7,0,0,0
456791,Undergraduate students,387,70,317,1,0,1,4,1,3,228,38,190,24,5,19,0,0,0,121,24,97,0,0,0,9,2,7,0,0,0
456825,Total students enrolled for credit,185,7,178,1,0,1,3,0,3,64,1,63,2,0,2,1,0,1,111,5,106,2,0,2,1,1,0,0,0,0
456825,Undergraduate students,185,7,178,1,0,1,3,0,3,64,1,63,2,0,2,1,0,1,111,5,106,2,0,2,1,1,0,0,0,0
456861,Total students enrolled for credit,573,101,472,8,8,0,19,17,2,142,14,128,360,55,305,18,4,14,14,1,13,12,2,10,0,0,0,0,0,0
456861,Undergraduate students,573,101,472,8,8,0,19,17,2,142,14,128,360,55,305,18,4,14,14,1,13,12,2,10,0,0,0,0,0,0
456922,Total students enrolled for credit,409,104,305,0,0,0,0,0,0,4,2,2,396,100,296,0,0,0,9,2,7,0,0,0,0,0,0,0,0,0
456922,Undergraduate students,409,104,305,0,0,0,0,0,0,4,2,2,396,100,296,0,0,0,9,2,7,0,0,0,0,0,0,0,0,0
456931,Total students enrolled for credit,596,336,260,1,1,0,4,3,1,30,15,15,453,249,204,0,0,0,107,68,39,0,0,0,1,0,1,0,0,0
456931,Undergraduate students,596,336,260,1,1,0,4,3,1,30,15,15,453,249,204,0,0,0,107,68,39,0,0,0,1,0,1,0,0,0
456940,Total students enrolled for credit,450,194,256,0,0,0,6,4,2,346,140,206,5,3,2,1,0,1,82,43,39,9,3,6,1,1,0,0,0,0
456940,Undergraduate students,450,194,256,0,0,0,6,4,2,346,140,206,5,3,2,1,0,1,82,43,39,9,3,6,1,1,0,0,0,0
456959,Total students enrolled for credit,444,119,325,0,0,0,58,11,47,31,11,20,16,4,12,0,0,0,315,84,231,12,2,10,8,6,2,4,1,3
456959,Undergraduate students,444,119,325,0,0,0,58,11,47,31,11,20,16,4,12,0,0,0,315,84,231,12,2,10,8,6,2,4,1,3
456968,Total students enrolled for credit,837,17,820,1,0,1,12,1,11,439,12,427,47,0,47,1,0,1,305,4,301,23,0,23,8,0,8,1,0,1
456968,Undergraduate students,837,17,820,1,0,1,12,1,11,439,12,427,47,0,47,1,0,1,305,4,301,23,0,23,8,0,8,1,0,1
456977,Total students enrolled for credit,196,83,113,0,0,0,3,0,3,38,18,20,141,62,79,1,0,1,9,3,6,2,0,2,2,0,2,0,0,0
456977,Undergraduate students,196,83,113,0,0,0,3,0,3,38,18,20,141,62,79,1,0,1,9,3,6,2,0,2,2,0,2,0,0,0
457022,Total students enrolled for credit,424,100,324,0,0,0,2,1,1,226,52,174,21,4,17,0,0,0,146,35,111,4,2,2,25,6,19,0,0,0
457022,Undergraduate students,424,100,324,0,0,0,2,1,1,226,52,174,21,4,17,0,0,0,146,35,111,4,2,2,25,6,19,0,0,0
457031,Total students enrolled for credit,78,0,78,0,0,0,0,0,0,2,0,2,4,0,4,0,0,0,72,0,72,0,0,0,0,0,0,0,0,0
457031,Undergraduate students,78,0,78,0,0,0,0,0,0,2,0,2,4,0,4,0,0,0,72,0,72,0,0,0,0,0,0,0,0,0
457077,Total students enrolled for credit,609,36,573,4,1,3,6,0,6,44,0,44,343,22,321,2,0,2,182,9,173,3,1,2,25,3,22,0,0,0
457077,Undergraduate students,609,36,573,4,1,3,6,0,6,44,0,44,343,22,321,2,0,2,182,9,173,3,1,2,25,3,22,0,0,0
457086,Total students enrolled for credit,169,36,133,0,0,0,71,16,55,50,11,39,40,8,32,0,0,0,8,1,7,0,0,0,0,0,0,0,0,0
457086,Undergraduate students,169,36,133,0,0,0,71,16,55,50,11,39,40,8,32,0,0,0,8,1,7,0,0,0,0,0,0,0,0,0
457101,Total students enrolled for credit,514,142,372,4,0,4,82,29,53,80,25,55,167,42,125,30,13,17,113,26,87,15,2,13,23,5,18,0,0,0
457101,Undergraduate students,514,142,372,4,0,4,82,29,53,80,25,55,167,42,125,30,13,17,113,26,87,15,2,13,23,5,18,0,0,0
457110,Total students enrolled for credit,522,89,433,1,0,1,31,6,25,8,4,4,104,12,92,4,1,3,352,61,291,17,4,13,5,1,4,0,0,0
457110,Undergraduate students,522,89,433,1,0,1,31,6,25,8,4,4,104,12,92,4,1,3,352,61,291,17,4,13,5,1,4,0,0,0
457129,Total students enrolled for credit,1410,197,1213,1,0,1,82,25,57,427,47,380,353,53,300,6,1,5,376,49,327,16,3,13,148,18,130,1,1,0
457129,Undergraduate students,1410,197,1213,1,0,1,82,25,57,427,47,380,353,53,300,6,1,5,376,49,327,16,3,13,148,18,130,1,1,0
457174,Total students enrolled for credit,427,33,394,0,0,0,3,0,3,336,24,312,9,1,8,0,0,0,54,7,47,25,1,24,0,0,0,0,0,0
457174,Undergraduate students,427,33,394,0,0,0,3,0,3,336,24,312,9,1,8,0,0,0,54,7,47,25,1,24,0,0,0,0,0,0
457192,Total students enrolled for credit,195,151,44,0,0,0,0,0,0,175,138,37,6,5,1,0,0,0,13,7,6,1,1,0,0,0,0,0,0,0
457192,Undergraduate students,195,151,44,0,0,0,0,0,0,175,138,37,6,5,1,0,0,0,13,7,6,1,1,0,0,0,0,0,0,0
457208,Total students enrolled for credit,335,234,101,9,4,5,24,13,11,89,58,31,72,56,16,7,3,4,108,82,26,1,0,1,25,18,7,0,0,0
457208,Undergraduate students,335,234,101,9,4,5,24,13,11,89,58,31,72,56,16,7,3,4,108,82,26,1,0,1,25,18,7,0,0,0
457226,Total students enrolled for credit,25,20,5,0,0,0,0,0,0,1,1,0,4,2,2,0,0,0,18,15,3,0,0,0,1,1,0,1,1,0
457226,Undergraduate students,25,20,5,0,0,0,0,0,0,1,1,0,4,2,2,0,0,0,18,15,3,0,0,0,1,1,0,1,1,0
457244,Total students enrolled for credit,135,74,61,0,0,0,20,8,12,10,8,2,24,11,13,2,2,0,73,43,30,1,1,0,1,0,1,4,1,3
457244,Undergraduate students,135,74,61,0,0,0,20,8,12,10,8,2,24,11,13,2,2,0,73,43,30,1,1,0,1,0,1,4,1,3
457253,Total students enrolled for credit,82,7,75,1,0,1,1,0,1,1,0,1,68,6,62,1,0,1,4,0,4,0,0,0,1,0,1,5,1,4
457253,Undergraduate students,82,7,75,1,0,1,1,0,1,1,0,1,68,6,62,1,0,1,4,0,4,0,0,0,1,0,1,5,1,4
457271,Total students enrolled for credit,65,25,40,0,0,0,0,0,0,0,0,0,0,0,0,0,0,0,65,25,40,0,0,0,0,0,0,0,0,0
457271,Graduate student,65,25,40,0,0,0,0,0,0,0,0,0,0,0,0,0,0,0,65,25,40,0,0,0,0,0,0,0,0,0
457299,Total students enrolled for credit,275,70,205,1,1,0,90,23,67,30,7,23,74,10,64,0,0,0,5,2,3,0,0,0,0,0,0,75,27,48
457299,Undergraduate students,275,70,205,1,1,0,90,23,67,30,7,23,74,10,64,0,0,0,5,2,3,0,0,0,0,0,0,75,27,48
457314,Total students enrolled for credit,247,44,203,0,0,0,62,17,45,81,13,68,88,11,77,4,1,3,4,0,4,8,2,6,0,0,0,0,0,0
457314,Undergraduate students,247,44,203,0,0,0,62,17,45,81,13,68,88,11,77,4,1,3,4,0,4,8,2,6,0,0,0,0,0,0
457323,Total students enrolled for credit,509,21,488,8,0,8,9,1,8,15,1,14,177,11,166,6,1,5,229,6,223,65,1,64,0,0,0,0,0,0
457323,Undergraduate students,509,21,488,8,0,8,9,1,8,15,1,14,177,11,166,6,1,5,229,6,223,65,1,64,0,0,0,0,0,0
457332,Total students enrolled for credit,36,3,33,0,0,0,0,0,0,0,0,0,4,1,3,0,0,0,32,2,30,0,0,0,0,0,0,0,0,0
457332,Undergraduate students,36,3,33,0,0,0,0,0,0,0,0,0,4,1,3,0,0,0,32,2,30,0,0,0,0,0,0,0,0,0
457341,Total students enrolled for credit,231,13,218,4,0,4,5,0,5,18,1,17,33,5,28,1,0,1,163,7,156,1,0,1,4,0,4,2,0,2
457341,Undergraduate students,231,13,218,4,0,4,5,0,5,18,1,17,33,5,28,1,0,1,163,7,156,1,0,1,4,0,4,2,0,2
457350,Total students enrolled for credit,67,0,67,1,0,1,0,0,0,8,0,8,4,0,4,0,0,0,37,0,37,3,0,3,14,0,14,0,0,0
457350,Undergraduate students,67,0,67,1,0,1,0,0,0,8,0,8,4,0,4,0,0,0,37,0,37,3,0,3,14,0,14,0,0,0
457378,Total students enrolled for credit,229,87,142,1,0,1,3,1,2,31,7,24,8,3,5,0,0,0,178,74,104,8,2,6,0,0,0,0,0,0
457378,Undergraduate students,229,87,142,1,0,1,3,1,2,31,7,24,8,3,5,0,0,0,178,74,104,8,2,6,0,0,0,0,0,0
457387,Total students enrolled for credit,430,204,226,5,3,2,0,0,0,64,30,34,293,131,162,0,0,0,59,36,23,4,1,3,0,0,0,5,3,2
457387,Undergraduate students,430,204,226,5,3,2,0,0,0,64,30,34,293,131,162,0,0,0,59,36,23,4,1,3,0,0,0,5,3,2
457396,Total students enrolled for credit,113,23,90,0,0,0,4,1,3,40,11,29,16,1,15,0,0,0,44,10,34,0,0,0,9,0,9,0,0,0
457396,Undergraduate students,113,23,90,0,0,0,4,1,3,40,11,29,16,1,15,0,0,0,44,10,34,0,0,0,9,0,9,0,0,0
457402,Total students enrolled for credit,99,57,42,0,0,0,0,0,0,57,25,32,3,3,0,1,0,1,2,1,1,0,0,0,36,28,8,0,0,0
457402,Undergraduate students,75,48,27,0,0,0,0,0,0,41,19,22,3,3,0,1,0,1,2,1,1,0,0,0,28,25,3,0,0,0
457402,Graduate student,24,9,15,0,0,0,0,0,0,16,6,10,0,0,0,0,0,0,0,0,0,0,0,0,8,3,5,0,0,0
457411,Total students enrolled for credit,472,441,31,3,3,0,11,11,0,90,84,6,218,201,17,3,3,0,122,115,7,23,23,0,2,1,1,0,0,0
457411,Undergraduate students,472,441,31,3,3,0,11,11,0,90,84,6,218,201,17,3,3,0,122,115,7,23,23,0,2,1,1,0,0,0
457420,Total students enrolled for credit,216,21,195,0,0,0,0,0,0,26,2,24,42,6,36,1,0,1,140,13,127,3,0,3,2,0,2,2,0,2
457420,Undergraduate students,216,21,195,0,0,0,0,0,0,26,2,24,42,6,36,1,0,1,140,13,127,3,0,3,2,0,2,2,0,2
457439,Total students enrolled for credit,141,11,130,1,0,1,2,0,2,35,3,32,7,0,7,1,0,1,89,8,81,6,0,6,0,0,0,0,0,0
457439,Undergraduate students,141,11,130,1,0,1,2,0,2,35,3,32,7,0,7,1,0,1,89,8,81,6,0,6,0,0,0,0,0,0
457448,Total students enrolled for credit,185,11,174,0,0,0,2,1,1,27,3,24,33,3,30,0,0,0,116,4,112,5,0,5,2,0,2,0,0,0
457448,Undergraduate students,185,11,174,0,0,0,2,1,1,27,3,24,33,3,30,0,0,0,116,4,112,5,0,5,2,0,2,0,0,0
457466,Total students enrolled for credit,105,84,21,0,0,0,0,0,0,100,79,21,3,3,0,0,0,0,1,1,0,0,0,0,1,1,0,0,0,0
457466,Undergraduate students,105,84,21,0,0,0,0,0,0,100,79,21,3,3,0,0,0,0,1,1,0,0,0,0,1,1,0,0,0,0
457475,Total students enrolled for credit,138,5,133,0,0,0,5,1,4,13,1,12,20,2,18,0,0,0,97,1,96,2,0,2,1,0,1,0,0,0
457475,Undergraduate students,138,5,133,0,0,0,5,1,4,13,1,12,20,2,18,0,0,0,97,1,96,2,0,2,1,0,1,0,0,0
457484,Total students enrolled for credit,158,90,68,0,0,0,27,21,6,7,3,4,10,8,2,30,19,11,37,23,14,34,13,21,3,2,1,10,1,9
457484,Undergraduate students,117,67,50,0,0,0,19,15,4,6,3,3,7,5,2,25,17,8,25,15,10,29,11,18,1,1,0,5,0,5
457484,Graduate student,41,23,18,0,0,0,8,6,2,1,0,1,3,3,0,5,2,3,12,8,4,5,2,3,2,1,1,5,1,4
457493,Total students enrolled for credit,56,4,52,0,0,0,1,0,1,0,0,0,12,0,12,0,0,0,43,4,39,0,0,0,0,0,0,0,0,0
457493,Undergraduate students,56,4,52,0,0,0,1,0,1,0,0,0,12,0,12,0,0,0,43,4,39,0,0,0,0,0,0,0,0,0
457527,Total students enrolled for credit,639,80,559,5,0,5,146,26,120,156,15,141,125,10,115,15,6,9,183,22,161,8,1,7,1,0,1,0,0,0
457527,Undergraduate students,639,80,559,5,0,5,146,26,120,156,15,141,125,10,115,15,6,9,183,22,161,8,1,7,1,0,1,0,0,0
457536,Total students enrolled for credit,717,112,605,1,0,1,32,14,18,306,37,269,122,14,108,1,1,0,127,19,108,10,0,10,111,27,84,7,0,7
457536,Undergraduate students,717,112,605,1,0,1,32,14,18,306,37,269,122,14,108,1,1,0,127,19,108,10,0,10,111,27,84,7,0,7
457545,Total students enrolled for credit,189,5,184,0,0,0,1,0,1,26,1,25,4,1,3,0,0,0,149,3,146,0,0,0,9,0,9,0,0,0
457545,Undergraduate students,189,5,184,0,0,0,1,0,1,26,1,25,4,1,3,0,0,0,149,3,146,0,0,0,9,0,9,0,0,0
457554,Total students enrolled for credit,59,3,56,0,0,0,0,0,0,5,0,5,0,0,0,0,0,0,54,3,51,0,0,0,0,0,0,0,0,0
457554,Undergraduate students,59,3,56,0,0,0,0,0,0,5,0,5,0,0,0,0,0,0,54,3,51,0,0,0,0,0,0,0,0,0
457563,Total students enrolled for credit,222,8,214,0,0,0,2,0,2,9,2,7,2,1,1,0,0,0,201,5,196,6,0,6,2,0,2,0,0,0
457563,Undergraduate students,222,8,214,0,0,0,2,0,2,9,2,7,2,1,1,0,0,0,201,5,196,6,0,6,2,0,2,0,0,0
457572,Total students enrolled for credit,163,7,156,0,0,0,0,0,0,8,1,7,3,0,3,0,0,0,147,6,141,3,0,3,2,0,2,0,0,0
457572,Undergraduate students,163,7,156,0,0,0,0,0,0,8,1,7,3,0,3,0,0,0,147,6,141,3,0,3,2,0,2,0,0,0
457581,Total students enrolled for credit,286,5,281,1,0,1,6,0,6,12,0,12,44,1,43,1,0,1,216,4,212,6,0,6,0,0,0,0,0,0
457581,Undergraduate students,286,5,281,1,0,1,6,0,6,12,0,12,44,1,43,1,0,1,216,4,212,6,0,6,0,0,0,0,0,0
457606,Total students enrolled for credit,74,12,62,0,0,0,45,10,35,17,0,17,5,1,4,0,0,0,7,1,6,0,0,0,0,0,0,0,0,0
457606,Undergraduate students,74,12,62,0,0,0,45,10,35,17,0,17,5,1,4,0,0,0,7,1,6,0,0,0,0,0,0,0,0,0
457615,Total students enrolled for credit,52,3,49,0,0,0,2,1,1,4,1,3,5,0,5,0,0,0,38,1,37,3,0,3,0,0,0,0,0,0
457615,Undergraduate students,52,3,49,0,0,0,2,1,1,4,1,3,5,0,5,0,0,0,38,1,37,3,0,3,0,0,0,0,0,0
457624,Total students enrolled for credit,46,3,43,0,0,0,2,0,2,6,3,3,3,0,3,0,0,0,23,0,23,0,0,0,12,0,12,0,0,0
457624,Undergraduate students,46,3,43,0,0,0,2,0,2,6,3,3,3,0,3,0,0,0,23,0,23,0,0,0,12,0,12,0,0,0
457633,Total students enrolled for credit,253,2,251,0,0,0,0,0,0,71,0,71,13,0,13,0,0,0,143,2,141,26,0,26,0,0,0,0,0,0
457633,Undergraduate students,253,2,251,0,0,0,0,0,0,71,0,71,13,0,13,0,0,0,143,2,141,26,0,26,0,0,0,0,0,0
457642,Total students enrolled for credit,98,2,96,0,0,0,6,0,6,14,1,13,5,0,5,0,0,0,70,1,69,3,0,3,0,0,0,0,0,0
457642,Undergraduate students,98,2,96,0,0,0,6,0,6,14,1,13,5,0,5,0,0,0,70,1,69,3,0,3,0,0,0,0,0,0
457651,Total students enrolled for credit,124,32,92,1,0,1,2,1,1,9,1,8,1,0,1,0,0,0,107,28,79,4,2,2,0,0,0,0,0,0
457651,Undergraduate students,124,32,92,1,0,1,2,1,1,9,1,8,1,0,1,0,0,0,107,28,79,4,2,2,0,0,0,0,0,0
457679,Total students enrolled for credit,31,1,30,0,0,0,2,1,1,0,0,0,5,0,5,0,0,0,22,0,22,2,0,2,0,0,0,0,0,0
457679,Undergraduate students,31,1,30,0,0,0,2,1,1,0,0,0,5,0,5,0,0,0,22,0,22,2,0,2,0,0,0,0,0,0
457688,Total students enrolled for credit,507,310,197,5,3,2,18,11,7,131,78,53,37,26,11,2,1,1,270,161,109,9,8,1,35,22,13,0,0,0
457688,Undergraduate students,483,294,189,5,3,2,18,11,7,128,76,52,35,25,10,2,1,1,256,152,104,9,8,1,30,18,12,0,0,0
457688,Graduate student,24,16,8,0,0,0,0,0,0,3,2,1,2,1,1,0,0,0,14,9,5,0,0,0,5,4,1,0,0,0
457697,Total students enrolled for credit,160,78,82,0,0,0,1,1,0,58,25,33,7,2,5,2,2,0,75,33,42,2,2,0,12,11,1,3,2,1
457697,Undergraduate students,152,77,75,0,0,0,1,1,0,55,24,31,7,2,5,2,2,0,72,33,39,2,2,0,11,11,0,2,2,0
457697,Graduate student,8,1,7,0,0,0,0,0,0,3,1,2,0,0,0,0,0,0,3,0,3,0,0,0,1,0,1,1,0,1
457703,Total students enrolled for credit,71,20,51,0,0,0,0,0,0,58,15,43,5,2,3,0,0,0,5,0,5,3,3,0,0,0,0,0,0,0
457703,Undergraduate students,71,20,51,0,0,0,0,0,0,58,15,43,5,2,3,0,0,0,5,0,5,3,3,0,0,0,0,0,0,0
457721,Total students enrolled for credit,36,2,34,0,0,0,0,0,0,0,0,0,0,0,0,0,0,0,36,2,34,0,0,0,0,0,0,0,0,0
457721,Undergraduate students,36,2,34,0,0,0,0,0,0,0,0,0,0,0,0,0,0,0,36,2,34,0,0,0,0,0,0,0,0,0
457749,Total students enrolled for credit,134,3,131,12,1,11,0,0,0,7,0,7,1,0,1,0,0,0,114,2,112,0,0,0,0,0,0,0,0,0
457749,Undergraduate students,134,3,131,12,1,11,0,0,0,7,0,7,1,0,1,0,0,0,114,2,112,0,0,0,0,0,0,0,0,0
457767,Total students enrolled for credit,297,161,136,0,0,0,3,3,0,210,107,103,61,35,26,0,0,0,19,15,4,0,0,0,4,1,3,0,0,0
457767,Undergraduate students,297,161,136,0,0,0,3,3,0,210,107,103,61,35,26,0,0,0,19,15,4,0,0,0,4,1,3,0,0,0
457776,Total students enrolled for credit,249,31,218,14,3,11,3,0,3,4,2,2,145,19,126,1,0,1,65,5,60,13,2,11,4,0,4,0,0,0
457776,Undergraduate students,249,31,218,14,3,11,3,0,3,4,2,2,145,19,126,1,0,1,65,5,60,13,2,11,4,0,4,0,0,0
457785,Total students enrolled for credit,159,6,153,0,0,0,2,0,2,1,0,1,30,2,28,0,0,0,113,3,110,13,1,12,0,0,0,0,0,0
457785,Undergraduate students,159,6,153,0,0,0,2,0,2,1,0,1,30,2,28,0,0,0,113,3,110,13,1,12,0,0,0,0,0,0
457794,Total students enrolled for credit,167,23,144,0,0,0,35,4,31,1,0,1,2,0,2,0,0,0,128,18,110,0,0,0,1,1,0,0,0,0
457794,Undergraduate students,167,23,144,0,0,0,35,4,31,1,0,1,2,0,2,0,0,0,128,18,110,0,0,0,1,1,0,0,0,0
457800,Total students enrolled for credit,2413,398,2015,0,0,0,664,128,536,854,123,731,739,118,621,0,0,0,113,25,88,28,4,24,15,0,15,0,0,0
457800,Undergraduate students,2413,398,2015,0,0,0,664,128,536,854,123,731,739,118,621,0,0,0,113,25,88,28,4,24,15,0,15,0,0,0
457819,Total students enrolled for credit,871,420,451,2,0,2,106,52,54,113,53,60,225,110,115,2,1,1,365,183,182,3,1,2,0,0,0,55,20,35
457819,Undergraduate students,871,420,451,2,0,2,106,52,54,113,53,60,225,110,115,2,1,1,365,183,182,3,1,2,0,0,0,55,20,35
457837,Total students enrolled for credit,232,8,224,2,0,2,8,1,7,52,1,51,13,2,11,1,1,0,150,3,147,4,0,4,2,0,2,0,0,0
457837,Undergraduate students,232,8,224,2,0,2,8,1,7,52,1,51,13,2,11,1,1,0,150,3,147,4,0,4,2,0,2,0,0,0
457846,Total students enrolled for credit,69,11,58,0,0,0,0,0,0,9,2,7,2,1,1,0,0,0,58,8,50,0,0,0,0,0,0,0,0,0
457846,Undergraduate students,69,11,58,0,0,0,0,0,0,9,2,7,2,1,1,0,0,0,58,8,50,0,0,0,0,0,0,0,0,0
457855,Total students enrolled for credit,141,5,136,3,0,3,2,0,2,21,3,18,31,1,30,1,0,1,80,1,79,0,0,0,2,0,2,1,0,1
457855,Undergraduate students,141,5,136,3,0,3,2,0,2,21,3,18,31,1,30,1,0,1,80,1,79,0,0,0,2,0,2,1,0,1
457864,Total students enrolled for credit,161,47,114,1,0,1,1,0,1,3,1,2,4,2,2,1,1,0,135,34,101,12,8,4,4,1,3,0,0,0
457864,Undergraduate students,161,47,114,1,0,1,1,0,1,3,1,2,4,2,2,1,1,0,135,34,101,12,8,4,4,1,3,0,0,0
457873,Total students enrolled for credit,329,207,122,1,1,0,1,1,0,4,2,2,21,10,11,0,0,0,292,187,105,6,3,3,4,3,1,0,0,0
457873,Undergraduate students,329,207,122,1,1,0,1,1,0,4,2,2,21,10,11,0,0,0,292,187,105,6,3,3,4,3,1,0,0,0
457891,Total students enrolled for credit,54,0,54,1,0,1,0,0,0,18,0,18,9,0,9,0,0,0,21,0,21,5,0,5,0,0,0,0,0,0
457891,Undergraduate students,54,0,54,1,0,1,0,0,0,18,0,18,9,0,9,0,0,0,21,0,21,5,0,5,0,0,0,0,0,0
457916,Total students enrolled for credit,94,0,94,0,0,0,0,0,0,6,0,6,15,0,15,0,0,0,69,0,69,4,0,4,0,0,0,0,0,0
457916,Undergraduate students,94,0,94,0,0,0,0,0,0,6,0,6,15,0,15,0,0,0,69,0,69,4,0,4,0,0,0,0,0,0
457925,Total students enrolled for credit,21,8,13,1,0,1,0,0,0,4,2,2,3,1,2,0,0,0,12,4,8,1,1,0,0,0,0,0,0,0
457925,Undergraduate students,21,8,13,1,0,1,0,0,0,4,2,2,3,1,2,0,0,0,12,4,8,1,1,0,0,0,0,0,0,0
457943,Total students enrolled for credit,95,24,71,0,0,0,0,0,0,0,0,0,1,1,0,0,0,0,94,23,71,0,0,0,0,0,0,0,0,0
457943,Undergraduate students,95,24,71,0,0,0,0,0,0,0,0,0,1,1,0,0,0,0,94,23,71,0,0,0,0,0,0,0,0,0
457952,Total students enrolled for credit,256,8,248,2,0,2,3,0,3,14,0,14,40,2,38,0,0,0,186,6,180,7,0,7,4,0,4,0,0,0
457952,Undergraduate students,256,8,248,2,0,2,3,0,3,14,0,14,40,2,38,0,0,0,186,6,180,7,0,7,4,0,4,0,0,0
457989,Total students enrolled for credit,50,0,50,0,0,0,0,0,0,36,0,36,1,0,1,0,0,0,13,0,13,0,0,0,0,0,0,0,0,0
457989,Undergraduate students,50,0,50,0,0,0,0,0,0,36,0,36,1,0,1,0,0,0,13,0,13,0,0,0,0,0,0,0,0,0
457998,Total students enrolled for credit,84,17,67,0,0,0,2,0,2,27,9,18,1,0,1,0,0,0,51,8,43,3,0,3,0,0,0,0,0,0
457998,Undergraduate students,84,17,67,0,0,0,2,0,2,27,9,18,1,0,1,0,0,0,51,8,43,3,0,3,0,0,0,0,0,0
458007,Total students enrolled for credit,114,2,112,0,0,0,0,0,0,2,0,2,6,0,6,0,0,0,106,2,104,0,0,0,0,0,0,0,0,0
458007,Undergraduate students,114,2,112,0,0,0,0,0,0,2,0,2,6,0,6,0,0,0,106,2,104,0,0,0,0,0,0,0,0,0
458016,Total students enrolled for credit,191,122,69,0,0,0,0,0,0,47,36,11,129,74,55,0,0,0,15,12,3,0,0,0,0,0,0,0,0,0
458016,Undergraduate students,191,122,69,0,0,0,0,0,0,47,36,11,129,74,55,0,0,0,15,12,3,0,0,0,0,0,0,0,0,0
458034,Total students enrolled for credit,93,19,74,1,1,0,24,5,19,35,9,26,18,3,15,0,0,0,14,0,14,0,0,0,0,0,0,1,1,0
458034,Undergraduate students,93,19,74,1,1,0,24,5,19,35,9,26,18,3,15,0,0,0,14,0,14,0,0,0,0,0,0,1,1,0
458043,Total students enrolled for credit,155,5,150,3,0,3,4,0,4,18,0,18,29,1,28,2,0,2,79,3,76,17,1,16,3,0,3,0,0,0
458043,Undergraduate students,155,5,150,3,0,3,4,0,4,18,0,18,29,1,28,2,0,2,79,3,76,17,1,16,3,0,3,0,0,0
458052,Total students enrolled for credit,53,0,53,0,0,0,37,0,37,0,0,0,13,0,13,0,0,0,1,0,1,0,0,0,2,0,2,0,0,0
458052,Undergraduate students,53,0,53,0,0,0,37,0,37,0,0,0,13,0,13,0,0,0,1,0,1,0,0,0,2,0,2,0,0,0
458061,Total students enrolled for credit,98,18,80,0,0,0,86,17,69,0,0,0,9,1,8,0,0,0,2,0,2,0,0,0,1,0,1,0,0,0
458061,Undergraduate students,98,18,80,0,0,0,86,17,69,0,0,0,9,1,8,0,0,0,2,0,2,0,0,0,1,0,1,0,0,0
458070,Total students enrolled for credit,438,31,407,1,0,1,6,0,6,37,2,35,94,7,87,1,0,1,184,11,173,43,4,39,72,7,65,0,0,0
458070,Undergraduate students,438,31,407,1,0,1,6,0,6,37,2,35,94,7,87,1,0,1,184,11,173,43,4,39,72,7,65,0,0,0
458098,Total students enrolled for credit,126,1,125,1,0,1,4,0,4,15,0,15,18,0,18,1,0,1,83,1,82,4,0,4,0,0,0,0,0,0
458098,Undergraduate students,126,1,125,1,0,1,4,0,4,15,0,15,18,0,18,1,0,1,83,1,82,4,0,4,0,0,0,0,0,0
458104,Total students enrolled for credit,146,1,145,0,0,0,0,0,0,0,0,0,11,0,11,0,0,0,120,1,119,15,0,15,0,0,0,0,0,0
458104,Undergraduate students,146,1,145,0,0,0,0,0,0,0,0,0,11,0,11,0,0,0,120,1,119,15,0,15,0,0,0,0,0,0
458113,Total students enrolled for credit,69,31,38,0,0,0,1,1,0,32,14,18,9,2,7,0,0,0,24,13,11,0,0,0,1,0,1,2,1,1
458113,Undergraduate students,69,31,38,0,0,0,1,1,0,32,14,18,9,2,7,0,0,0,24,13,11,0,0,0,1,0,1,2,1,1
458122,Total students enrolled for credit,40,0,40,0,0,0,3,0,3,4,0,4,3,0,3,0,0,0,30,0,30,0,0,0,0,0,0,0,0,0
458122,Undergraduate students,40,0,40,0,0,0,3,0,3,4,0,4,3,0,3,0,0,0,30,0,30,0,0,0,0,0,0,0,0,0
458131,Total students enrolled for credit,337,38,299,9,0,9,15,2,13,53,1,52,15,3,12,1,0,1,200,25,175,44,7,37,0,0,0,0,0,0
458131,Undergraduate students,337,38,299,9,0,9,15,2,13,53,1,52,15,3,12,1,0,1,200,25,175,44,7,37,0,0,0,0,0,0
458140,Total students enrolled for credit,83,72,11,0,0,0,0,0,0,0,0,0,2,1,1,1,1,0,74,66,8,4,3,1,0,0,0,2,1,1
458140,Undergraduate students,83,72,11,0,0,0,0,0,0,0,0,0,2,1,1,1,1,0,74,66,8,4,3,1,0,0,0,2,1,1
458159,Total students enrolled for credit,45,17,28,0,0,0,3,2,1,2,0,2,1,0,1,0,0,0,36,13,23,0,0,0,1,0,1,2,2,0
458159,Graduate student,45,17,28,0,0,0,3,2,1,2,0,2,1,0,1,0,0,0,36,13,23,0,0,0,1,0,1,2,2,0
458168,Total students enrolled for credit,113,6,107,2,1,1,4,0,4,4,0,4,0,0,0,2,0,2,96,5,91,5,0,5,0,0,0,0,0,0
458168,Undergraduate students,113,6,107,2,1,1,4,0,4,4,0,4,0,0,0,2,0,2,96,5,91,5,0,5,0,0,0,0,0,0
458186,Total students enrolled for credit,447,72,375,0,0,0,19,3,16,37,6,31,340,54,286,2,0,2,27,4,23,6,2,4,16,3,13,0,0,0
458186,Undergraduate students,447,72,375,0,0,0,19,3,16,37,6,31,340,54,286,2,0,2,27,4,23,6,2,4,16,3,13,0,0,0
458195,Total students enrolled for credit,11,9,2,0,0,0,0,0,0,3,2,1,2,2,0,0,0,0,6,5,1,0,0,0,0,0,0,0,0,0
458195,Undergraduate students,11,9,2,0,0,0,0,0,0,3,2,1,2,2,0,0,0,0,6,5,1,0,0,0,0,0,0,0,0,0
458210,Total students enrolled for credit,3125,726,2399,12,2,10,1264,369,895,199,28,171,665,135,530,82,31,51,735,121,614,86,22,64,81,18,63,1,0,1
458210,Undergraduate students,2646,620,2026,9,1,8,1134,329,805,120,17,103,581,115,466,71,27,44,589,98,491,84,21,63,57,12,45,1,0,1
458210,Graduate student,479,106,373,3,1,2,130,40,90,79,11,68,84,20,64,11,4,7,146,23,123,2,1,1,24,6,18,0,0,0
458229,Total students enrolled for credit,1649,413,1236,32,10,22,492,159,333,92,25,67,16,6,10,40,15,25,575,108,467,121,33,88,281,57,224,0,0,0
458229,Undergraduate students,1649,413,1236,32,10,22,492,159,333,92,25,67,16,6,10,40,15,25,575,108,467,121,33,88,281,57,224,0,0,0
458256,Total students enrolled for credit,1479,191,1288,2,0,2,10,1,9,1148,159,989,37,7,30,1,0,1,220,17,203,17,3,14,44,4,40,0,0,0
458256,Undergraduate students,1479,191,1288,2,0,2,10,1,9,1148,159,989,37,7,30,1,0,1,220,17,203,17,3,14,44,4,40,0,0,0
458265,Total students enrolled for credit,857,372,485,0,0,0,6,3,3,177,63,114,18,9,9,6,5,1,630,281,349,13,8,5,7,3,4,0,0,0
458265,Undergraduate students,857,372,485,0,0,0,6,3,3,177,63,114,18,9,9,6,5,1,630,281,349,13,8,5,7,3,4,0,0,0
458274,Total students enrolled for credit,358,18,340,0,0,0,3,0,3,141,4,137,114,4,110,1,0,1,96,10,86,1,0,1,2,0,2,0,0,0
458274,Undergraduate students,358,18,340,0,0,0,3,0,3,141,4,137,114,4,110,1,0,1,96,10,86,1,0,1,2,0,2,0,0,0
458283,Total students enrolled for credit,785,67,718,2,1,1,47,4,43,281,31,250,74,6,68,1,0,1,313,18,295,12,2,10,55,5,50,0,0,0
458283,Undergraduate students,785,67,718,2,1,1,47,4,43,281,31,250,74,6,68,1,0,1,313,18,295,12,2,10,55,5,50,0,0,0
458380,Total students enrolled for credit,375,76,299,3,1,2,8,1,7,213,47,166,47,6,41,0,0,0,79,17,62,21,2,19,4,2,2,0,0,0
458380,Undergraduate students,375,76,299,3,1,2,8,1,7,213,47,166,47,6,41,0,0,0,79,17,62,21,2,19,4,2,2,0,0,0
458405,Total students enrolled for credit,1772,601,1171,49,14,35,8,3,5,1098,370,728,128,48,80,11,7,4,347,143,204,30,6,24,101,10,91,0,0,0
458405,Undergraduate students,1772,601,1171,49,14,35,8,3,5,1098,370,728,128,48,80,11,7,4,347,143,204,30,6,24,101,10,91,0,0,0
458423,Total students enrolled for credit,136,29,107,1,0,1,9,1,8,11,1,10,69,15,54,4,1,3,37,10,27,5,1,4,0,0,0,0,0,0
458423,Undergraduate students,136,29,107,1,0,1,9,1,8,11,1,10,69,15,54,4,1,3,37,10,27,5,1,4,0,0,0,0,0,0
458432,Total students enrolled for credit,539,163,376,1,0,1,19,9,10,163,54,109,24,11,13,0,0,0,283,73,210,35,12,23,14,4,10,0,0,0
458432,Undergraduate students,539,163,376,1,0,1,19,9,10,163,54,109,24,11,13,0,0,0,283,73,210,35,12,23,14,4,10,0,0,0
458441,Total students enrolled for credit,1232,271,961,5,2,3,3,0,3,1055,241,814,18,2,16,7,2,5,118,19,99,11,1,10,15,4,11,0,0,0
458441,Undergraduate students,1232,271,961,5,2,3,3,0,3,1055,241,814,18,2,16,7,2,5,118,19,99,11,1,10,15,4,11,0,0,0
458450,Total students enrolled for credit,309,176,133,0,0,0,4,2,2,57,42,15,16,12,4,0,0,0,224,114,110,0,0,0,8,6,2,0,0,0
458450,Undergraduate students,309,176,133,0,0,0,4,2,2,57,42,15,16,12,4,0,0,0,224,114,110,0,0,0,8,6,2,0,0,0
458478,Total students enrolled for credit,308,59,249,1,0,1,11,5,6,143,24,119,104,18,86,0,0,0,38,8,30,10,4,6,1,0,1,0,0,0
458478,Undergraduate students,308,59,249,1,0,1,11,5,6,143,24,119,104,18,86,0,0,0,38,8,30,10,4,6,1,0,1,0,0,0
458496,Total students enrolled for credit,609,260,349,14,4,10,12,8,4,268,121,147,66,26,40,11,4,7,220,90,130,3,1,2,14,6,8,1,0,1
458496,Undergraduate students,609,260,349,14,4,10,12,8,4,268,121,147,66,26,40,11,4,7,220,90,130,3,1,2,14,6,8,1,0,1
458502,Total students enrolled for credit,899,125,774,5,0,5,35,4,31,507,75,432,48,4,44,1,0,1,263,38,225,40,4,36,0,0,0,0,0,0
458502,Undergraduate students,899,125,774,5,0,5,35,4,31,507,75,432,48,4,44,1,0,1,263,38,225,40,4,36,0,0,0,0,0,0
458593,Total students enrolled for credit,767,108,659,1,0,1,2,1,1,614,89,525,16,3,13,1,0,1,40,4,36,5,1,4,88,10,78,0,0,0
458593,Undergraduate students,767,108,659,1,0,1,2,1,1,614,89,525,16,3,13,1,0,1,40,4,36,5,1,4,88,10,78,0,0,0
458681,Total students enrolled for credit,416,81,335,0,0,0,1,0,1,305,59,246,5,2,3,0,0,0,88,19,69,14,1,13,3,0,3,0,0,0
458681,Undergraduate students,416,81,335,0,0,0,1,0,1,305,59,246,5,2,3,0,0,0,88,19,69,14,1,13,3,0,3,0,0,0
458690,Total students enrolled for credit,468,105,363,1,0,1,11,7,4,183,47,136,149,27,122,2,1,1,85,17,68,6,1,5,31,5,26,0,0,0
458690,Undergraduate students,468,105,363,1,0,1,11,7,4,183,47,136,149,27,122,2,1,1,85,17,68,6,1,5,31,5,26,0,0,0
458706,Total students enrolled for credit,549,62,487,5,0,5,5,3,2,356,35,321,99,13,86,0,0,0,38,4,34,7,0,7,39,7,32,0,0,0
458706,Undergraduate students,549,62,487,5,0,5,5,3,2,356,35,321,99,13,86,0,0,0,38,4,34,7,0,7,39,7,32,0,0,0
458803,Total students enrolled for credit,165,0,165,1,0,1,0,0,0,146,0,146,1,0,1,1,0,1,6,0,6,1,0,1,9,0,9,0,0,0
458803,Undergraduate students,165,0,165,1,0,1,0,0,0,146,0,146,1,0,1,1,0,1,6,0,6,1,0,1,9,0,9,0,0,0
458812,Total students enrolled for credit,117,4,113,1,0,1,2,0,2,48,1,47,11,1,10,0,0,0,49,2,47,4,0,4,2,0,2,0,0,0
458812,Undergraduate students,117,4,113,1,0,1,2,0,2,48,1,47,11,1,10,0,0,0,49,2,47,4,0,4,2,0,2,0,0,0
458821,Total students enrolled for credit,99,6,93,1,0,1,0,0,0,72,4,68,3,1,2,0,0,0,16,1,15,1,0,1,6,0,6,0,0,0
458821,Undergraduate students,99,6,93,1,0,1,0,0,0,72,4,68,3,1,2,0,0,0,16,1,15,1,0,1,6,0,6,0,0,0
458830,Total students enrolled for credit,224,9,215,0,0,0,1,1,0,159,4,155,7,1,6,0,0,0,46,2,44,7,0,7,4,1,3,0,0,0
458830,Undergraduate students,224,9,215,0,0,0,1,1,0,159,4,155,7,1,6,0,0,0,46,2,44,7,0,7,4,1,3,0,0,0
458849,Total students enrolled for credit,145,13,132,1,0,1,4,1,3,36,1,35,54,7,47,0,0,0,37,1,36,6,2,4,7,1,6,0,0,0
458849,Undergraduate students,145,13,132,1,0,1,4,1,3,36,1,35,54,7,47,0,0,0,37,1,36,6,2,4,7,1,6,0,0,0
458858,Total students enrolled for credit,326,19,307,1,0,1,0,0,0,225,14,211,8,1,7,1,0,1,44,3,41,10,1,9,37,0,37,0,0,0
458858,Undergraduate students,326,19,307,1,0,1,0,0,0,225,14,211,8,1,7,1,0,1,44,3,41,10,1,9,37,0,37,0,0,0
458867,Total students enrolled for credit,436,16,420,2,0,2,2,0,2,371,16,355,14,0,14,0,0,0,5,0,5,4,0,4,38,0,38,0,0,0
458867,Undergraduate students,436,16,420,2,0,2,2,0,2,371,16,355,14,0,14,0,0,0,5,0,5,4,0,4,38,0,38,0,0,0
458885,Total students enrolled for credit,466,128,338,2,0,2,2,0,2,345,83,262,8,3,5,1,0,1,83,31,52,14,5,9,7,4,3,4,2,2
458885,Undergraduate students,338,97,241,2,0,2,2,0,2,241,61,180,8,3,5,0,0,0,68,25,43,11,4,7,5,3,2,1,1,0
458885,Graduate student,128,31,97,0,0,0,0,0,0,104,22,82,0,0,0,1,0,1,15,6,9,3,1,2,2,1,1,3,1,2
458919,Total students enrolled for credit,10570,2831,7739,67,15,52,38,15,23,8526,2143,6383,368,125,243,10,2,8,890,326,564,282,73,209,362,118,244,27,14,13
458919,Undergraduate students,8525,2306,6219,56,11,45,30,9,21,6797,1720,5077,300,99,201,8,2,6,792,295,497,232,58,174,301,107,194,9,5,4
458919,Graduate student,2045,525,1520,11,4,7,8,6,2,1729,423,1306,68,26,42,2,0,2,98,31,67,50,15,35,61,11,50,18,9,9
458955,Total students enrolled for credit,508,111,397,2,0,2,0,0,0,451,94,357,2,2,0,0,0,0,30,7,23,10,2,8,13,6,7,0,0,0
458955,Undergraduate students,397,91,306,2,0,2,0,0,0,346,77,269,2,2,0,0,0,0,29,7,22,7,1,6,11,4,7,0,0,0
458955,Graduate student,111,20,91,0,0,0,0,0,0,105,17,88,0,0,0,0,0,0,1,0,1,3,1,2,2,2,0,0,0,0
458964,Total students enrolled for credit,3682,880,2802,31,8,23,15,3,12,2753,574,2179,107,31,76,2,1,1,581,209,372,111,31,80,79,21,58,3,2,1
458964,Undergraduate students,2794,665,2129,28,8,20,12,3,9,2004,406,1598,86,27,59,1,0,1,508,177,331,91,25,66,62,18,44,2,1,1
458964,Graduate student,888,215,673,3,0,3,3,0,3,749,168,581,21,4,17,1,1,0,73,32,41,20,6,14,17,3,14,1,1,0
458973,Total students enrolled for credit,3160,1069,2091,21,3,18,51,22,29,1849,526,1323,441,173,268,6,2,4,547,250,297,110,36,74,96,33,63,39,24,15
458973,Undergraduate students,2627,904,1723,18,3,15,32,14,18,1514,432,1082,390,156,234,5,2,3,471,221,250,101,33,68,78,28,50,18,15,3
458973,Graduate student,533,165,368,3,0,3,19,8,11,335,94,241,51,17,34,1,0,1,76,29,47,9,3,6,18,5,13,21,9,12
458982,Total students enrolled for credit,1257,652,605,16,10,6,15,4,11,202,110,92,637,332,305,12,8,4,338,164,174,3,2,1,25,18,7,9,4,5
458982,Undergraduate students,1257,652,605,16,10,6,15,4,11,202,110,92,637,332,305,12,8,4,338,164,174,3,2,1,25,18,7,9,4,5
459000,Total students enrolled for credit,149,6,143,1,0,1,0,0,0,142,5,137,0,0,0,0,0,0,1,1,0,1,0,1,4,0,4,0,0,0
459000,Undergraduate students,149,6,143,1,0,1,0,0,0,142,5,137,0,0,0,0,0,0,1,1,0,1,0,1,4,0,4,0,0,0
459019,Total students enrolled for credit,145,12,133,0,0,0,0,0,0,133,12,121,5,0,5,0,0,0,2,0,2,1,0,1,4,0,4,0,0,0
459019,Undergraduate students,145,12,133,0,0,0,0,0,0,133,12,121,5,0,5,0,0,0,2,0,2,1,0,1,4,0,4,0,0,0
459037,Total students enrolled for credit,140,10,130,0,0,0,0,0,0,99,8,91,1,0,1,0,0,0,12,0,12,2,1,1,26,1,25,0,0,0
459037,Undergraduate students,140,10,130,0,0,0,0,0,0,99,8,91,1,0,1,0,0,0,12,0,12,2,1,1,26,1,25,0,0,0
459046,Total students enrolled for credit,124,10,114,1,0,1,0,0,0,78,8,70,5,0,5,0,0,0,19,1,18,2,0,2,19,1,18,0,0,0
459046,Undergraduate students,124,10,114,1,0,1,0,0,0,78,8,70,5,0,5,0,0,0,19,1,18,2,0,2,19,1,18,0,0,0
459055,Total students enrolled for credit,132,7,125,0,0,0,0,0,0,74,3,71,22,3,19,1,0,1,27,1,26,2,0,2,6,0,6,0,0,0
459055,Undergraduate students,132,7,125,0,0,0,0,0,0,74,3,71,22,3,19,1,0,1,27,1,26,2,0,2,6,0,6,0,0,0
459064,Total students enrolled for credit,215,9,206,1,0,1,0,0,0,136,5,131,16,4,12,1,0,1,46,0,46,4,0,4,11,0,11,0,0,0
459064,Undergraduate students,215,9,206,1,0,1,0,0,0,136,5,131,16,4,12,1,0,1,46,0,46,4,0,4,11,0,11,0,0,0
459073,Total students enrolled for credit,96,1,95,0,0,0,0,0,0,78,1,77,0,0,0,0,0,0,1,0,1,0,0,0,17,0,17,0,0,0
459073,Undergraduate students,96,1,95,0,0,0,0,0,0,78,1,77,0,0,0,0,0,0,1,0,1,0,0,0,17,0,17,0,0,0
459082,Total students enrolled for credit,166,96,70,0,0,0,53,29,24,5,4,1,11,10,1,0,0,0,84,46,38,5,4,1,8,3,5,0,0,0
459082,Graduate student,166,96,70,0,0,0,53,29,24,5,4,1,11,10,1,0,0,0,84,46,38,5,4,1,8,3,5,0,0,0
459091,Total students enrolled for credit,180,134,46,6,5,1,4,4,0,14,11,3,18,15,3,1,1,0,130,92,38,0,0,0,7,6,1,0,0,0
459091,Undergraduate students,180,134,46,6,5,1,4,4,0,14,11,3,18,15,3,1,1,0,130,92,38,0,0,0,7,6,1,0,0,0
459107,Total students enrolled for credit,524,115,409,1,0,1,1,0,1,438,103,335,12,2,10,2,0,2,51,7,44,14,2,12,5,1,4,0,0,0
459107,Undergraduate students,524,115,409,1,0,1,1,0,1,438,103,335,12,2,10,2,0,2,51,7,44,14,2,12,5,1,4,0,0,0
459116,Total students enrolled for credit,192,15,177,4,0,4,3,0,3,17,0,17,84,8,76,1,0,1,83,7,76,0,0,0,0,0,0,0,0,0
459116,Undergraduate students,192,15,177,4,0,4,3,0,3,17,0,17,84,8,76,1,0,1,83,7,76,0,0,0,0,0,0,0,0,0
459125,Total students enrolled for credit,29,0,29,0,0,0,0,0,0,0,0,0,9,0,9,0,0,0,20,0,20,0,0,0,0,0,0,0,0,0
459125,Undergraduate students,29,0,29,0,0,0,0,0,0,0,0,0,9,0,9,0,0,0,20,0,20,0,0,0,0,0,0,0,0,0
459143,Total students enrolled for credit,48,3,45,0,0,0,1,0,1,5,0,5,6,0,6,1,0,1,35,3,32,0,0,0,0,0,0,0,0,0
459143,Undergraduate students,48,3,45,0,0,0,1,0,1,5,0,5,6,0,6,1,0,1,35,3,32,0,0,0,0,0,0,0,0,0
459161,Total students enrolled for credit,261,61,200,0,0,0,74,25,49,101,19,82,76,16,60,0,0,0,10,1,9,0,0,0,0,0,0,0,0,0
459161,Undergraduate students,261,61,200,0,0,0,74,25,49,101,19,82,76,16,60,0,0,0,10,1,9,0,0,0,0,0,0,0,0,0
459170,Total students enrolled for credit,476,82,394,0,0,0,11,1,10,26,5,21,145,18,127,3,0,3,143,12,131,47,4,43,101,42,59,0,0,0
459170,Undergraduate students,476,82,394,0,0,0,11,1,10,26,5,21,145,18,127,3,0,3,143,12,131,47,4,43,101,42,59,0,0,0
459189,Total students enrolled for credit,162,4,158,2,0,2,10,0,10,9,0,9,72,3,69,2,0,2,39,1,38,13,0,13,2,0,2,13,0,13
459189,Undergraduate students,162,4,158,2,0,2,10,0,10,9,0,9,72,3,69,2,0,2,39,1,38,13,0,13,2,0,2,13,0,13
459198,Total students enrolled for credit,378,24,354,0,0,0,16,2,14,11,3,8,202,10,192,0,0,0,132,8,124,10,1,9,7,0,7,0,0,0
459198,Undergraduate students,378,24,354,0,0,0,16,2,14,11,3,8,202,10,192,0,0,0,132,8,124,10,1,9,7,0,7,0,0,0
459204,Total students enrolled for credit,2996,618,2378,26,1,25,952,254,698,241,40,201,492,64,428,119,22,97,339,68,271,99,17,82,728,152,576,0,0,0
459204,Undergraduate students,2996,618,2378,26,1,25,952,254,698,241,40,201,492,64,428,119,22,97,339,68,271,99,17,82,728,152,576,0,0,0
459213,Total students enrolled for credit,1770,303,1467,14,1,13,513,113,400,167,21,146,529,68,461,56,13,43,315,46,269,128,33,95,48,8,40,0,0,0
459213,Undergraduate students,1770,303,1467,14,1,13,513,113,400,167,21,146,529,68,461,56,13,43,315,46,269,128,33,95,48,8,40,0,0,0
459222,Total students enrolled for credit,46,19,27,0,0,0,10,6,4,0,0,0,0,0,0,0,0,0,0,0,0,0,0,0,1,0,1,35,13,22
459222,Graduate student,46,19,27,0,0,0,10,6,4,0,0,0,0,0,0,0,0,0,0,0,0,0,0,0,1,0,1,35,13,22
459231,Total students enrolled for credit,321,11,310,1,0,1,16,3,13,37,0,37,95,2,93,7,2,5,115,4,111,45,0,45,5,0,5,0,0,0
459231,Undergraduate students,321,11,310,1,0,1,16,3,13,37,0,37,95,2,93,7,2,5,115,4,111,45,0,45,5,0,5,0,0,0
459259,Total students enrolled for credit,1058,172,886,14,2,12,33,7,26,517,72,445,63,16,47,3,0,3,399,69,330,0,0,0,26,5,21,3,1,2
459259,Undergraduate students,848,130,718,13,1,12,19,5,14,413,51,362,51,14,37,3,0,3,323,53,270,0,0,0,24,5,19,2,1,1
459259,Graduate student,210,42,168,1,1,0,14,2,12,104,21,83,12,2,10,0,0,0,76,16,60,0,0,0,2,0,2,1,0,1
459268,Total students enrolled for credit,1022,216,806,18,4,14,58,13,45,488,91,397,97,28,69,12,3,9,329,71,258,0,0,0,20,6,14,0,0,0
459268,Undergraduate students,825,170,655,14,3,11,49,11,38,384,69,315,82,25,57,9,3,6,271,55,216,0,0,0,16,4,12,0,0,0
459268,Graduate student,197,46,151,4,1,3,9,2,7,104,22,82,15,3,12,3,0,3,58,16,42,0,0,0,4,2,2,0,0,0
459277,Total students enrolled for credit,612,38,574,13,1,12,10,0,10,24,0,24,141,7,134,0,0,0,391,27,364,23,3,20,10,0,10,0,0,0
459277,Undergraduate students,612,38,574,13,1,12,10,0,10,24,0,24,141,7,134,0,0,0,391,27,364,23,3,20,10,0,10,0,0,0
459286,Total students enrolled for credit,332,60,272,0,0,0,2,0,2,52,23,29,63,14,49,2,1,1,177,20,157,6,1,5,30,1,29,0,0,0
459286,Undergraduate students,332,60,272,0,0,0,2,0,2,52,23,29,63,14,49,2,1,1,177,20,157,6,1,5,30,1,29,0,0,0
459295,Total students enrolled for credit,117,2,115,4,0,4,3,0,3,12,0,12,19,1,18,1,0,1,73,1,72,0,0,0,5,0,5,0,0,0
459295,Undergraduate students,117,2,115,4,0,4,3,0,3,12,0,12,19,1,18,1,0,1,73,1,72,0,0,0,5,0,5,0,0,0
459301,Total students enrolled for credit,179,5,174,2,0,2,2,1,1,65,1,64,14,0,14,0,0,0,91,3,88,3,0,3,2,0,2,0,0,0
459301,Undergraduate students,179,5,174,2,0,2,2,1,1,65,1,64,14,0,14,0,0,0,91,3,88,3,0,3,2,0,2,0,0,0
459310,Total students enrolled for credit,117,16,101,0,0,0,0,0,0,0,0,0,117,16,101,0,0,0,0,0,0,0,0,0,0,0,0,0,0,0
459310,Undergraduate students,117,16,101,0,0,0,0,0,0,0,0,0,117,16,101,0,0,0,0,0,0,0,0,0,0,0,0,0,0,0
459329,Total students enrolled for credit,344,203,141,1,0,1,1,1,0,18,12,6,47,26,21,1,1,0,270,161,109,6,2,4,0,0,0,0,0,0
459329,Undergraduate students,344,203,141,1,0,1,1,1,0,18,12,6,47,26,21,1,1,0,270,161,109,6,2,4,0,0,0,0,0,0
459347,Total students enrolled for credit,89,7,82,0,0,0,1,0,1,4,1,3,16,2,14,0,0,0,58,2,56,9,2,7,1,0,1,0,0,0
459347,Undergraduate students,89,7,82,0,0,0,1,0,1,4,1,3,16,2,14,0,0,0,58,2,56,9,2,7,1,0,1,0,0,0
459365,Total students enrolled for credit,52,2,50,0,0,0,0,0,0,0,0,0,0,0,0,0,0,0,52,2,50,0,0,0,0,0,0,0,0,0
459365,Undergraduate students,52,2,50,0,0,0,0,0,0,0,0,0,0,0,0,0,0,0,52,2,50,0,0,0,0,0,0,0,0,0
459374,Total students enrolled for credit,156,2,154,0,0,0,15,1,14,39,1,38,31,0,31,0,0,0,68,0,68,0,0,0,1,0,1,2,0,2
459374,Undergraduate students,156,2,154,0,0,0,15,1,14,39,1,38,31,0,31,0,0,0,68,0,68,0,0,0,1,0,1,2,0,2
459392,Total students enrolled for credit,173,5,168,0,0,0,0,0,0,2,0,2,1,0,1,0,0,0,164,5,159,5,0,5,1,0,1,0,0,0
459392,Undergraduate students,173,5,168,0,0,0,0,0,0,2,0,2,1,0,1,0,0,0,164,5,159,5,0,5,1,0,1,0,0,0
459408,Total students enrolled for credit,58,3,55,0,0,0,0,0,0,14,1,13,1,0,1,0,0,0,41,2,39,0,0,0,2,0,2,0,0,0
459408,Undergraduate students,58,3,55,0,0,0,0,0,0,14,1,13,1,0,1,0,0,0,41,2,39,0,0,0,2,0,2,0,0,0
459417,Total students enrolled for credit,134,101,33,0,0,0,5,3,2,11,8,3,4,2,2,0,0,0,106,83,23,2,2,0,6,3,3,0,0,0
459417,Undergraduate students,134,101,33,0,0,0,5,3,2,11,8,3,4,2,2,0,0,0,106,83,23,2,2,0,6,3,3,0,0,0
459426,Total students enrolled for credit,135,4,131,2,0,2,4,1,3,10,0,10,7,0,7,0,0,0,107,3,104,2,0,2,3,0,3,0,0,0
459426,Undergraduate students,135,4,131,2,0,2,4,1,3,10,0,10,7,0,7,0,0,0,107,3,104,2,0,2,3,0,3,0,0,0
459444,Total students enrolled for credit,58,0,58,0,0,0,4,0,4,16,0,16,25,0,25,0,0,0,13,0,13,0,0,0,0,0,0,0,0,0
459444,Undergraduate students,58,0,58,0,0,0,4,0,4,16,0,16,25,0,25,0,0,0,13,0,13,0,0,0,0,0,0,0,0,0
459462,Total students enrolled for credit,554,475,79,2,2,0,10,8,2,215,195,20,174,145,29,1,1,0,111,93,18,31,26,5,9,4,5,1,1,0
459462,Undergraduate students,554,475,79,2,2,0,10,8,2,215,195,20,174,145,29,1,1,0,111,93,18,31,26,5,9,4,5,1,1,0
459471,Total students enrolled for credit,6,1,5,0,0,0,0,0,0,0,0,0,1,0,1,0,0,0,5,1,4,0,0,0,0,0,0,0,0,0
459471,Undergraduate students,6,1,5,0,0,0,0,0,0,0,0,0,1,0,1,0,0,0,5,1,4,0,0,0,0,0,0,0,0,0
459480,Total students enrolled for credit,33,0,33,0,0,0,0,0,0,0,0,0,0,0,0,0,0,0,33,0,33,0,0,0,0,0,0,0,0,0
459480,Undergraduate students,33,0,33,0,0,0,0,0,0,0,0,0,0,0,0,0,0,0,33,0,33,0,0,0,0,0,0,0,0,0
459499,Total students enrolled for credit,50,4,46,0,0,0,0,0,0,1,0,1,2,1,1,0,0,0,47,3,44,0,0,0,0,0,0,0,0,0
459499,Undergraduate students,50,4,46,0,0,0,0,0,0,1,0,1,2,1,1,0,0,0,47,3,44,0,0,0,0,0,0,0,0,0
459514,Total students enrolled for credit,81,18,63,1,0,1,0,0,0,61,12,49,11,3,8,0,0,0,5,1,4,0,0,0,3,2,1,0,0,0
459514,Undergraduate students,81,18,63,1,0,1,0,0,0,61,12,49,11,3,8,0,0,0,5,1,4,0,0,0,3,2,1,0,0,0
459523,Total students enrolled for credit,45,16,29,0,0,0,42,16,26,1,0,1,2,0,2,0,0,0,0,0,0,0,0,0,0,0,0,0,0,0
459523,Undergraduate students,45,16,29,0,0,0,42,16,26,1,0,1,2,0,2,0,0,0,0,0,0,0,0,0,0,0,0,0,0,0
459532,Total students enrolled for credit,139,8,131,0,0,0,0,0,0,0,0,0,133,7,126,0,0,0,6,1,5,0,0,0,0,0,0,0,0,0
459532,Undergraduate students,139,8,131,0,0,0,0,0,0,0,0,0,133,7,126,0,0,0,6,1,5,0,0,0,0,0,0,0,0,0
459541,Total students enrolled for credit,33,1,32,0,0,0,0,0,0,0,0,0,2,0,2,0,0,0,30,1,29,1,0,1,0,0,0,0,0,0
459541,Undergraduate students,33,1,32,0,0,0,0,0,0,0,0,0,2,0,2,0,0,0,30,1,29,1,0,1,0,0,0,0,0,0
459550,Total students enrolled for credit,198,5,193,2,0,2,8,2,6,7,0,7,12,0,12,4,0,4,134,2,132,30,1,29,1,0,1,0,0,0
459550,Undergraduate students,198,5,193,2,0,2,8,2,6,7,0,7,12,0,12,4,0,4,134,2,132,30,1,29,1,0,1,0,0,0
459578,Total students enrolled for credit,142,6,136,1,0,1,3,0,3,41,2,39,13,0,13,0,0,0,67,3,64,6,0,6,11,1,10,0,0,0
459578,Undergraduate students,142,6,136,1,0,1,3,0,3,41,2,39,13,0,13,0,0,0,67,3,64,6,0,6,11,1,10,0,0,0
459727,Total students enrolled for credit,1605,508,1097,1,0,1,46,14,32,309,56,253,140,25,115,9,4,5,605,240,365,113,25,88,379,142,237,3,2,1
459727,Undergraduate students,730,233,497,0,0,0,18,7,11,130,22,108,75,13,62,4,2,2,313,123,190,37,7,30,150,57,93,3,2,1
459727,Graduate student,875,275,600,1,0,1,28,7,21,179,34,145,65,12,53,5,2,3,292,117,175,76,18,58,229,85,144,0,0,0
459736,Total students enrolled for credit,1676,671,1005,2,1,1,706,285,421,83,21,62,95,32,63,14,4,10,598,255,343,82,34,48,96,39,57,0,0,0
459736,Graduate student,1676,671,1005,2,1,1,706,285,421,83,21,62,95,32,63,14,4,10,598,255,343,82,34,48,96,39,57,0,0,0
459745,Total students enrolled for credit,426,74,352,1,1,0,15,1,14,204,36,168,44,10,34,1,0,1,119,19,100,14,3,11,18,4,14,10,0,10
459745,Graduate student,426,74,352,1,1,0,15,1,14,204,36,168,44,10,34,1,0,1,119,19,100,14,3,11,18,4,14,10,0,10
459824,Total students enrolled for credit,1594,680,914,4,1,3,412,195,217,78,16,62,109,35,74,10,5,5,881,393,488,65,23,42,35,12,23,0,0,0
459824,Undergraduate students,97,26,71,1,0,1,34,9,25,8,3,5,10,1,9,2,0,2,40,12,28,2,1,1,0,0,0,0,0,0
459824,Graduate student,1497,654,843,3,1,2,378,186,192,70,13,57,99,34,65,8,5,3,841,381,460,63,22,41,35,12,23,0,0,0
459842,Total students enrolled for credit,559,121,438,1,0,1,18,4,14,96,17,79,93,25,68,0,0,0,332,68,264,9,3,6,10,4,6,0,0,0
459842,Undergraduate students,538,112,426,1,0,1,17,4,13,94,15,79,92,25,67,0,0,0,317,62,255,7,2,5,10,4,6,0,0,0
459842,Graduate student,21,9,12,0,0,0,1,0,1,2,2,0,1,0,1,0,0,0,15,6,9,2,1,1,0,0,0,0,0,0
459851,Total students enrolled for credit,470,110,360,1,0,1,22,5,17,85,11,74,30,9,21,0,0,0,287,73,214,5,1,4,40,11,29,0,0,0
459851,Undergraduate students,457,105,352,1,0,1,22,5,17,82,10,72,29,9,20,0,0,0,280,69,211,5,1,4,38,11,27,0,0,0
459851,Graduate student,13,5,8,0,0,0,0,0,0,3,1,2,1,0,1,0,0,0,7,4,3,0,0,0,2,0,2,0,0,0
459949,Total students enrolled for credit,6968,2622,4346,15,7,8,95,43,52,426,197,229,4775,1671,3104,10,4,6,1357,578,779,142,55,87,42,22,20,106,45,61
459949,Undergraduate students,5741,2209,3532,15,7,8,69,34,35,338,164,174,4023,1448,2575,9,3,6,1053,453,600,118,50,68,29,15,14,87,35,52
459949,Graduate student,1227,413,814,0,0,0,26,9,17,88,33,55,752,223,529,1,1,0,304,125,179,24,5,19,13,7,6,19,10,9
459958,Total students enrolled for credit,673,218,455,8,2,6,8,2,6,304,103,201,276,75,201,1,0,1,58,27,31,9,4,5,9,5,4,0,0,0
459958,Undergraduate students,673,218,455,8,2,6,8,2,6,304,103,201,276,75,201,1,0,1,58,27,31,9,4,5,9,5,4,0,0,0
459967,Total students enrolled for credit,883,294,589,0,0,0,1,1,0,7,3,4,543,168,375,1,0,1,19,5,14,0,0,0,312,117,195,0,0,0
459967,Undergraduate students,883,294,589,0,0,0,1,1,0,7,3,4,543,168,375,1,0,1,19,5,14,0,0,0,312,117,195,0,0,0
459985,Total students enrolled for credit,740,338,402,0,0,0,1,0,1,3,1,2,566,263,303,0,0,0,18,10,8,1,0,1,151,64,87,0,0,0
459985,Undergraduate students,740,338,402,0,0,0,1,0,1,3,1,2,566,263,303,0,0,0,18,10,8,1,0,1,151,64,87,0,0,0
459994,Total students enrolled for credit,13573,5091,8482,83,27,56,332,204,128,5310,1481,3829,1304,568,736,39,14,25,5019,2237,2782,401,133,268,1076,425,651,9,2,7
459994,Undergraduate students,9064,3112,5952,62,18,44,83,42,41,3514,947,2567,948,397,551,33,12,21,3406,1334,2072,304,94,210,708,267,441,6,1,5
459994,Graduate student,4509,1979,2530,21,9,12,249,162,87,1796,534,1262,356,171,185,6,2,4,1613,903,710,97,39,58,368,158,210,3,1,2
460011,Total students enrolled for credit,289,6,283,0,0,0,0,0,0,155,4,151,0,0,0,1,0,1,126,2,124,5,0,5,2,0,2,0,0,0
460011,Undergraduate students,289,6,283,0,0,0,0,0,0,155,4,151,0,0,0,1,0,1,126,2,124,5,0,5,2,0,2,0,0,0
460020,Total students enrolled for credit,555,134,421,2,1,1,3,1,2,430,100,330,10,3,7,1,0,1,98,27,71,7,2,5,4,0,4,0,0,0
460020,Undergraduate students,555,134,421,2,1,1,3,1,2,430,100,330,10,3,7,1,0,1,98,27,71,7,2,5,4,0,4,0,0,0
460039,Total students enrolled for credit,359,119,240,51,16,35,8,4,4,21,8,13,152,55,97,0,0,0,116,31,85,0,0,0,11,5,6,0,0,0
460039,Undergraduate students,359,119,240,51,16,35,8,4,4,21,8,13,152,55,97,0,0,0,116,31,85,0,0,0,11,5,6,0,0,0
460048,Total students enrolled for credit,196,35,161,1,0,1,1,0,1,70,8,62,8,1,7,1,1,0,108,21,87,0,0,0,7,4,3,0,0,0
460048,Undergraduate students,196,35,161,1,0,1,1,0,1,70,8,62,8,1,7,1,1,0,108,21,87,0,0,0,7,4,3,0,0,0
460057,Total students enrolled for credit,35,1,34,0,0,0,0,0,0,0,0,0,0,0,0,0,0,0,35,1,34,0,0,0,0,0,0,0,0,0
460057,Undergraduate students,35,1,34,0,0,0,0,0,0,0,0,0,0,0,0,0,0,0,35,1,34,0,0,0,0,0,0,0,0,0
460075,Total students enrolled for credit,636,434,202,0,0,0,10,6,4,3,2,1,1,0,1,0,0,0,17,16,1,0,0,0,0,0,0,605,410,195
460075,Undergraduate students,31,21,10,0,0,0,5,3,2,1,1,0,0,0,0,0,0,0,1,1,0,0,0,0,0,0,0,24,16,8
460075,Graduate student,605,413,192,0,0,0,5,3,2,2,1,1,1,0,1,0,0,0,16,15,1,0,0,0,0,0,0,581,394,187
460093,Total students enrolled for credit,213,14,199,2,0,2,1,0,1,19,5,14,8,1,7,0,0,0,180,8,172,3,0,3,0,0,0,0,0,0
460093,Undergraduate students,213,14,199,2,0,2,1,0,1,19,5,14,8,1,7,0,0,0,180,8,172,3,0,3,0,0,0,0,0,0
460109,Total students enrolled for credit,349,16,333,0,0,0,4,0,4,96,6,90,54,2,52,0,0,0,167,7,160,21,1,20,7,0,7,0,0,0
460109,Undergraduate students,349,16,333,0,0,0,4,0,4,96,6,90,54,2,52,0,0,0,167,7,160,21,1,20,7,0,7,0,0,0
460118,Total students enrolled for credit,283,16,267,0,0,0,1,0,1,90,10,80,17,1,16,0,0,0,166,5,161,8,0,8,1,0,1,0,0,0
460118,Undergraduate students,283,16,267,0,0,0,1,0,1,90,10,80,17,1,16,0,0,0,166,5,161,8,0,8,1,0,1,0,0,0
460127,Total students enrolled for credit,206,16,190,0,0,0,2,1,1,59,6,53,7,1,6,0,0,0,133,8,125,1,0,1,4,0,4,0,0,0
460127,Undergraduate students,206,16,190,0,0,0,2,1,1,59,6,53,7,1,6,0,0,0,133,8,125,1,0,1,4,0,4,0,0,0
460136,Total students enrolled for credit,1608,236,1372,4,0,4,106,43,63,282,44,238,848,93,755,3,0,3,308,44,264,21,3,18,36,9,27,0,0,0
460136,Undergraduate students,1608,236,1372,4,0,4,106,43,63,282,44,238,848,93,755,3,0,3,308,44,264,21,3,18,36,9,27,0,0,0
460145,Total students enrolled for credit,269,170,99,0,0,0,2,2,0,187,111,76,21,12,9,0,0,0,38,34,4,15,6,9,5,4,1,1,1,0
460145,Undergraduate students,269,170,99,0,0,0,2,2,0,187,111,76,21,12,9,0,0,0,38,34,4,15,6,9,5,4,1,1,1,0
460172,Total students enrolled for credit,867,822,45,2,2,0,5,4,1,58,58,0,632,598,34,2,1,1,156,148,8,7,6,1,5,5,0,0,0,0
460172,Undergraduate students,867,822,45,2,2,0,5,4,1,58,58,0,632,598,34,2,1,1,156,148,8,7,6,1,5,5,0,0,0,0
460181,Total students enrolled for credit,1231,166,1065,7,0,7,35,11,24,523,67,456,301,42,259,0,0,0,249,26,223,21,2,19,95,18,77,0,0,0
460181,Undergraduate students,1231,166,1065,7,0,7,35,11,24,523,67,456,301,42,259,0,0,0,249,26,223,21,2,19,95,18,77,0,0,0
460190,Total students enrolled for credit,753,90,663,10,1,9,14,0,14,327,35,292,252,33,219,7,3,4,121,14,107,15,3,12,7,1,6,0,0,0
460190,Undergraduate students,753,90,663,10,1,9,14,0,14,327,35,292,252,33,219,7,3,4,121,14,107,15,3,12,7,1,6,0,0,0
460206,Total students enrolled for credit,1135,188,947,2,0,2,21,5,16,114,26,88,780,116,664,8,3,5,187,32,155,12,4,8,11,2,9,0,0,0
460206,Undergraduate students,1135,188,947,2,0,2,21,5,16,114,26,88,780,116,664,8,3,5,187,32,155,12,4,8,11,2,9,0,0,0
460215,Total students enrolled for credit,458,409,49,10,8,2,5,5,0,33,31,2,49,41,8,3,3,0,138,119,19,5,4,1,215,198,17,0,0,0
460215,Undergraduate students,458,409,49,10,8,2,5,5,0,33,31,2,49,41,8,3,3,0,138,119,19,5,4,1,215,198,17,0,0,0
460349,Total students enrolled for credit,1374,455,919,8,2,6,35,14,21,316,84,232,133,45,88,2,2,0,730,257,473,29,10,19,117,41,76,4,0,4
460349,Undergraduate students,801,263,538,3,0,3,25,9,16,189,50,139,79,25,54,1,1,0,404,147,257,20,6,14,76,25,51,4,0,4
460349,Graduate student,573,192,381,5,2,3,10,5,5,127,34,93,54,20,34,1,1,0,326,110,216,9,4,5,41,16,25,0,0,0
460358,Total students enrolled for credit,409,67,342,2,1,1,7,2,5,105,28,77,190,24,166,0,0,0,79,8,71,19,3,16,7,1,6,0,0,0
460358,Undergraduate students,409,67,342,2,1,1,7,2,5,105,28,77,190,24,166,0,0,0,79,8,71,19,3,16,7,1,6,0,0,0
460376,Total students enrolled for credit,1126,731,395,0,0,0,20,12,8,4,3,1,3,2,1,0,0,0,19,13,6,0,0,0,31,12,19,1049,689,360
460376,Undergraduate students,125,71,54,0,0,0,6,1,5,1,0,1,1,1,0,0,0,0,3,3,0,0,0,0,6,2,4,108,64,44
460376,Graduate student,1001,660,341,0,0,0,14,11,3,3,3,0,2,1,1,0,0,0,16,10,6,0,0,0,25,10,15,941,625,316
460385,Total students enrolled for credit,52,5,47,0,0,0,0,0,0,0,0,0,0,0,0,0,0,0,52,5,47,0,0,0,0,0,0,0,0,0
460385,Undergraduate students,52,5,47,0,0,0,0,0,0,0,0,0,0,0,0,0,0,0,52,5,47,0,0,0,0,0,0,0,0,0
460394,Total students enrolled for credit,14581,6091,8490,41,17,24,754,335,419,1760,633,1127,8901,3607,5294,58,20,38,2482,1220,1262,432,174,258,65,35,30,88,50,38
460394,Undergraduate students,14581,6091,8490,41,17,24,754,335,419,1760,633,1127,8901,3607,5294,58,20,38,2482,1220,1262,432,174,258,65,35,30,88,50,38
460446,Total students enrolled for credit,172,9,163,2,0,2,2,0,2,88,3,85,61,5,56,1,0,1,12,1,11,0,0,0,1,0,1,5,0,5
460446,Undergraduate students,172,9,163,2,0,2,2,0,2,88,3,85,61,5,56,1,0,1,12,1,11,0,0,0,1,0,1,5,0,5
460455,Total students enrolled for credit,82,19,63,0,0,0,1,0,1,5,2,3,3,0,3,0,0,0,68,16,52,4,1,3,1,0,1,0,0,0
460455,Undergraduate students,82,19,63,0,0,0,1,0,1,5,2,3,3,0,3,0,0,0,68,16,52,4,1,3,1,0,1,0,0,0
460464,Total students enrolled for credit,14422,6483,7939,37,15,22,1203,630,573,879,352,527,8388,3680,4708,39,17,22,3382,1555,1827,352,162,190,49,24,25,93,48,45
460464,Undergraduate students,14422,6483,7939,37,15,22,1203,630,573,879,352,527,8388,3680,4708,39,17,22,3382,1555,1827,352,162,190,49,24,25,93,48,45
460482,Total students enrolled for credit,412,51,361,2,0,2,1,0,1,166,22,144,58,9,49,0,0,0,158,19,139,26,1,25,1,0,1,0,0,0
460482,Undergraduate students,412,51,361,2,0,2,1,0,1,166,22,144,58,9,49,0,0,0,158,19,139,26,1,25,1,0,1,0,0,0
460516,Total students enrolled for credit,172,9,163,2,0,2,3,0,3,4,0,4,127,4,123,2,0,2,33,5,28,0,0,0,1,0,1,0,0,0
460516,Undergraduate students,172,9,163,2,0,2,3,0,3,4,0,4,127,4,123,2,0,2,33,5,28,0,0,0,1,0,1,0,0,0
460525,Total students enrolled for credit,229,18,211,2,0,2,3,0,3,3,0,3,115,13,102,1,0,1,103,5,98,1,0,1,1,0,1,0,0,0
460525,Undergraduate students,229,18,211,2,0,2,3,0,3,3,0,3,115,13,102,1,0,1,103,5,98,1,0,1,1,0,1,0,0,0
460534,Total students enrolled for credit,508,29,479,5,0,5,0,0,0,20,3,17,449,23,426,2,1,1,25,0,25,6,2,4,0,0,0,1,0,1
460534,Undergraduate students,508,29,479,5,0,5,0,0,0,20,3,17,449,23,426,2,1,1,25,0,25,6,2,4,0,0,0,1,0,1
460543,Total students enrolled for credit,1567,1519,48,16,15,1,26,26,0,152,146,6,558,547,11,4,4,0,639,616,23,129,123,6,43,42,1,0,0,0
460543,Undergraduate students,1567,1519,48,16,15,1,26,26,0,152,146,6,558,547,11,4,4,0,639,616,23,129,123,6,43,42,1,0,0,0
460552,Total students enrolled for credit,109,37,72,0,0,0,9,5,4,8,4,4,11,5,6,0,0,0,56,16,40,11,3,8,14,4,10,0,0,0
460552,Undergraduate students,109,37,72,0,0,0,9,5,4,8,4,4,11,5,6,0,0,0,56,16,40,11,3,8,14,4,10,0,0,0
460570,Total students enrolled for credit,286,24,262,0,0,0,8,2,6,27,11,16,23,1,22,0,0,0,226,10,216,0,0,0,2,0,2,0,0,0
460570,Undergraduate students,286,24,262,0,0,0,8,2,6,27,11,16,23,1,22,0,0,0,226,10,216,0,0,0,2,0,2,0,0,0
460598,Total students enrolled for credit,1092,218,874,4,0,4,17,4,13,939,198,741,49,6,43,0,0,0,27,1,26,39,6,33,17,3,14,0,0,0
460598,Undergraduate students,1092,218,874,4,0,4,17,4,13,939,198,741,49,6,43,0,0,0,27,1,26,39,6,33,17,3,14,0,0,0
460604,Total students enrolled for credit,47,46,1,0,0,0,4,4,0,1,1,0,7,7,0,0,0,0,35,34,1,0,0,0,0,0,0,0,0,0
460604,Undergraduate students,47,46,1,0,0,0,4,4,0,1,1,0,7,7,0,0,0,0,35,34,1,0,0,0,0,0,0,0,0,0
460613,Total students enrolled for credit,476,180,296,0,0,0,4,3,1,115,40,75,266,98,168,1,1,0,89,38,51,0,0,0,1,0,1,0,0,0
460613,Undergraduate students,476,180,296,0,0,0,4,3,1,115,40,75,266,98,168,1,1,0,89,38,51,0,0,0,1,0,1,0,0,0
460640,Total students enrolled for credit,87,29,58,1,1,0,2,0,2,13,5,8,14,6,8,0,0,0,53,15,38,3,2,1,1,0,1,0,0,0
460640,Undergraduate students,87,29,58,1,1,0,2,0,2,13,5,8,14,6,8,0,0,0,53,15,38,3,2,1,1,0,1,0,0,0
460659,Total students enrolled for credit,101,9,92,0,0,0,6,0,6,3,0,3,71,6,65,1,0,1,17,3,14,2,0,2,1,0,1,0,0,0
460659,Undergraduate students,101,9,92,0,0,0,6,0,6,3,0,3,71,6,65,1,0,1,17,3,14,2,0,2,1,0,1,0,0,0
460677,Total students enrolled for credit,815,221,594,0,0,0,0,0,0,0,0,0,815,221,594,0,0,0,0,0,0,0,0,0,0,0,0,0,0,0
460677,Undergraduate students,815,221,594,0,0,0,0,0,0,0,0,0,815,221,594,0,0,0,0,0,0,0,0,0,0,0,0,0,0,0
460695,Total students enrolled for credit,169,75,94,0,0,0,7,3,4,18,2,16,46,19,27,0,0,0,90,45,45,2,1,1,6,5,1,0,0,0
460695,Undergraduate students,169,75,94,0,0,0,7,3,4,18,2,16,46,19,27,0,0,0,90,45,45,2,1,1,6,5,1,0,0,0
460701,Total students enrolled for credit,236,39,197,0,0,0,0,0,0,89,18,71,50,13,37,0,0,0,92,8,84,0,0,0,5,0,5,0,0,0
460701,Undergraduate students,236,39,197,0,0,0,0,0,0,89,18,71,50,13,37,0,0,0,92,8,84,0,0,0,5,0,5,0,0,0
460738,Total students enrolled for credit,3779,419,3360,19,5,14,192,28,164,515,62,453,37,11,26,17,2,15,2625,259,2366,167,29,138,207,23,184,0,0,0
460738,Undergraduate students,2107,252,1855,13,4,9,91,17,74,262,33,229,19,6,13,11,1,10,1507,160,1347,94,16,78,110,15,95,0,0,0
460738,Graduate student,1672,167,1505,6,1,5,101,11,90,253,29,224,18,5,13,6,1,5,1118,99,1019,73,13,60,97,8,89,0,0,0
460747,Total students enrolled for credit,350,257,93,1,1,0,9,7,2,120,83,37,53,43,10,3,0,3,113,87,26,7,6,1,44,30,14,0,0,0
460747,Undergraduate students,350,257,93,1,1,0,9,7,2,120,83,37,53,43,10,3,0,3,113,87,26,7,6,1,44,30,14,0,0,0
460756,Total students enrolled for credit,738,74,664,1,1,0,247,32,215,11,6,5,31,4,27,192,9,183,28,2,26,225,19,206,1,1,0,2,0,2
460756,Undergraduate students,738,74,664,1,1,0,247,32,215,11,6,5,31,4,27,192,9,183,28,2,26,225,19,206,1,1,0,2,0,2
460765,Total students enrolled for credit,88,6,82,0,0,0,2,0,2,16,2,14,10,0,10,1,0,1,59,4,55,0,0,0,0,0,0,0,0,0
460765,Undergraduate students,88,6,82,0,0,0,2,0,2,16,2,14,10,0,10,1,0,1,59,4,55,0,0,0,0,0,0,0,0,0
460774,Total students enrolled for credit,1135,146,989,2,0,2,2,1,1,963,122,841,14,1,13,1,0,1,62,9,53,18,2,16,73,11,62,0,0,0
460774,Undergraduate students,1135,146,989,2,0,2,2,1,1,963,122,841,14,1,13,1,0,1,62,9,53,18,2,16,73,11,62,0,0,0
460783,Total students enrolled for credit,368,58,310,2,0,2,5,2,3,176,31,145,38,7,31,5,2,3,126,13,113,10,2,8,6,1,5,0,0,0
460783,Undergraduate students,368,58,310,2,0,2,5,2,3,176,31,145,38,7,31,5,2,3,126,13,113,10,2,8,6,1,5,0,0,0
460808,Total students enrolled for credit,42,5,37,1,0,1,0,0,0,0,0,0,3,1,2,0,0,0,36,4,32,1,0,1,1,0,1,0,0,0
460808,Undergraduate students,42,5,37,1,0,1,0,0,0,0,0,0,3,1,2,0,0,0,36,4,32,1,0,1,1,0,1,0,0,0
460817,Total students enrolled for credit,1274,479,795,9,4,5,14,5,9,502,172,330,91,30,61,4,2,2,613,253,360,26,9,17,15,4,11,0,0,0
460817,Undergraduate students,1274,479,795,9,4,5,14,5,9,502,172,330,91,30,61,4,2,2,613,253,360,26,9,17,15,4,11,0,0,0
460826,Total students enrolled for credit,979,231,748,2,2,0,6,4,2,785,171,614,20,12,8,4,2,2,133,32,101,11,4,7,18,4,14,0,0,0
460826,Undergraduate students,979,231,748,2,2,0,6,4,2,785,171,614,20,12,8,4,2,2,133,32,101,11,4,7,18,4,14,0,0,0
460835,Total students enrolled for credit,2148,344,1804,12,2,10,8,1,7,1321,210,1111,55,7,48,5,0,5,684,114,570,15,3,12,48,7,41,0,0,0
460835,Undergraduate students,2148,344,1804,12,2,10,8,1,7,1321,210,1111,55,7,48,5,0,5,684,114,570,15,3,12,48,7,41,0,0,0
460844,Total students enrolled for credit,698,116,582,2,1,1,1,0,1,550,95,455,21,3,18,1,1,0,46,5,41,20,2,18,57,9,48,0,0,0
460844,Undergraduate students,698,116,582,2,1,1,1,0,1,550,95,455,21,3,18,1,1,0,46,5,41,20,2,18,57,9,48,0,0,0
460853,Total students enrolled for credit,499,74,425,1,0,1,7,1,6,204,22,182,30,2,28,0,0,0,148,21,127,15,3,12,94,25,69,0,0,0
460853,Undergraduate students,499,74,425,1,0,1,7,1,6,204,22,182,30,2,28,0,0,0,148,21,127,15,3,12,94,25,69,0,0,0
460862,Total students enrolled for credit,376,34,342,7,0,7,5,0,5,12,0,12,41,3,38,3,0,3,265,25,240,29,5,24,11,1,10,3,0,3
460862,Undergraduate students,376,34,342,7,0,7,5,0,5,12,0,12,41,3,38,3,0,3,265,25,240,29,5,24,11,1,10,3,0,3
460871,Total students enrolled for credit,704,104,600,0,0,0,71,14,57,334,48,286,94,12,82,4,0,4,168,24,144,8,2,6,16,2,14,9,2,7
460871,Undergraduate students,704,104,600,0,0,0,71,14,57,334,48,286,94,12,82,4,0,4,168,24,144,8,2,6,16,2,14,9,2,7
460899,Total students enrolled for credit,370,136,234,1,0,1,2,2,0,3,2,1,57,13,44,5,3,2,221,90,131,71,22,49,10,4,6,0,0,0
460899,Undergraduate students,370,136,234,1,0,1,2,2,0,3,2,1,57,13,44,5,3,2,221,90,131,71,22,49,10,4,6,0,0,0
460914,Total students enrolled for credit,367,11,356,6,0,6,5,1,4,8,0,8,42,0,42,2,0,2,287,10,277,5,0,5,12,0,12,0,0,0
460914,Undergraduate students,367,11,356,6,0,6,5,1,4,8,0,8,42,0,42,2,0,2,287,10,277,5,0,5,12,0,12,0,0,0
460923,Total students enrolled for credit,798,186,612,0,0,0,6,3,3,550,122,428,31,7,24,0,0,0,102,26,76,13,2,11,95,26,69,1,0,1
460923,Undergraduate students,798,186,612,0,0,0,6,3,3,550,122,428,31,7,24,0,0,0,102,26,76,13,2,11,95,26,69,1,0,1
460932,Total students enrolled for credit,97,2,95,0,0,0,1,1,0,10,0,10,0,0,0,0,0,0,83,1,82,0,0,0,3,0,3,0,0,0
460932,Undergraduate students,97,2,95,0,0,0,1,1,0,10,0,10,0,0,0,0,0,0,83,1,82,0,0,0,3,0,3,0,0,0
460969,Total students enrolled for credit,360,35,325,0,0,0,0,0,0,2,0,2,350,34,316,0,0,0,8,1,7,0,0,0,0,0,0,0,0,0
460969,Undergraduate students,360,35,325,0,0,0,0,0,0,2,0,2,350,34,316,0,0,0,8,1,7,0,0,0,0,0,0,0,0,0
460978,Total students enrolled for credit,311,17,294,1,0,1,5,0,5,109,3,106,65,3,62,1,0,1,100,9,91,20,2,18,10,0,10,0,0,0
460978,Undergraduate students,311,17,294,1,0,1,5,0,5,109,3,106,65,3,62,1,0,1,100,9,91,20,2,18,10,0,10,0,0,0
460987,Total students enrolled for credit,182,8,174,0,0,0,1,0,1,49,1,48,11,0,11,0,0,0,116,7,109,1,0,1,4,0,4,0,0,0
460987,Undergraduate students,182,8,174,0,0,0,1,0,1,49,1,48,11,0,11,0,0,0,116,7,109,1,0,1,4,0,4,0,0,0
460996,Total students enrolled for credit,170,8,162,1,0,1,1,0,1,23,1,22,8,0,8,0,0,0,130,7,123,3,0,3,4,0,4,0,0,0
460996,Undergraduate students,170,8,162,1,0,1,1,0,1,23,1,22,8,0,8,0,0,0,130,7,123,3,0,3,4,0,4,0,0,0
461005,Total students enrolled for credit,759,89,670,3,0,3,8,2,6,311,34,277,272,31,241,0,0,0,113,16,97,30,1,29,22,5,17,0,0,0
461005,Undergraduate students,759,89,670,3,0,3,8,2,6,311,34,277,272,31,241,0,0,0,113,16,97,30,1,29,22,5,17,0,0,0
461014,Total students enrolled for credit,2059,146,1913,8,0,8,56,9,47,1316,91,1225,346,22,324,6,0,6,40,4,36,0,0,0,284,20,264,3,0,3
461014,Undergraduate students,2059,146,1913,8,0,8,56,9,47,1316,91,1225,346,22,324,6,0,6,40,4,36,0,0,0,284,20,264,3,0,3
461023,Total students enrolled for credit,1263,167,1096,5,0,5,12,4,8,80,14,66,65,13,52,7,2,5,393,54,339,2,1,1,699,79,620,0,0,0
461023,Undergraduate students,1119,127,992,5,0,5,9,3,6,62,8,54,57,11,46,7,2,5,350,42,308,1,0,1,628,61,567,0,0,0
461023,Graduate student,144,40,104,0,0,0,3,1,2,18,6,12,8,2,6,0,0,0,43,12,31,1,1,0,71,18,53,0,0,0
461032,Total students enrolled for credit,214,114,100,3,3,0,1,0,1,116,54,62,14,6,8,0,0,0,70,47,23,7,2,5,3,2,1,0,0,0
461032,Undergraduate students,214,114,100,3,3,0,1,0,1,116,54,62,14,6,8,0,0,0,70,47,23,7,2,5,3,2,1,0,0,0
461111,Total students enrolled for credit,62,46,16,0,0,0,1,0,1,20,15,5,14,13,1,0,0,0,24,15,9,0,0,0,3,3,0,0,0,0
461111,Undergraduate students,62,46,16,0,0,0,1,0,1,20,15,5,14,13,1,0,0,0,24,15,9,0,0,0,3,3,0,0,0,0
461120,Total students enrolled for credit,100,50,50,2,1,1,2,1,1,50,24,26,1,0,1,1,0,1,44,24,20,0,0,0,0,0,0,0,0,0
461120,Graduate student,100,50,50,2,1,1,2,1,1,50,24,26,1,0,1,1,0,1,44,24,20,0,0,0,0,0,0,0,0,0
461139,Total students enrolled for credit,82,24,58,1,0,1,2,0,2,3,1,2,2,1,1,1,0,1,71,20,51,1,1,0,1,1,0,0,0,0
461139,Graduate student,82,24,58,1,0,1,2,0,2,3,1,2,2,1,1,1,0,1,71,20,51,1,1,0,1,1,0,0,0,0
461148,Total students enrolled for credit,2602,1444,1158,7,7,0,47,31,16,150,95,55,113,65,48,6,5,1,315,213,102,34,24,10,424,252,172,1506,752,754
461148,Undergraduate students,1932,1106,826,3,3,0,34,24,10,103,70,33,89,53,36,6,5,1,259,184,75,23,17,6,399,239,160,1016,511,505
461148,Graduate student,670,338,332,4,4,0,13,7,6,47,25,22,24,12,12,0,0,0,56,29,27,11,7,4,25,13,12,490,241,249
461157,Total students enrolled for credit,53,45,8,0,0,0,17,13,4,0,0,0,9,7,2,0,0,0,27,25,2,0,0,0,0,0,0,0,0,0
461157,Undergraduate students,53,45,8,0,0,0,17,13,4,0,0,0,9,7,2,0,0,0,27,25,2,0,0,0,0,0,0,0,0,0
461175,Total students enrolled for credit,313,23,290,2,0,2,153,17,136,30,1,29,84,3,81,0,0,0,14,1,13,2,0,2,7,0,7,21,1,20
461175,Undergraduate students,313,23,290,2,0,2,153,17,136,30,1,29,84,3,81,0,0,0,14,1,13,2,0,2,7,0,7,21,1,20
461193,Total students enrolled for credit,298,8,290,1,0,1,0,0,0,33,0,33,2,0,2,0,0,0,254,8,246,8,0,8,0,0,0,0,0,0
461193,Undergraduate students,298,8,290,1,0,1,0,0,0,33,0,33,2,0,2,0,0,0,254,8,246,8,0,8,0,0,0,0,0,0
461218,Total students enrolled for credit,272,48,224,0,0,0,1,0,1,118,13,105,3,0,3,0,0,0,146,33,113,0,0,0,4,2,2,0,0,0
461218,Undergraduate students,272,48,224,0,0,0,1,0,1,118,13,105,3,0,3,0,0,0,146,33,113,0,0,0,4,2,2,0,0,0
461227,Total students enrolled for credit,107,6,101,1,1,0,2,0,2,9,0,9,43,3,40,1,0,1,51,2,49,0,0,0,0,0,0,0,0,0
461227,Undergraduate students,107,6,101,1,1,0,2,0,2,9,0,9,43,3,40,1,0,1,51,2,49,0,0,0,0,0,0,0,0,0
461236,Total students enrolled for credit,354,175,179,4,2,2,295,153,142,24,10,14,27,8,19,0,0,0,1,1,0,0,0,0,3,1,2,0,0,0
461236,Undergraduate students,221,102,119,0,0,0,176,87,89,18,8,10,25,6,19,0,0,0,0,0,0,0,0,0,2,1,1,0,0,0
461236,Graduate student,133,73,60,4,2,2,119,66,53,6,2,4,2,2,0,0,0,0,1,1,0,0,0,0,1,0,1,0,0,0
461245,Total students enrolled for credit,259,69,190,0,0,0,4,2,2,44,11,33,38,6,32,1,0,1,170,50,120,2,0,2,0,0,0,0,0,0
461245,Undergraduate students,259,69,190,0,0,0,4,2,2,44,11,33,38,6,32,1,0,1,170,50,120,2,0,2,0,0,0,0,0,0
461254,Total students enrolled for credit,90,11,79,0,0,0,3,0,3,0,0,0,2,1,1,0,0,0,49,4,45,25,4,21,11,2,9,0,0,0
461254,Undergraduate students,90,11,79,0,0,0,3,0,3,0,0,0,2,1,1,0,0,0,49,4,45,25,4,21,11,2,9,0,0,0
461263,Total students enrolled for credit,121,11,110,0,0,0,10,1,9,2,0,2,27,3,24,0,0,0,79,6,73,2,1,1,0,0,0,1,0,1
461263,Undergraduate students,121,11,110,0,0,0,10,1,9,2,0,2,27,3,24,0,0,0,79,6,73,2,1,1,0,0,0,1,0,1
461272,Total students enrolled for credit,105,0,105,0,0,0,0,0,0,0,0,0,12,0,12,1,0,1,89,0,89,3,0,3,0,0,0,0,0,0
461272,Undergraduate students,105,0,105,0,0,0,0,0,0,0,0,0,12,0,12,1,0,1,89,0,89,3,0,3,0,0,0,0,0,0
461281,Total students enrolled for credit,611,8,603,0,0,0,0,0,0,0,0,0,604,4,600,0,0,0,0,0,0,0,0,0,0,0,0,7,4,3
461281,Undergraduate students,608,8,600,0,0,0,0,0,0,0,0,0,604,4,600,0,0,0,0,0,0,0,0,0,0,0,0,4,4,0
461281,Graduate student,3,0,3,0,0,0,0,0,0,0,0,0,0,0,0,0,0,0,0,0,0,0,0,0,0,0,0,3,0,3
461290,Total students enrolled for credit,88,0,88,0,0,0,2,0,2,2,0,2,5,0,5,0,0,0,77,0,77,0,0,0,1,0,1,1,0,1
461290,Undergraduate students,88,0,88,0,0,0,2,0,2,2,0,2,5,0,5,0,0,0,77,0,77,0,0,0,1,0,1,1,0,1
461306,Total students enrolled for credit,278,142,136,0,0,0,0,0,0,247,125,122,23,12,11,1,1,0,4,3,1,1,0,1,0,0,0,2,1,1
461306,Undergraduate students,278,142,136,0,0,0,0,0,0,247,125,122,23,12,11,1,1,0,4,3,1,1,0,1,0,0,0,2,1,1
461315,Total students enrolled for credit,169,52,117,89,25,64,0,0,0,1,0,1,2,1,1,0,0,0,62,20,42,15,6,9,0,0,0,0,0,0
461315,Undergraduate students,169,52,117,89,25,64,0,0,0,1,0,1,2,1,1,0,0,0,62,20,42,15,6,9,0,0,0,0,0,0
461324,Total students enrolled for credit,849,259,590,0,0,0,1,0,1,177,63,114,91,46,45,0,0,0,537,128,409,0,0,0,43,22,21,0,0,0
461324,Undergraduate students,849,259,590,0,0,0,1,0,1,177,63,114,91,46,45,0,0,0,537,128,409,0,0,0,43,22,21,0,0,0
461333,Total students enrolled for credit,31,28,3,0,0,0,2,1,1,1,1,0,1,1,0,1,1,0,15,14,1,0,0,0,0,0,0,11,10,1
461333,Undergraduate students,31,28,3,0,0,0,2,1,1,1,1,0,1,1,0,1,1,0,15,14,1,0,0,0,0,0,0,11,10,1
461342,Total students enrolled for credit,113,0,113,1,0,1,1,0,1,1,0,1,15,0,15,0,0,0,92,0,92,0,0,0,3,0,3,0,0,0
461342,Undergraduate students,113,0,113,1,0,1,1,0,1,1,0,1,15,0,15,0,0,0,92,0,92,0,0,0,3,0,3,0,0,0
461351,Total students enrolled for credit,1419,358,1061,0,0,0,154,34,120,470,129,341,297,69,228,0,0,0,168,47,121,57,20,37,203,40,163,70,19,51
461351,Undergraduate students,1419,358,1061,0,0,0,154,34,120,470,129,341,297,69,228,0,0,0,168,47,121,57,20,37,203,40,163,70,19,51
461360,Total students enrolled for credit,43,2,41,0,0,0,0,0,0,16,0,16,2,0,2,0,0,0,25,2,23,0,0,0,0,0,0,0,0,0
461360,Undergraduate students,43,2,41,0,0,0,0,0,0,16,0,16,2,0,2,0,0,0,25,2,23,0,0,0,0,0,0,0,0,0
461379,Total students enrolled for credit,52,11,41,1,0,1,3,1,2,23,4,19,0,0,0,0,0,0,23,5,18,2,1,1,0,0,0,0,0,0
461379,Undergraduate students,52,11,41,1,0,1,3,1,2,23,4,19,0,0,0,0,0,0,23,5,18,2,1,1,0,0,0,0,0,0
461388,Total students enrolled for credit,75,7,68,2,0,2,1,1,0,9,1,8,8,0,8,1,0,1,53,5,48,1,0,1,0,0,0,0,0,0
461388,Undergraduate students,75,7,68,2,0,2,1,1,0,9,1,8,8,0,8,1,0,1,53,5,48,1,0,1,0,0,0,0,0,0
461412,Total students enrolled for credit,250,74,176,1,0,1,40,9,31,65,22,43,30,8,22,1,0,1,104,32,72,8,3,5,1,0,1,0,0,0
461412,Undergraduate students,250,74,176,1,0,1,40,9,31,65,22,43,30,8,22,1,0,1,104,32,72,8,3,5,1,0,1,0,0,0
461421,Total students enrolled for credit,306,18,288,0,0,0,5,0,5,81,6,75,6,0,6,0,0,0,199,9,190,7,2,5,8,1,7,0,0,0
461421,Undergraduate students,306,18,288,0,0,0,5,0,5,81,6,75,6,0,6,0,0,0,199,9,190,7,2,5,8,1,7,0,0,0
461430,Total students enrolled for credit,822,767,55,8,7,1,78,74,4,163,148,15,294,283,11,33,25,8,233,218,15,1,1,0,12,11,1,0,0,0
461430,Undergraduate students,822,767,55,8,7,1,78,74,4,163,148,15,294,283,11,33,25,8,233,218,15,1,1,0,12,11,1,0,0,0
461449,Total students enrolled for credit,186,31,155,0,0,0,179,29,150,0,0,0,1,0,1,0,0,0,0,0,0,0,0,0,2,0,2,4,2,2
461449,Undergraduate students,186,31,155,0,0,0,179,29,150,0,0,0,1,0,1,0,0,0,0,0,0,0,0,0,2,0,2,4,2,2
461485,Total students enrolled for credit,90,68,22,0,0,0,3,1,2,3,1,2,2,1,1,0,0,0,79,63,16,1,0,1,0,0,0,2,2,0
461485,Graduate student,90,68,22,0,0,0,3,1,2,3,1,2,2,1,1,0,0,0,79,63,16,1,0,1,0,0,0,2,2,0
461494,Total students enrolled for credit,255,12,243,4,0,4,3,2,1,5,0,5,31,1,30,4,1,3,204,7,197,3,0,3,1,1,0,0,0,0
461494,Undergraduate students,255,12,243,4,0,4,3,2,1,5,0,5,31,1,30,4,1,3,204,7,197,3,0,3,1,1,0,0,0,0
461500,Total students enrolled for credit,42,7,35,0,0,0,3,0,3,1,1,0,25,5,20,0,0,0,9,1,8,0,0,0,1,0,1,3,0,3
461500,Undergraduate students,42,7,35,0,0,0,3,0,3,1,1,0,25,5,20,0,0,0,9,1,8,0,0,0,1,0,1,3,0,3
461528,Total students enrolled for credit,153,88,65,1,0,1,12,5,7,26,13,13,14,8,6,3,2,1,79,51,28,10,5,5,3,2,1,5,2,3
461528,Undergraduate students,134,77,57,1,0,1,12,5,7,24,13,11,14,8,6,3,2,1,67,43,24,8,3,5,3,2,1,2,1,1
461528,Graduate student,19,11,8,0,0,0,0,0,0,2,0,2,0,0,0,0,0,0,12,8,4,2,2,0,0,0,0,3,1,2
461537,Total students enrolled for credit,28,2,26,0,0,0,0,0,0,1,0,1,0,0,0,0,0,0,27,2,25,0,0,0,0,0,0,0,0,0
461537,Undergraduate students,28,2,26,0,0,0,0,0,0,1,0,1,0,0,0,0,0,0,27,2,25,0,0,0,0,0,0,0,0,0
461546,Total students enrolled for credit,22,0,22,2,0,2,1,0,1,0,0,0,2,0,2,0,0,0,17,0,17,0,0,0,0,0,0,0,0,0
461546,Undergraduate students,22,0,22,2,0,2,1,0,1,0,0,0,2,0,2,0,0,0,17,0,17,0,0,0,0,0,0,0,0,0
461555,Total students enrolled for credit,207,8,199,8,2,6,1,0,1,3,0,3,125,4,121,1,0,1,57,2,55,3,0,3,9,0,9,0,0,0
461555,Undergraduate students,207,8,199,8,2,6,1,0,1,3,0,3,125,4,121,1,0,1,57,2,55,3,0,3,9,0,9,0,0,0
461564,Total students enrolled for credit,38,26,12,0,0,0,0,0,0,24,23,1,1,1,0,8,0,8,5,2,3,0,0,0,0,0,0,0,0,0
461564,Undergraduate students,38,26,12,0,0,0,0,0,0,24,23,1,1,1,0,8,0,8,5,2,3,0,0,0,0,0,0,0,0,0
461573,Total students enrolled for credit,156,147,9,0,0,0,0,0,0,77,70,7,2,2,0,0,0,0,75,73,2,2,2,0,0,0,0,0,0,0
461573,Undergraduate students,156,147,9,0,0,0,0,0,0,77,70,7,2,2,0,0,0,0,75,73,2,2,2,0,0,0,0,0,0,0
461582,Total students enrolled for credit,162,2,160,1,0,1,18,1,17,23,0,23,28,0,28,0,0,0,83,1,82,1,0,1,1,0,1,7,0,7
461582,Undergraduate students,162,2,160,1,0,1,18,1,17,23,0,23,28,0,28,0,0,0,83,1,82,1,0,1,1,0,1,7,0,7
461591,Total students enrolled for credit,194,16,178,0,0,0,47,3,44,20,1,19,12,1,11,64,5,59,43,6,37,6,0,6,2,0,2,0,0,0
461591,Undergraduate students,194,16,178,0,0,0,47,3,44,20,1,19,12,1,11,64,5,59,43,6,37,6,0,6,2,0,2,0,0,0
461607,Total students enrolled for credit,137,16,121,1,0,1,2,0,2,7,2,5,35,3,32,0,0,0,85,9,76,7,2,5,0,0,0,0,0,0
461607,Undergraduate students,137,16,121,1,0,1,2,0,2,7,2,5,35,3,32,0,0,0,85,9,76,7,2,5,0,0,0,0,0,0
461625,Total students enrolled for credit,77,76,1,0,0,0,0,0,0,0,0,0,77,76,1,0,0,0,0,0,0,0,0,0,0,0,0,0,0,0
461625,Undergraduate students,77,76,1,0,0,0,0,0,0,0,0,0,77,76,1,0,0,0,0,0,0,0,0,0,0,0,0,0,0,0
461643,Total students enrolled for credit,85,15,70,0,0,0,4,2,2,5,2,3,7,2,5,0,0,0,58,6,52,0,0,0,3,2,1,8,1,7
461643,Undergraduate students,42,10,32,0,0,0,2,1,1,5,2,3,6,2,4,0,0,0,23,3,20,0,0,0,2,1,1,4,1,3
461643,Graduate student,43,5,38,0,0,0,2,1,1,0,0,0,1,0,1,0,0,0,35,3,32,0,0,0,1,1,0,4,0,4
461652,Total students enrolled for credit,61,4,57,1,0,1,0,0,0,2,0,2,6,0,6,0,0,0,48,3,45,2,1,1,2,0,2,0,0,0
461652,Undergraduate students,61,4,57,1,0,1,0,0,0,2,0,2,6,0,6,0,0,0,48,3,45,2,1,1,2,0,2,0,0,0
461689,Total students enrolled for credit,409,26,383,3,0,3,6,1,5,64,2,62,180,15,165,3,0,3,127,7,120,26,1,25,0,0,0,0,0,0
461689,Undergraduate students,409,26,383,3,0,3,6,1,5,64,2,62,180,15,165,3,0,3,127,7,120,26,1,25,0,0,0,0,0,0
461698,Total students enrolled for credit,174,132,42,2,1,1,4,2,2,15,10,5,132,103,29,3,3,0,16,12,4,1,0,1,1,1,0,0,0,0
461698,Undergraduate students,174,132,42,2,1,1,4,2,2,15,10,5,132,103,29,3,3,0,16,12,4,1,0,1,1,1,0,0,0,0
461704,Total students enrolled for credit,184,31,153,0,0,0,0,0,0,5,4,1,5,0,5,0,0,0,171,25,146,3,2,1,0,0,0,0,0,0
461704,Undergraduate students,184,31,153,0,0,0,0,0,0,5,4,1,5,0,5,0,0,0,171,25,146,3,2,1,0,0,0,0,0,0
461713,Total students enrolled for credit,69,1,68,5,0,5,2,0,2,3,0,3,22,0,22,0,0,0,30,0,30,2,1,1,5,0,5,0,0,0
461713,Undergraduate students,69,1,68,5,0,5,2,0,2,3,0,3,22,0,22,0,0,0,30,0,30,2,1,1,5,0,5,0,0,0
461722,Total students enrolled for credit,85,3,82,0,0,0,2,0,2,7,1,6,3,0,3,0,0,0,70,2,68,1,0,1,2,0,2,0,0,0
461722,Undergraduate students,85,3,82,0,0,0,2,0,2,7,1,6,3,0,3,0,0,0,70,2,68,1,0,1,2,0,2,0,0,0
461731,Total students enrolled for credit,48,0,48,0,0,0,1,0,1,3,0,3,8,0,8,0,0,0,34,0,34,1,0,1,1,0,1,0,0,0
461731,Undergraduate students,48,0,48,0,0,0,1,0,1,3,0,3,8,0,8,0,0,0,34,0,34,1,0,1,1,0,1,0,0,0
461740,Total students enrolled for credit,29,26,3,0,0,0,0,0,0,17,16,1,12,10,2,0,0,0,0,0,0,0,0,0,0,0,0,0,0,0
461740,Undergraduate students,29,26,3,0,0,0,0,0,0,17,16,1,12,10,2,0,0,0,0,0,0,0,0,0,0,0,0,0,0,0
461759,Total students enrolled for credit,260,148,112,0,0,0,0,0,0,256,144,112,1,1,0,0,0,0,2,2,0,0,0,0,1,1,0,0,0,0
461759,Undergraduate students,260,148,112,0,0,0,0,0,0,256,144,112,1,1,0,0,0,0,2,2,0,0,0,0,1,1,0,0,0,0
461768,Total students enrolled for credit,273,4,269,0,0,0,25,0,25,79,2,77,80,0,80,0,0,0,84,2,82,4,0,4,0,0,0,1,0,1
461768,Undergraduate students,273,4,269,0,0,0,25,0,25,79,2,77,80,0,80,0,0,0,84,2,82,4,0,4,0,0,0,1,0,1
461786,Total students enrolled for credit,40,1,39,0,0,0,0,0,0,3,0,3,0,0,0,0,0,0,36,0,36,1,1,0,0,0,0,0,0,0
461786,Undergraduate students,40,1,39,0,0,0,0,0,0,3,0,3,0,0,0,0,0,0,36,0,36,1,1,0,0,0,0,0,0,0
461795,Total students enrolled for credit,854,576,278,0,0,0,32,22,10,75,51,24,90,47,43,0,0,0,205,136,69,12,7,5,1,1,0,439,312,127
461795,Undergraduate students,490,316,174,0,0,0,18,11,7,70,49,21,89,47,42,0,0,0,46,28,18,8,6,2,1,1,0,258,174,84
461795,Graduate student,364,260,104,0,0,0,14,11,3,5,2,3,1,0,1,0,0,0,159,108,51,4,1,3,0,0,0,181,138,43
461801,Total students enrolled for credit,124,1,123,1,0,1,4,0,4,36,0,36,11,1,10,1,0,1,62,0,62,7,0,7,2,0,2,0,0,0
461801,Undergraduate students,124,1,123,1,0,1,4,0,4,36,0,36,11,1,10,1,0,1,62,0,62,7,0,7,2,0,2,0,0,0
461810,Total students enrolled for credit,63,11,52,0,0,0,59,10,49,1,1,0,0,0,0,0,0,0,3,0,3,0,0,0,0,0,0,0,0,0
461810,Undergraduate students,63,11,52,0,0,0,59,10,49,1,1,0,0,0,0,0,0,0,3,0,3,0,0,0,0,0,0,0,0,0
461829,Total students enrolled for credit,439,83,356,5,1,4,28,5,23,67,20,47,111,19,92,1,0,1,136,23,113,73,13,60,18,2,16,0,0,0
461829,Undergraduate students,439,83,356,5,1,4,28,5,23,67,20,47,111,19,92,1,0,1,136,23,113,73,13,60,18,2,16,0,0,0
461838,Total students enrolled for credit,240,4,236,3,0,3,2,0,2,49,0,49,19,2,17,0,0,0,155,2,153,0,0,0,12,0,12,0,0,0
461838,Undergraduate students,240,4,236,3,0,3,2,0,2,49,0,49,19,2,17,0,0,0,155,2,153,0,0,0,12,0,12,0,0,0
461856,Total students enrolled for credit,653,275,378,2,0,2,54,23,31,90,42,48,262,128,134,14,8,6,212,64,148,9,4,5,7,4,3,3,2,1
461856,Undergraduate students,653,275,378,2,0,2,54,23,31,90,42,48,262,128,134,14,8,6,212,64,148,9,4,5,7,4,3,3,2,1
461865,Total students enrolled for credit,394,11,383,0,0,0,4,1,3,382,10,372,8,0,8,0,0,0,0,0,0,0,0,0,0,0,0,0,0,0
461865,Undergraduate students,394,11,383,0,0,0,4,1,3,382,10,372,8,0,8,0,0,0,0,0,0,0,0,0,0,0,0,0,0,0
461874,Total students enrolled for credit,112,24,88,0,0,0,0,0,0,39,19,20,18,2,16,0,0,0,55,3,52,0,0,0,0,0,0,0,0,0
461874,Undergraduate students,112,24,88,0,0,0,0,0,0,39,19,20,18,2,16,0,0,0,55,3,52,0,0,0,0,0,0,0,0,0
461883,Total students enrolled for credit,287,143,144,0,0,0,1,1,0,3,2,1,37,19,18,0,0,0,3,1,2,0,0,0,0,0,0,243,120,123
461883,Undergraduate students,113,56,57,0,0,0,0,0,0,0,0,0,19,8,11,0,0,0,1,0,1,0,0,0,0,0,0,93,48,45
461883,Graduate student,174,87,87,0,0,0,1,1,0,3,2,1,18,11,7,0,0,0,2,1,1,0,0,0,0,0,0,150,72,78
461892,Total students enrolled for credit,204,11,193,0,0,0,2,0,2,173,9,164,1,0,1,0,0,0,23,1,22,3,0,3,1,0,1,1,1,0
461892,Undergraduate students,204,11,193,0,0,0,2,0,2,173,9,164,1,0,1,0,0,0,23,1,22,3,0,3,1,0,1,1,1,0
461908,Total students enrolled for credit,137,4,133,0,0,0,2,0,2,16,1,15,25,1,24,0,0,0,83,2,81,9,0,9,2,0,2,0,0,0
461908,Undergraduate students,137,4,133,0,0,0,2,0,2,16,1,15,25,1,24,0,0,0,83,2,81,9,0,9,2,0,2,0,0,0
461917,Total students enrolled for credit,216,5,211,0,0,0,2,1,1,12,0,12,12,0,12,0,0,0,180,4,176,5,0,5,5,0,5,0,0,0
461917,Undergraduate students,216,5,211,0,0,0,2,1,1,12,0,12,12,0,12,0,0,0,180,4,176,5,0,5,5,0,5,0,0,0
461926,Total students enrolled for credit,202,5,197,7,0,7,1,0,1,1,0,1,22,1,21,1,0,1,149,4,145,15,0,15,6,0,6,0,0,0
461926,Undergraduate students,202,5,197,7,0,7,1,0,1,1,0,1,22,1,21,1,0,1,149,4,145,15,0,15,6,0,6,0,0,0
461944,Total students enrolled for credit,79,1,78,0,0,0,0,0,0,7,0,7,7,0,7,0,0,0,46,1,45,4,0,4,15,0,15,0,0,0
461944,Undergraduate students,79,1,78,0,0,0,0,0,0,7,0,7,7,0,7,0,0,0,46,1,45,4,0,4,15,0,15,0,0,0
461953,Total students enrolled for credit,113,7,106,0,0,0,0,0,0,2,0,2,10,0,10,0,0,0,93,7,86,5,0,5,3,0,3,0,0,0
461953,Undergraduate students,113,7,106,0,0,0,0,0,0,2,0,2,10,0,10,0,0,0,93,7,86,5,0,5,3,0,3,0,0,0
461962,Total students enrolled for credit,681,273,408,2,0,2,6,3,3,27,10,17,4,2,2,1,0,1,632,252,380,4,3,1,4,2,2,1,1,0
461962,Undergraduate students,681,273,408,2,0,2,6,3,3,27,10,17,4,2,2,1,0,1,632,252,380,4,3,1,4,2,2,1,1,0
461999,Total students enrolled for credit,115,12,103,0,0,0,1,1,0,18,0,18,4,0,4,1,0,1,89,11,78,2,0,2,0,0,0,0,0,0
461999,Undergraduate students,115,12,103,0,0,0,1,1,0,18,0,18,4,0,4,1,0,1,89,11,78,2,0,2,0,0,0,0,0,0
462008,Total students enrolled for credit,469,39,430,1,0,1,27,4,23,47,6,41,118,11,107,13,0,13,242,15,227,10,2,8,11,1,10,0,0,0
462008,Undergraduate students,469,39,430,1,0,1,27,4,23,47,6,41,118,11,107,13,0,13,242,15,227,10,2,8,11,1,10,0,0,0
462017,Total students enrolled for credit,155,16,139,0,0,0,1,0,1,13,4,9,4,0,4,0,0,0,131,12,119,6,0,6,0,0,0,0,0,0
462017,Undergraduate students,155,16,139,0,0,0,1,0,1,13,4,9,4,0,4,0,0,0,131,12,119,6,0,6,0,0,0,0,0,0
462035,Total students enrolled for credit,435,260,175,3,0,3,4,2,2,135,119,16,73,28,45,5,4,1,206,102,104,7,4,3,2,1,1,0,0,0
462035,Undergraduate students,435,260,175,3,0,3,4,2,2,135,119,16,73,28,45,5,4,1,206,102,104,7,4,3,2,1,1,0,0,0
462044,Total students enrolled for credit,84,15,69,0,0,0,1,1,0,12,3,9,6,0,6,0,0,0,61,11,50,3,0,3,1,0,1,0,0,0
462044,Graduate student,84,15,69,0,0,0,1,1,0,12,3,9,6,0,6,0,0,0,61,11,50,3,0,3,1,0,1,0,0,0
462053,Total students enrolled for credit,220,27,193,0,0,0,11,2,9,121,14,107,71,9,62,1,0,1,16,2,14,0,0,0,0,0,0,0,0,0
462053,Undergraduate students,220,27,193,0,0,0,11,2,9,121,14,107,71,9,62,1,0,1,16,2,14,0,0,0,0,0,0,0,0,0
462062,Total students enrolled for credit,129,0,129,0,0,0,8,0,8,11,0,11,39,0,39,2,0,2,66,0,66,2,0,2,0,0,0,1,0,1
462062,Undergraduate students,129,0,129,0,0,0,8,0,8,11,0,11,39,0,39,2,0,2,66,0,66,2,0,2,0,0,0,1,0,1
462071,Total students enrolled for credit,280,55,225,7,0,7,1,0,1,4,2,2,14,8,6,0,0,0,227,35,192,17,5,12,10,5,5,0,0,0
462071,Undergraduate students,280,55,225,7,0,7,1,0,1,4,2,2,14,8,6,0,0,0,227,35,192,17,5,12,10,5,5,0,0,0
462309,Total students enrolled for credit,176,22,154,0,0,0,13,3,10,77,3,74,46,12,34,0,0,0,34,4,30,0,0,0,6,0,6,0,0,0
462309,Undergraduate students,176,22,154,0,0,0,13,3,10,77,3,74,46,12,34,0,0,0,34,4,30,0,0,0,6,0,6,0,0,0
462318,Total students enrolled for credit,105,71,34,0,0,0,4,4,0,9,9,0,18,13,5,0,0,0,67,41,26,7,4,3,0,0,0,0,0,0
462318,Undergraduate students,105,71,34,0,0,0,4,4,0,9,9,0,18,13,5,0,0,0,67,41,26,7,4,3,0,0,0,0,0,0
462327,Total students enrolled for credit,56,39,17,0,0,0,0,0,0,7,6,1,4,2,2,3,2,1,37,26,11,5,3,2,0,0,0,0,0,0
462327,Undergraduate students,56,39,17,0,0,0,0,0,0,7,6,1,4,2,2,3,2,1,37,26,11,5,3,2,0,0,0,0,0,0
462336,Total students enrolled for credit,160,1,159,0,0,0,1,0,1,4,0,4,6,0,6,1,0,1,110,1,109,1,0,1,37,0,37,0,0,0
462336,Undergraduate students,160,1,159,0,0,0,1,0,1,4,0,4,6,0,6,1,0,1,110,1,109,1,0,1,37,0,37,0,0,0
462345,Total students enrolled for credit,137,3,134,0,0,0,0,0,0,10,0,10,32,0,32,0,0,0,91,3,88,4,0,4,0,0,0,0,0,0
462345,Undergraduate students,137,3,134,0,0,0,0,0,0,10,0,10,32,0,32,0,0,0,91,3,88,4,0,4,0,0,0,0,0,0
462354,Total students enrolled for credit,422,243,179,1,1,0,20,10,10,3,2,1,94,55,39,3,3,0,218,127,91,9,4,5,61,35,26,13,6,7
462354,Undergraduate students,279,149,130,1,1,0,13,4,9,2,1,1,63,32,31,2,2,0,146,81,65,8,4,4,38,20,18,6,4,2
462354,Graduate student,143,94,49,0,0,0,7,6,1,1,1,0,31,23,8,1,1,0,72,46,26,1,0,1,23,15,8,7,2,5
463056,Total students enrolled for credit,1515,686,829,2,1,1,248,114,134,219,89,130,236,91,145,2,1,1,694,343,351,42,19,23,54,19,35,18,9,9
463056,Undergraduate students,1515,686,829,2,1,1,248,114,134,219,89,130,236,91,145,2,1,1,694,343,351,42,19,23,54,19,35,18,9,9
465812,Total students enrolled for credit,11244,2631,8613,105,30,75,104,34,70,2758,631,2127,779,224,555,47,9,38,5109,1099,4010,1517,350,1167,820,253,567,5,1,4
465812,Undergraduate students,10802,2484,8318,93,26,67,95,30,65,2667,613,2054,736,213,523,45,7,38,4929,1029,3900,1455,326,1129,777,239,538,5,1,4
465812,Graduate student,442,147,295,12,4,8,9,4,5,91,18,73,43,11,32,2,2,0,180,70,110,62,24,38,43,14,29,0,0,0
466152,Total students enrolled for credit,302,75,227,32,3,29,5,3,2,89,19,70,8,2,6,0,0,0,147,43,104,4,1,3,17,4,13,0,0,0
466152,Undergraduate students,302,75,227,32,3,29,5,3,2,89,19,70,8,2,6,0,0,0,147,43,104,4,1,3,17,4,13,0,0,0
466161,Total students enrolled for credit,311,80,231,1,0,1,10,5,5,47,12,35,23,3,20,1,1,0,163,37,126,4,2,2,20,4,16,42,16,26
466161,Undergraduate students,311,80,231,1,0,1,10,5,5,47,12,35,23,3,20,1,1,0,163,37,126,4,2,2,20,4,16,42,16,26
466170,Total students enrolled for credit,360,60,300,4,1,3,2,2,0,133,18,115,5,1,4,2,0,2,181,31,150,5,0,5,28,7,21,0,0,0
466170,Undergraduate students,360,60,300,4,1,3,2,2,0,133,18,115,5,1,4,2,0,2,181,31,150,5,0,5,28,7,21,0,0,0
466189,Total students enrolled for credit,332,147,185,2,0,2,12,7,5,73,35,38,48,26,22,11,5,6,156,65,91,4,1,3,25,8,17,1,0,1
466189,Undergraduate students,332,147,185,2,0,2,12,7,5,73,35,38,48,26,22,11,5,6,156,65,91,4,1,3,25,8,17,1,0,1
466523,Total students enrolled for credit,162,21,141,1,0,1,0,0,0,35,9,26,69,6,63,0,0,0,45,5,40,7,0,7,5,1,4,0,0,0
466523,Undergraduate students,162,21,141,1,0,1,0,0,0,35,9,26,69,6,63,0,0,0,45,5,40,7,0,7,5,1,4,0,0,0
466921,Total students enrolled for credit,715,65,650,2,0,2,10,4,6,85,5,80,19,3,16,2,0,2,545,49,496,8,0,8,44,4,40,0,0,0
466921,Undergraduate students,715,65,650,2,0,2,10,4,6,85,5,80,19,3,16,2,0,2,545,49,496,8,0,8,44,4,40,0,0,0
466930,Total students enrolled for credit,1189,178,1011,0,0,0,185,44,141,415,63,352,227,26,201,8,0,8,256,33,223,7,1,6,85,10,75,6,1,5
466930,Undergraduate students,1189,178,1011,0,0,0,185,44,141,415,63,352,227,26,201,8,0,8,256,33,223,7,1,6,85,10,75,6,1,5
467094,Total students enrolled for credit,392,14,378,3,0,3,8,0,8,87,2,85,14,1,13,1,0,1,264,11,253,13,0,13,2,0,2,0,0,0
467094,Undergraduate students,392,14,378,3,0,3,8,0,8,87,2,85,14,1,13,1,0,1,264,11,253,13,0,13,2,0,2,0,0,0
467368,Total students enrolled for credit,440,52,388,1,0,1,15,2,13,12,3,9,284,34,250,3,1,2,116,11,105,6,1,5,3,0,3,0,0,0
467368,Undergraduate students,440,52,388,1,0,1,15,2,13,12,3,9,284,34,250,3,1,2,116,11,105,6,1,5,3,0,3,0,0,0
467784,Total students enrolled for credit,595,63,532,1,0,1,1,0,1,513,52,461,38,6,32,3,1,2,15,1,14,5,1,4,19,2,17,0,0,0
467784,Undergraduate students,595,63,532,1,0,1,1,0,1,513,52,461,38,6,32,3,1,2,15,1,14,5,1,4,19,2,17,0,0,0
467793,Total students enrolled for credit,50,11,39,1,0,1,1,0,1,2,1,1,7,2,5,1,0,1,38,8,30,0,0,0,0,0,0,0,0,0
467793,Undergraduate students,50,11,39,1,0,1,1,0,1,2,1,1,7,2,5,1,0,1,38,8,30,0,0,0,0,0,0,0,0,0
467863,Total students enrolled for credit,339,35,304,2,1,1,2,0,2,124,21,103,15,2,13,0,0,0,184,10,174,12,1,11,0,0,0,0,0,0
467863,Undergraduate students,339,35,304,2,1,1,2,0,2,124,21,103,15,2,13,0,0,0,184,10,174,12,1,11,0,0,0,0,0,0
467872,Total students enrolled for credit,272,7,265,2,0,2,4,0,4,75,3,72,13,0,13,0,0,0,166,4,162,11,0,11,0,0,0,1,0,1
467872,Undergraduate students,272,7,265,2,0,2,4,0,4,75,3,72,13,0,13,0,0,0,166,4,162,11,0,11,0,0,0,1,0,1
467906,Total students enrolled for credit,225,10,215,0,0,0,0,0,0,39,1,38,6,0,6,1,0,1,176,9,167,3,0,3,0,0,0,0,0,0
467906,Undergraduate students,225,10,215,0,0,0,0,0,0,39,1,38,6,0,6,1,0,1,176,9,167,3,0,3,0,0,0,0,0,0
468006,Total students enrolled for credit,19,10,9,0,0,0,1,0,1,13,8,5,1,1,0,0,0,0,4,1,3,0,0,0,0,0,0,0,0,0
468006,Graduate student,19,10,9,0,0,0,1,0,1,13,8,5,1,1,0,0,0,0,4,1,3,0,0,0,0,0,0,0,0,0
468015,Total students enrolled for credit,76,47,29,0,0,0,0,0,0,8,6,2,27,17,10,1,1,0,37,21,16,2,1,1,1,1,0,0,0,0
468015,Undergraduate students,76,47,29,0,0,0,0,0,0,8,6,2,27,17,10,1,1,0,37,21,16,2,1,1,1,1,0,0,0,0
468024,Total students enrolled for credit,786,140,646,6,2,4,33,9,24,357,58,299,17,7,10,4,0,4,345,60,285,0,0,0,20,4,16,4,0,4
468024,Undergraduate students,534,87,447,5,2,3,13,6,7,262,36,226,10,4,6,3,0,3,227,37,190,0,0,0,11,2,9,3,0,3
468024,Graduate student,252,53,199,1,0,1,20,3,17,95,22,73,7,3,4,1,0,1,118,23,95,0,0,0,9,2,7,1,0,1
468246,Total students enrolled for credit,259,29,230,4,0,4,3,0,3,14,5,9,29,6,23,1,1,0,186,15,171,16,1,15,6,1,5,0,0,0
468246,Undergraduate students,259,29,230,4,0,4,3,0,3,14,5,9,29,6,23,1,1,0,186,15,171,16,1,15,6,1,5,0,0,0
468255,Total students enrolled for credit,106,5,101,2,0,2,3,0,3,4,1,3,13,1,12,1,0,1,79,3,76,3,0,3,1,0,1,0,0,0
468255,Undergraduate students,106,5,101,2,0,2,3,0,3,4,1,3,13,1,12,1,0,1,79,3,76,3,0,3,1,0,1,0,0,0
468398,Total students enrolled for credit,224,86,138,1,0,1,2,1,1,125,50,75,13,6,7,0,0,0,55,21,34,21,6,15,7,2,5,0,0,0
468398,Undergraduate students,224,86,138,1,0,1,2,1,1,125,50,75,13,6,7,0,0,0,55,21,34,21,6,15,7,2,5,0,0,0
468705,Total students enrolled for credit,113,10,103,0,0,0,36,10,26,36,0,36,2,0,2,0,0,0,39,0,39,0,0,0,0,0,0,0,0,0
468705,Undergraduate students,113,10,103,0,0,0,36,10,26,36,0,36,2,0,2,0,0,0,39,0,39,0,0,0,0,0,0,0,0,0
468732,Total students enrolled for credit,237,44,193,0,0,0,1,0,1,45,7,38,145,30,115,0,0,0,19,2,17,13,4,9,14,1,13,0,0,0
468732,Undergraduate students,237,44,193,0,0,0,1,0,1,45,7,38,145,30,115,0,0,0,19,2,17,13,4,9,14,1,13,0,0,0
468769,Total students enrolled for credit,215,82,133,0,0,0,1,0,1,1,1,0,208,79,129,0,0,0,2,1,1,2,0,2,1,1,0,0,0,0
468769,Undergraduate students,215,82,133,0,0,0,1,0,1,1,1,0,208,79,129,0,0,0,2,1,1,2,0,2,1,1,0,0,0,0
468848,Total students enrolled for credit,500,173,327,5,2,3,14,7,7,50,27,23,288,89,199,10,1,9,110,37,73,22,9,13,1,1,0,0,0,0
468848,Undergraduate students,500,173,327,5,2,3,14,7,7,50,27,23,288,89,199,10,1,9,110,37,73,22,9,13,1,1,0,0,0,0
468875,Total students enrolled for credit,153,5,148,0,0,0,7,0,7,44,1,43,98,2,96,0,0,0,4,2,2,0,0,0,0,0,0,0,0,0
468875,Undergraduate students,153,5,148,0,0,0,7,0,7,44,1,43,98,2,96,0,0,0,4,2,2,0,0,0,0,0,0,0,0,0
468893,Total students enrolled for credit,260,10,250,0,0,0,6,0,6,112,4,108,11,2,9,0,0,0,127,4,123,2,0,2,2,0,2,0,0,0
468893,Undergraduate students,260,10,250,0,0,0,6,0,6,112,4,108,11,2,9,0,0,0,127,4,123,2,0,2,2,0,2,0,0,0
468909,Total students enrolled for credit,834,340,494,4,3,1,22,15,7,43,23,20,629,244,385,8,4,4,105,44,61,18,5,13,5,2,3,0,0,0
468909,Undergraduate students,834,340,494,4,3,1,22,15,7,43,23,20,629,244,385,8,4,4,105,44,61,18,5,13,5,2,3,0,0,0
468963,Total students enrolled for credit,637,600,37,0,0,0,10,10,0,108,105,3,259,248,11,0,0,0,241,220,21,4,3,1,13,12,1,2,2,0
468963,Undergraduate students,637,600,37,0,0,0,10,10,0,108,105,3,259,248,11,0,0,0,241,220,21,4,3,1,13,12,1,2,2,0
469124,Total students enrolled for credit,599,197,402,4,1,3,17,6,11,113,47,66,176,56,120,7,3,4,189,53,136,39,14,25,53,16,37,1,1,0
469124,Undergraduate students,599,197,402,4,1,3,17,6,11,113,47,66,176,56,120,7,3,4,189,53,136,39,14,25,53,16,37,1,1,0
469133,Total students enrolled for credit,485,112,373,27,3,24,5,4,1,73,23,50,122,27,95,4,0,4,208,47,161,20,4,16,26,4,22,0,0,0
469133,Undergraduate students,485,112,373,27,3,24,5,4,1,73,23,50,122,27,95,4,0,4,208,47,161,20,4,16,26,4,22,0,0,0
469142,Total students enrolled for credit,623,133,490,10,1,9,9,2,7,67,20,47,209,51,158,2,0,2,215,40,175,20,2,18,91,17,74,0,0,0
469142,Undergraduate students,623,133,490,10,1,9,9,2,7,67,20,47,209,51,158,2,0,2,215,40,175,20,2,18,91,17,74,0,0,0
469151,Total students enrolled for credit,200,51,149,4,3,1,1,1,0,6,2,4,54,8,46,0,0,0,108,29,79,8,1,7,19,7,12,0,0,0
469151,Undergraduate students,200,51,149,4,3,1,1,1,0,6,2,4,54,8,46,0,0,0,108,29,79,8,1,7,19,7,12,0,0,0
469160,Total students enrolled for credit,316,107,209,2,0,2,7,5,2,70,19,51,70,26,44,1,0,1,117,45,72,17,5,12,31,6,25,1,1,0
469160,Undergraduate students,316,107,209,2,0,2,7,5,2,70,19,51,70,26,44,1,0,1,117,45,72,17,5,12,31,6,25,1,1,0
469416,Total students enrolled for credit,905,257,648,0,0,0,0,0,0,0,0,0,905,257,648,0,0,0,0,0,0,0,0,0,0,0,0,0,0,0
469416,Undergraduate students,905,257,648,0,0,0,0,0,0,0,0,0,905,257,648,0,0,0,0,0,0,0,0,0,0,0,0,0,0,0
469586,Total students enrolled for credit,166,41,125,2,1,1,3,0,3,12,3,9,13,3,10,0,0,0,106,29,77,6,1,5,24,4,20,0,0,0
469586,Undergraduate students,166,41,125,2,1,1,3,0,3,12,3,9,13,3,10,0,0,0,106,29,77,6,1,5,24,4,20,0,0,0
469610,Total students enrolled for credit,579,45,534,8,0,8,1,0,1,60,2,58,136,16,120,1,0,1,57,7,50,15,2,13,298,18,280,3,0,3
469610,Undergraduate students,579,45,534,8,0,8,1,0,1,60,2,58,136,16,120,1,0,1,57,7,50,15,2,13,298,18,280,3,0,3
469629,Total students enrolled for credit,288,275,13,54,51,3,2,2,0,35,35,0,19,19,0,1,1,0,159,151,8,4,3,1,14,13,1,0,0,0
469629,Undergraduate students,288,275,13,54,51,3,2,2,0,35,35,0,19,19,0,1,1,0,159,151,8,4,3,1,14,13,1,0,0,0
469638,Total students enrolled for credit,436,220,216,1,0,1,4,2,2,68,28,40,52,24,28,0,0,0,298,161,137,11,4,7,2,1,1,0,0,0
469638,Undergraduate students,436,220,216,1,0,1,4,2,2,68,28,40,52,24,28,0,0,0,298,161,137,11,4,7,2,1,1,0,0,0
469911,Total students enrolled for credit,433,37,396,0,0,0,0,0,0,258,18,240,0,0,0,0,0,0,147,17,130,1,0,1,27,2,25,0,0,0
469911,Undergraduate students,433,37,396,0,0,0,0,0,0,258,18,240,0,0,0,0,0,0,147,17,130,1,0,1,27,2,25,0,0,0
469920,Total students enrolled for credit,350,28,322,1,1,0,2,0,2,195,15,180,2,0,2,0,0,0,109,10,99,0,0,0,41,2,39,0,0,0
469920,Undergraduate students,350,28,322,1,1,0,2,0,2,195,15,180,2,0,2,0,0,0,109,10,99,0,0,0,41,2,39,0,0,0
469957,Total students enrolled for credit,273,13,260,0,0,0,8,0,8,43,3,40,76,2,74,3,1,2,108,5,103,21,1,20,12,1,11,2,0,2
469957,Undergraduate students,273,13,260,0,0,0,8,0,8,43,3,40,76,2,74,3,1,2,108,5,103,21,1,20,12,1,11,2,0,2
470038,Total students enrolled for credit,1296,510,786,7,5,2,15,5,10,214,87,127,862,334,528,14,5,9,149,56,93,24,12,12,11,6,5,0,0,0
470038,Undergraduate students,1296,510,786,7,5,2,15,5,10,214,87,127,862,334,528,14,5,9,149,56,93,24,12,12,11,6,5,0,0,0
470047,Total students enrolled for credit,59,20,39,1,0,1,4,2,2,3,1,2,6,4,2,0,0,0,45,13,32,0,0,0,0,0,0,0,0,0
470047,Undergraduate students,59,20,39,1,0,1,4,2,2,3,1,2,6,4,2,0,0,0,45,13,32,0,0,0,0,0,0,0,0,0
470092,Total students enrolled for credit,123,55,68,1,0,1,9,3,6,31,13,18,25,10,15,1,1,0,52,25,27,1,0,1,3,3,0,0,0,0
470092,Undergraduate students,123,55,68,1,0,1,9,3,6,31,13,18,25,10,15,1,1,0,52,25,27,1,0,1,3,3,0,0,0,0
470162,Total students enrolled for credit,376,98,278,3,1,2,2,0,2,317,82,235,9,2,7,1,0,1,42,13,29,0,0,0,2,0,2,0,0,0
470162,Undergraduate students,376,98,278,3,1,2,2,0,2,317,82,235,9,2,7,1,0,1,42,13,29,0,0,0,2,0,2,0,0,0
470296,Total students enrolled for credit,32,6,26,0,0,0,0,0,0,1,1,0,22,4,18,0,0,0,9,1,8,0,0,0,0,0,0,0,0,0
470296,Undergraduate students,32,6,26,0,0,0,0,0,0,1,1,0,22,4,18,0,0,0,9,1,8,0,0,0,0,0,0,0,0,0
470393,Total students enrolled for credit,134,24,110,1,1,0,8,3,5,66,11,55,18,2,16,0,0,0,35,7,28,4,0,4,1,0,1,1,0,1
470393,Undergraduate students,134,24,110,1,1,0,8,3,5,66,11,55,18,2,16,0,0,0,35,7,28,4,0,4,1,0,1,1,0,1
474863,Total students enrolled for credit,3247,877,2370,12,2,10,221,66,155,531,132,399,1298,352,946,42,12,30,915,252,663,32,9,23,194,51,143,2,1,1
474863,Undergraduate students,2784,743,2041,8,2,6,191,54,137,445,105,340,1124,308,816,35,10,25,785,213,572,26,6,20,168,44,124,2,1,1
474863,Graduate student,463,134,329,4,0,4,30,12,18,86,27,59,174,44,130,7,2,5,130,39,91,6,3,3,26,7,19,0,0,0
474881,Total students enrolled for credit,109,84,25,2,1,1,4,2,2,17,12,5,9,8,1,0,0,0,61,48,13,6,5,1,10,8,2,0,0,0
474881,Undergraduate students,109,84,25,2,1,1,4,2,2,17,12,5,9,8,1,0,0,0,61,48,13,6,5,1,10,8,2,0,0,0
474890,Total students enrolled for credit,837,279,558,50,8,42,4,1,3,116,41,75,318,102,216,6,1,5,245,97,148,71,19,52,27,10,17,0,0,0
474890,Undergraduate students,837,279,558,50,8,42,4,1,3,116,41,75,318,102,216,6,1,5,245,97,148,71,19,52,27,10,17,0,0,0
474906,Total students enrolled for credit,165,35,130,8,1,7,0,0,0,1,0,1,33,6,27,0,0,0,104,26,78,13,1,12,6,1,5,0,0,0
474906,Undergraduate students,165,35,130,8,1,7,0,0,0,1,0,1,33,6,27,0,0,0,104,26,78,13,1,12,6,1,5,0,0,0
474915,Total students enrolled for credit,547,28,519,10,0,10,14,2,12,42,2,40,170,13,157,0,0,0,286,10,276,7,0,7,18,1,17,0,0,0
474915,Undergraduate students,547,28,519,10,0,10,14,2,12,42,2,40,170,13,157,0,0,0,286,10,276,7,0,7,18,1,17,0,0,0
474924,Total students enrolled for credit,261,6,255,4,0,4,2,0,2,7,0,7,36,2,34,0,0,0,206,4,202,3,0,3,3,0,3,0,0,0
474924,Undergraduate students,261,6,255,4,0,4,2,0,2,7,0,7,36,2,34,0,0,0,206,4,202,3,0,3,3,0,3,0,0,0
474933,Total students enrolled for credit,95,11,84,0,0,0,0,0,0,13,2,11,23,2,21,2,0,2,52,6,46,3,1,2,1,0,1,1,0,1
474933,Undergraduate students,95,11,84,0,0,0,0,0,0,13,2,11,23,2,21,2,0,2,52,6,46,3,1,2,1,0,1,1,0,1
474942,Total students enrolled for credit,135,4,131,0,0,0,0,0,0,28,0,28,30,2,28,0,0,0,68,2,66,5,0,5,2,0,2,2,0,2
474942,Undergraduate students,135,4,131,0,0,0,0,0,0,28,0,28,30,2,28,0,0,0,68,2,66,5,0,5,2,0,2,2,0,2
474997,Total students enrolled for credit,608,283,325,2,2,0,8,8,0,427,209,218,32,8,24,0,0,0,131,53,78,6,1,5,2,2,0,0,0,0
474997,Undergraduate students,608,283,325,2,2,0,8,8,0,427,209,218,32,8,24,0,0,0,131,53,78,6,1,5,2,2,0,0,0,0
475015,Total students enrolled for credit,232,6,226,0,0,0,3,0,3,8,0,8,17,0,17,1,0,1,176,3,173,7,0,7,20,3,17,0,0,0
475015,Undergraduate students,232,6,226,0,0,0,3,0,3,8,0,8,17,0,17,1,0,1,176,3,173,7,0,7,20,3,17,0,0,0
475024,Total students enrolled for credit,369,157,212,0,0,0,3,2,1,199,82,117,70,28,42,0,0,0,61,29,32,10,4,6,26,12,14,0,0,0
475024,Undergraduate students,369,157,212,0,0,0,3,2,1,199,82,117,70,28,42,0,0,0,61,29,32,10,4,6,26,12,14,0,0,0
475033,Total students enrolled for credit,2581,728,1853,3,0,3,85,23,62,674,172,502,383,119,264,3,0,3,722,237,485,48,15,33,588,138,450,75,24,51
475033,Undergraduate students,232,51,181,0,0,0,5,1,4,59,12,47,25,6,19,0,0,0,58,15,43,1,0,1,81,15,66,3,2,1
475033,Graduate student,2349,677,1672,3,0,3,80,22,58,615,160,455,358,113,245,3,0,3,664,222,442,47,15,32,507,123,384,72,22,50
475042,Total students enrolled for credit,169,20,149,10,0,10,10,4,6,72,10,62,16,1,15,1,0,1,59,4,55,0,0,0,1,1,0,0,0,0
475042,Undergraduate students,169,20,149,10,0,10,10,4,6,72,10,62,16,1,15,1,0,1,59,4,55,0,0,0,1,1,0,0,0,0
475060,Total students enrolled for credit,857,154,703,7,1,6,2,0,2,726,139,587,10,2,8,0,0,0,85,8,77,7,0,7,19,4,15,1,0,1
475060,Undergraduate students,857,154,703,7,1,6,2,0,2,726,139,587,10,2,8,0,0,0,85,8,77,7,0,7,19,4,15,1,0,1
475079,Total students enrolled for credit,25,2,23,0,0,0,0,0,0,9,2,7,1,0,1,0,0,0,14,0,14,1,0,1,0,0,0,0,0,0
475079,Undergraduate students,25,2,23,0,0,0,0,0,0,9,2,7,1,0,1,0,0,0,14,0,14,1,0,1,0,0,0,0,0,0
475097,Total students enrolled for credit,268,123,145,0,0,0,71,31,40,11,3,8,54,32,22,1,0,1,104,46,58,18,6,12,9,5,4,0,0,0
475097,Undergraduate students,268,123,145,0,0,0,71,31,40,11,3,8,54,32,22,1,0,1,104,46,58,18,6,12,9,5,4,0,0,0
475121,Total students enrolled for credit,13629,2566,11063,189,34,155,329,46,283,4741,773,3968,1489,338,1151,70,16,54,6093,1102,4991,0,0,0,669,245,424,49,12,37
475121,Undergraduate students,7818,1639,6179,122,21,101,69,15,54,3011,563,2448,831,192,639,48,12,36,3433,722,2711,0,0,0,294,110,184,10,4,6
475121,Graduate student,5811,927,4884,67,13,54,260,31,229,1730,210,1520,658,146,512,22,4,18,2660,380,2280,0,0,0,375,135,240,39,8,31
475130,Total students enrolled for credit,382,16,366,1,0,1,3,0,3,224,10,214,0,0,0,0,0,0,66,2,64,1,0,1,87,4,83,0,0,0
475130,Undergraduate students,382,16,366,1,0,1,3,0,3,224,10,214,0,0,0,0,0,0,66,2,64,1,0,1,87,4,83,0,0,0
475185,Total students enrolled for credit,190,100,90,0,0,0,2,1,1,2,1,1,17,6,11,0,0,0,31,14,17,0,0,0,0,0,0,138,78,60
475185,Undergraduate students,190,100,90,0,0,0,2,1,1,2,1,1,17,6,11,0,0,0,31,14,17,0,0,0,0,0,0,138,78,60
475194,Total students enrolled for credit,635,74,561,1,1,0,10,3,7,249,29,220,14,4,10,0,0,0,321,30,291,25,4,21,15,3,12,0,0,0
475194,Undergraduate students,635,74,561,1,1,0,10,3,7,249,29,220,14,4,10,0,0,0,321,30,291,25,4,21,15,3,12,0,0,0
475200,Total students enrolled for credit,358,101,257,8,2,6,1,0,1,10,8,2,23,7,16,2,0,2,297,82,215,8,0,8,8,2,6,1,0,1
475200,Undergraduate students,358,101,257,8,2,6,1,0,1,10,8,2,23,7,16,2,0,2,297,82,215,8,0,8,8,2,6,1,0,1
475228,Total students enrolled for credit,100,41,59,0,0,0,1,1,0,3,1,2,37,14,23,0,0,0,47,23,24,3,0,3,9,2,7,0,0,0
475228,Graduate student,100,41,59,0,0,0,1,1,0,3,1,2,37,14,23,0,0,0,47,23,24,3,0,3,9,2,7,0,0,0
475255,Total students enrolled for credit,102,62,40,0,0,0,0,0,0,54,28,26,9,3,6,0,0,0,38,31,7,0,0,0,0,0,0,1,0,1
475255,Undergraduate students,102,62,40,0,0,0,0,0,0,54,28,26,9,3,6,0,0,0,38,31,7,0,0,0,0,0,0,1,0,1
475273,Total students enrolled for credit,1844,424,1420,8,0,8,13,7,6,991,239,752,338,65,273,0,0,0,392,95,297,51,13,38,43,4,39,8,1,7
475273,Undergraduate students,1287,284,1003,3,0,3,5,3,2,685,150,535,264,53,211,0,0,0,256,65,191,35,10,25,34,3,31,5,0,5
475273,Graduate student,557,140,417,5,0,5,8,4,4,306,89,217,74,12,62,0,0,0,136,30,106,16,3,13,9,1,8,3,1,2
475282,Total students enrolled for credit,157,43,114,0,0,0,67,25,42,10,3,7,51,6,45,6,3,3,20,6,14,1,0,1,0,0,0,2,0,2
475282,Undergraduate students,157,43,114,0,0,0,67,25,42,10,3,7,51,6,45,6,3,3,20,6,14,1,0,1,0,0,0,2,0,2
475325,Total students enrolled for credit,649,100,549,7,0,7,58,19,39,252,34,218,203,26,177,13,3,10,100,15,85,8,1,7,4,1,3,4,1,3
475325,Undergraduate students,649,100,549,7,0,7,58,19,39,252,34,218,203,26,177,13,3,10,100,15,85,8,1,7,4,1,3,4,1,3
475352,Total students enrolled for credit,929,179,750,3,2,1,8,1,7,666,112,554,26,7,19,1,1,0,156,41,115,16,4,12,53,11,42,0,0,0
475352,Undergraduate students,929,179,750,3,2,1,8,1,7,666,112,554,26,7,19,1,1,0,156,41,115,16,4,12,53,11,42,0,0,0
475370,Total students enrolled for credit,1105,212,893,0,0,0,4,0,4,757,150,607,39,7,32,0,0,0,140,25,115,12,2,10,153,28,125,0,0,0
475370,Undergraduate students,1105,212,893,0,0,0,4,0,4,757,150,607,39,7,32,0,0,0,140,25,115,12,2,10,153,28,125,0,0,0
475389,Total students enrolled for credit,56,2,54,1,0,1,0,0,0,1,0,1,1,0,1,0,0,0,41,2,39,5,0,5,7,0,7,0,0,0
475389,Undergraduate students,56,2,54,1,0,1,0,0,0,1,0,1,1,0,1,0,0,0,41,2,39,5,0,5,7,0,7,0,0,0
475398,Total students enrolled for credit,269,133,136,0,0,0,12,5,7,7,4,3,14,9,5,0,0,0,160,74,86,2,2,0,74,39,35,0,0,0
475398,Undergraduate students,136,66,70,0,0,0,9,4,5,2,1,1,10,6,4,0,0,0,84,37,47,1,1,0,30,17,13,0,0,0
475398,Graduate student,133,67,66,0,0,0,3,1,2,5,3,2,4,3,1,0,0,0,76,37,39,1,1,0,44,22,22,0,0,0
475404,Total students enrolled for credit,151,2,149,1,0,1,6,0,6,15,1,14,43,0,43,0,0,0,54,0,54,5,0,5,27,1,26,0,0,0
475404,Undergraduate students,151,2,149,1,0,1,6,0,6,15,1,14,43,0,43,0,0,0,54,0,54,5,0,5,27,1,26,0,0,0
475413,Total students enrolled for credit,72,11,61,0,0,0,1,0,1,8,6,2,5,0,5,0,0,0,57,4,53,0,0,0,1,1,0,0,0,0
475413,Undergraduate students,72,11,61,0,0,0,1,0,1,8,6,2,5,0,5,0,0,0,57,4,53,0,0,0,1,1,0,0,0,0
475422,Total students enrolled for credit,131,10,121,0,0,0,0,0,0,24,3,21,2,1,1,0,0,0,105,6,99,0,0,0,0,0,0,0,0,0
475422,Undergraduate students,131,10,121,0,0,0,0,0,0,24,3,21,2,1,1,0,0,0,105,6,99,0,0,0,0,0,0,0,0,0
475431,Total students enrolled for credit,272,26,246,0,0,0,2,2,0,83,10,73,30,4,26,0,0,0,157,10,147,0,0,0,0,0,0,0,0,0
475431,Undergraduate students,272,26,246,0,0,0,2,2,0,83,10,73,30,4,26,0,0,0,157,10,147,0,0,0,0,0,0,0,0,0
475459,Total students enrolled for credit,792,408,384,6,5,1,4,2,2,676,345,331,12,10,2,0,0,0,94,46,48,0,0,0,0,0,0,0,0,0
475459,Undergraduate students,792,408,384,6,5,1,4,2,2,676,345,331,12,10,2,0,0,0,94,46,48,0,0,0,0,0,0,0,0,0
475468,Total students enrolled for credit,203,9,194,0,0,0,4,0,4,14,1,13,68,1,67,0,0,0,95,3,92,5,0,5,15,3,12,2,1,1
475468,Undergraduate students,203,9,194,0,0,0,4,0,4,14,1,13,68,1,67,0,0,0,95,3,92,5,0,5,15,3,12,2,1,1
475477,Total students enrolled for credit,403,90,313,3,1,2,3,2,1,160,43,117,138,30,108,1,0,1,83,13,70,15,1,14,0,0,0,0,0,0
475477,Undergraduate students,403,90,313,3,1,2,3,2,1,160,43,117,138,30,108,1,0,1,83,13,70,15,1,14,0,0,0,0,0,0
475486,Total students enrolled for credit,434,13,421,1,0,1,8,2,6,129,3,126,117,6,111,2,0,2,160,2,158,15,0,15,0,0,0,2,0,2
475486,Undergraduate students,434,13,421,1,0,1,8,2,6,129,3,126,117,6,111,2,0,2,160,2,158,15,0,15,0,0,0,2,0,2
475495,Total students enrolled for credit,727,274,453,3,1,2,30,7,23,69,5,64,43,20,23,0,0,0,560,232,328,14,5,9,8,4,4,0,0,0
475495,Graduate student,727,274,453,3,1,2,30,7,23,69,5,64,43,20,23,0,0,0,560,232,328,14,5,9,8,4,4,0,0,0
475510,Total students enrolled for credit,66,5,61,0,0,0,5,0,5,0,0,0,2,1,1,0,0,0,32,1,31,0,0,0,1,0,1,26,3,23
475510,Graduate student,66,5,61,0,0,0,5,0,5,0,0,0,2,1,1,0,0,0,32,1,31,0,0,0,1,0,1,26,3,23
475538,Total students enrolled for credit,65,3,62,0,0,0,0,0,0,29,3,26,4,0,4,0,0,0,30,0,30,1,0,1,1,0,1,0,0,0
475538,Undergraduate students,65,3,62,0,0,0,0,0,0,29,3,26,4,0,4,0,0,0,30,0,30,1,0,1,1,0,1,0,0,0
475547,Total students enrolled for credit,194,32,162,0,0,0,0,0,0,8,2,6,35,14,21,0,0,0,121,9,112,29,7,22,0,0,0,1,0,1
475547,Undergraduate students,194,32,162,0,0,0,0,0,0,8,2,6,35,14,21,0,0,0,121,9,112,29,7,22,0,0,0,1,0,1
475556,Total students enrolled for credit,224,13,211,0,0,0,1,0,1,90,3,87,14,2,12,0,0,0,115,8,107,2,0,2,2,0,2,0,0,0
475556,Undergraduate students,224,13,211,0,0,0,1,0,1,90,3,87,14,2,12,0,0,0,115,8,107,2,0,2,2,0,2,0,0,0
475565,Total students enrolled for credit,1139,527,612,2,1,1,41,19,22,264,109,155,702,334,368,1,1,0,72,39,33,16,7,9,0,0,0,41,17,24
475565,Undergraduate students,1139,527,612,2,1,1,41,19,22,264,109,155,702,334,368,1,1,0,72,39,33,16,7,9,0,0,0,41,17,24
475574,Total students enrolled for credit,120,67,53,0,0,0,0,0,0,115,66,49,1,0,1,0,0,0,3,1,2,1,0,1,0,0,0,0,0,0
475574,Undergraduate students,120,67,53,0,0,0,0,0,0,115,66,49,1,0,1,0,0,0,3,1,2,1,0,1,0,0,0,0,0,0
475583,Total students enrolled for credit,118,32,86,0,0,0,0,0,0,47,13,34,0,0,0,0,0,0,60,16,44,6,0,6,5,3,2,0,0,0
475583,Undergraduate students,118,32,86,0,0,0,0,0,0,47,13,34,0,0,0,0,0,0,60,16,44,6,0,6,5,3,2,0,0,0
475592,Total students enrolled for credit,46,4,42,4,2,2,2,0,2,25,1,24,2,0,2,0,0,0,9,0,9,1,0,1,3,1,2,0,0,0
475592,Undergraduate students,46,4,42,4,2,2,2,0,2,25,1,24,2,0,2,0,0,0,9,0,9,1,0,1,3,1,2,0,0,0
475608,Total students enrolled for credit,333,231,102,2,2,0,6,6,0,72,53,19,40,26,14,0,0,0,167,113,54,0,0,0,31,20,11,15,11,4
475608,Undergraduate students,257,184,73,2,2,0,4,4,0,45,37,8,36,24,12,0,0,0,139,96,43,0,0,0,26,17,9,5,4,1
475608,Graduate student,76,47,29,0,0,0,2,2,0,27,16,11,4,2,2,0,0,0,28,17,11,0,0,0,5,3,2,10,7,3
475617,Total students enrolled for credit,822,140,682,1,0,1,0,0,0,142,27,115,16,4,12,0,0,0,470,79,391,20,4,16,173,26,147,0,0,0
475617,Undergraduate students,822,140,682,1,0,1,0,0,0,142,27,115,16,4,12,0,0,0,470,79,391,20,4,16,173,26,147,0,0,0
475626,Total students enrolled for credit,75,2,73,1,0,1,0,0,0,68,2,66,0,0,0,0,0,0,4,0,4,1,0,1,1,0,1,0,0,0
475626,Undergraduate students,75,2,73,1,0,1,0,0,0,68,2,66,0,0,0,0,0,0,4,0,4,1,0,1,1,0,1,0,0,0
475635,Total students enrolled for credit,36,8,28,0,0,0,1,0,1,15,3,12,4,4,0,0,0,0,9,1,8,0,0,0,0,0,0,7,0,7
475635,Undergraduate students,36,8,28,0,0,0,1,0,1,15,3,12,4,4,0,0,0,0,9,1,8,0,0,0,0,0,0,7,0,7
475644,Total students enrolled for credit,53,17,36,0,0,0,0,0,0,0,0,0,53,17,36,0,0,0,0,0,0,0,0,0,0,0,0,0,0,0
475644,Undergraduate students,53,17,36,0,0,0,0,0,0,0,0,0,53,17,36,0,0,0,0,0,0,0,0,0,0,0,0,0,0,0
475653,Total students enrolled for credit,66,3,63,1,0,1,1,0,1,30,2,28,0,0,0,0,0,0,29,1,28,5,0,5,0,0,0,0,0,0
475653,Undergraduate students,66,3,63,1,0,1,1,0,1,30,2,28,0,0,0,0,0,0,29,1,28,5,0,5,0,0,0,0,0,0
475662,Total students enrolled for credit,191,7,184,0,0,0,0,0,0,0,0,0,182,7,175,0,0,0,8,0,8,0,0,0,0,0,0,1,0,1
475662,Undergraduate students,191,7,184,0,0,0,0,0,0,0,0,0,182,7,175,0,0,0,8,0,8,0,0,0,0,0,0,1,0,1
475699,Total students enrolled for credit,156,26,130,0,0,0,2,1,1,48,11,37,3,0,3,0,0,0,96,14,82,5,0,5,2,0,2,0,0,0
475699,Undergraduate students,156,26,130,0,0,0,2,1,1,48,11,37,3,0,3,0,0,0,96,14,82,5,0,5,2,0,2,0,0,0
475705,Total students enrolled for credit,24,6,18,0,0,0,8,2,6,1,1,0,9,3,6,0,0,0,4,0,4,2,0,2,0,0,0,0,0,0
475705,Undergraduate students,24,6,18,0,0,0,8,2,6,1,1,0,9,3,6,0,0,0,4,0,4,2,0,2,0,0,0,0,0,0
475714,Total students enrolled for credit,665,494,171,0,0,0,0,0,0,23,20,3,550,410,140,24,18,6,65,44,21,3,2,1,0,0,0,0,0,0
475714,Undergraduate students,665,494,171,0,0,0,0,0,0,23,20,3,550,410,140,24,18,6,65,44,21,3,2,1,0,0,0,0,0,0
475723,Total students enrolled for credit,805,393,412,10,4,6,6,1,5,9,6,3,101,51,50,7,5,2,614,310,304,12,4,8,46,12,34,0,0,0
475723,Undergraduate students,805,393,412,10,4,6,6,1,5,9,6,3,101,51,50,7,5,2,614,310,304,12,4,8,46,12,34,0,0,0
475732,Total students enrolled for credit,1376,136,1240,3,1,2,107,17,90,587,52,535,83,9,74,2,0,2,382,39,343,14,2,12,186,16,170,12,0,12
475732,Undergraduate students,1376,136,1240,3,1,2,107,17,90,587,52,535,83,9,74,2,0,2,382,39,343,14,2,12,186,16,170,12,0,12
475741,Total students enrolled for credit,369,31,338,0,0,0,8,1,7,95,6,89,16,2,14,0,0,0,220,21,199,2,0,2,28,1,27,0,0,0
475741,Undergraduate students,369,31,338,0,0,0,8,1,7,95,6,89,16,2,14,0,0,0,220,21,199,2,0,2,28,1,27,0,0,0
475750,Total students enrolled for credit,222,29,193,1,1,0,6,1,5,99,21,78,72,4,68,0,0,0,40,2,38,4,0,4,0,0,0,0,0,0
475750,Undergraduate students,222,29,193,1,1,0,6,1,5,99,21,78,72,4,68,0,0,0,40,2,38,4,0,4,0,0,0,0,0,0
475811,Total students enrolled for credit,1353,690,663,0,0,0,0,0,0,0,0,0,1334,681,653,0,0,0,0,0,0,0,0,0,0,0,0,19,9,10
475811,Graduate student,1353,690,663,0,0,0,0,0,0,0,0,0,1334,681,653,0,0,0,0,0,0,0,0,0,0,0,0,19,9,10
475839,Total students enrolled for credit,263,93,170,2,0,2,6,1,5,55,27,28,15,4,11,0,0,0,155,52,103,13,3,10,17,6,11,0,0,0
475839,Undergraduate students,263,93,170,2,0,2,6,1,5,55,27,28,15,4,11,0,0,0,155,52,103,13,3,10,17,6,11,0,0,0
475866,Total students enrolled for credit,963,127,836,0,0,0,2,0,2,728,81,647,29,4,25,0,0,0,142,35,107,3,1,2,59,6,53,0,0,0
475866,Undergraduate students,963,127,836,0,0,0,2,0,2,728,81,647,29,4,25,0,0,0,142,35,107,3,1,2,59,6,53,0,0,0
476063,Total students enrolled for credit,262,249,13,0,0,0,7,7,0,122,113,9,24,22,2,1,1,0,95,93,2,8,8,0,5,5,0,0,0,0
476063,Undergraduate students,262,249,13,0,0,0,7,7,0,122,113,9,24,22,2,1,1,0,95,93,2,8,8,0,5,5,0,0,0,0
476179,Total students enrolled for credit,254,7,247,1,0,1,4,0,4,145,5,140,11,0,11,0,0,0,44,2,42,14,0,14,35,0,35,0,0,0
476179,Undergraduate students,254,7,247,1,0,1,4,0,4,145,5,140,11,0,11,0,0,0,44,2,42,14,0,14,35,0,35,0,0,0
476230,Total students enrolled for credit,127,10,117,0,0,0,1,1,0,10,1,9,1,0,1,0,0,0,114,8,106,1,0,1,0,0,0,0,0,0
476230,Undergraduate students,127,10,117,0,0,0,1,1,0,10,1,9,1,0,1,0,0,0,114,8,106,1,0,1,0,0,0,0,0,0
476294,Total students enrolled for credit,225,22,203,3,2,1,3,0,3,4,1,3,57,8,49,1,0,1,149,11,138,8,0,8,0,0,0,0,0,0
476294,Undergraduate students,225,22,203,3,2,1,3,0,3,4,1,3,57,8,49,1,0,1,149,11,138,8,0,8,0,0,0,0,0,0
476337,Total students enrolled for credit,159,154,5,1,1,0,4,4,0,12,12,0,16,16,0,0,0,0,112,107,5,1,1,0,13,13,0,0,0,0
476337,Undergraduate students,159,154,5,1,1,0,4,4,0,12,12,0,16,16,0,0,0,0,112,107,5,1,1,0,13,13,0,0,0,0
476346,Total students enrolled for credit,535,117,418,4,1,3,11,2,9,173,48,125,122,20,102,1,0,1,154,34,120,15,4,11,55,8,47,0,0,0
476346,Undergraduate students,535,117,418,4,1,3,11,2,9,173,48,125,122,20,102,1,0,1,154,34,120,15,4,11,55,8,47,0,0,0
476355,Total students enrolled for credit,169,86,83,0,0,0,17,8,9,6,4,2,17,8,9,0,0,0,81,45,36,0,0,0,4,0,4,44,21,23
476355,Undergraduate students,169,86,83,0,0,0,17,8,9,6,4,2,17,8,9,0,0,0,81,45,36,0,0,0,4,0,4,44,21,23
476470,Total students enrolled for credit,217,85,132,5,2,3,20,8,12,5,2,3,59,15,44,0,0,0,71,39,32,14,6,8,43,13,30,0,0,0
476470,Undergraduate students,217,85,132,5,2,3,20,8,12,5,2,3,59,15,44,0,0,0,71,39,32,14,6,8,43,13,30,0,0,0
476489,Total students enrolled for credit,199,156,43,0,0,0,0,0,0,188,147,41,7,5,2,0,0,0,0,0,0,0,0,0,4,4,0,0,0,0
476489,Undergraduate students,199,156,43,0,0,0,0,0,0,188,147,41,7,5,2,0,0,0,0,0,0,0,0,0,4,4,0,0,0,0
476498,Total students enrolled for credit,350,282,68,0,0,0,0,0,0,1,1,0,346,279,67,0,0,0,3,2,1,0,0,0,0,0,0,0,0,0
476498,Undergraduate students,350,282,68,0,0,0,0,0,0,1,1,0,346,279,67,0,0,0,3,2,1,0,0,0,0,0,0,0,0,0
476513,Total students enrolled for credit,86,2,84,1,0,1,3,0,3,3,0,3,25,2,23,2,0,2,42,0,42,9,0,9,1,0,1,0,0,0
476513,Undergraduate students,86,2,84,1,0,1,3,0,3,3,0,3,25,2,23,2,0,2,42,0,42,9,0,9,1,0,1,0,0,0
476522,Total students enrolled for credit,272,18,254,0,0,0,0,0,0,0,0,0,258,17,241,0,0,0,0,0,0,2,0,2,0,0,0,12,1,11
476522,Undergraduate students,272,18,254,0,0,0,0,0,0,0,0,0,258,17,241,0,0,0,0,0,0,2,0,2,0,0,0,12,1,11
476531,Total students enrolled for credit,58,29,29,0,0,0,0,0,0,1,1,0,1,1,0,0,0,0,56,27,29,0,0,0,0,0,0,0,0,0
476531,Undergraduate students,58,29,29,0,0,0,0,0,0,1,1,0,1,1,0,0,0,0,56,27,29,0,0,0,0,0,0,0,0,0
476540,Total students enrolled for credit,147,11,136,0,0,0,2,0,2,11,2,9,112,8,104,0,0,0,9,0,9,0,0,0,13,1,12,0,0,0
476540,Undergraduate students,147,11,136,0,0,0,2,0,2,11,2,9,112,8,104,0,0,0,9,0,9,0,0,0,13,1,12,0,0,0
476559,Total students enrolled for credit,181,12,169,0,0,0,6,0,6,13,0,13,127,8,119,0,0,0,22,1,21,3,1,2,10,2,8,0,0,0
476559,Undergraduate students,181,12,169,0,0,0,6,0,6,13,0,13,127,8,119,0,0,0,22,1,21,3,1,2,10,2,8,0,0,0
476568,Total students enrolled for credit,25,18,7,0,0,0,0,0,0,22,16,6,2,2,0,0,0,0,1,0,1,0,0,0,0,0,0,0,0,0
476568,Undergraduate students,25,18,7,0,0,0,0,0,0,22,16,6,2,2,0,0,0,0,1,0,1,0,0,0,0,0,0,0,0,0
476586,Total students enrolled for credit,170,2,168,2,0,2,4,0,4,5,0,5,42,0,42,0,0,0,107,2,105,6,0,6,4,0,4,0,0,0
476586,Undergraduate students,170,2,168,2,0,2,4,0,4,5,0,5,42,0,42,0,0,0,107,2,105,6,0,6,4,0,4,0,0,0
476595,Total students enrolled for credit,115,16,99,1,0,1,18,2,16,13,3,10,82,11,71,0,0,0,1,0,1,0,0,0,0,0,0,0,0,0
476595,Undergraduate students,115,16,99,1,0,1,18,2,16,13,3,10,82,11,71,0,0,0,1,0,1,0,0,0,0,0,0,0,0,0
476601,Total students enrolled for credit,60,60,0,0,0,0,0,0,0,0,0,0,0,0,0,0,0,0,55,55,0,0,0,0,0,0,0,5,5,0
476601,Undergraduate students,60,60,0,0,0,0,0,0,0,0,0,0,0,0,0,0,0,0,55,55,0,0,0,0,0,0,0,5,5,0
476610,Total students enrolled for credit,103,81,22,3,3,0,1,1,0,57,49,8,24,17,7,0,0,0,14,8,6,3,2,1,0,0,0,1,1,0
476610,Undergraduate students,103,81,22,3,3,0,1,1,0,57,49,8,24,17,7,0,0,0,14,8,6,3,2,1,0,0,0,1,1,0
476629,Total students enrolled for credit,137,7,130,1,0,1,1,0,1,5,0,5,9,1,8,1,0,1,108,6,102,11,0,11,1,0,1,0,0,0
476629,Undergraduate students,137,7,130,1,0,1,1,0,1,5,0,5,9,1,8,1,0,1,108,6,102,11,0,11,1,0,1,0,0,0
476674,Total students enrolled for credit,78,7,71,0,0,0,0,0,0,3,0,3,64,6,58,0,0,0,8,1,7,0,0,0,3,0,3,0,0,0
476674,Undergraduate students,78,7,71,0,0,0,0,0,0,3,0,3,64,6,58,0,0,0,8,1,7,0,0,0,3,0,3,0,0,0
476683,Total students enrolled for credit,298,28,270,1,1,0,3,1,2,221,16,205,10,1,9,0,0,0,47,5,42,8,1,7,8,3,5,0,0,0
476683,Undergraduate students,298,28,270,1,1,0,3,1,2,221,16,205,10,1,9,0,0,0,47,5,42,8,1,7,8,3,5,0,0,0
476692,Total students enrolled for credit,21,21,0,0,0,0,0,0,0,0,0,0,0,0,0,0,0,0,19,19,0,0,0,0,0,0,0,2,2,0
476692,Undergraduate students,21,21,0,0,0,0,0,0,0,0,0,0,0,0,0,0,0,0,19,19,0,0,0,0,0,0,0,2,2,0
476708,Total students enrolled for credit,209,175,34,2,2,0,10,9,1,19,18,1,60,51,9,9,8,1,81,65,16,25,20,5,1,1,0,2,1,1
476708,Undergraduate students,209,175,34,2,2,0,10,9,1,19,18,1,60,51,9,9,8,1,81,65,16,25,20,5,1,1,0,2,1,1
476717,Total students enrolled for credit,592,592,0,0,0,0,0,0,0,0,0,0,0,0,0,0,0,0,577,577,0,0,0,0,0,0,0,15,15,0
476717,Undergraduate students,592,592,0,0,0,0,0,0,0,0,0,0,0,0,0,0,0,0,577,577,0,0,0,0,0,0,0,15,15,0
476726,Total students enrolled for credit,505,94,411,1,0,1,4,3,1,0,0,0,497,89,408,0,0,0,2,1,1,0,0,0,1,1,0,0,0,0
476726,Undergraduate students,505,94,411,1,0,1,4,3,1,0,0,0,497,89,408,0,0,0,2,1,1,0,0,0,1,1,0,0,0,0
476735,Total students enrolled for credit,75,31,44,0,0,0,1,1,0,11,4,7,34,16,18,0,0,0,29,10,19,0,0,0,0,0,0,0,0,0
476735,Undergraduate students,75,31,44,0,0,0,1,1,0,11,4,7,34,16,18,0,0,0,29,10,19,0,0,0,0,0,0,0,0,0
476744,Total students enrolled for credit,94,5,89,0,0,0,0,0,0,4,2,2,31,0,31,3,1,2,55,2,53,0,0,0,0,0,0,1,0,1
476744,Undergraduate students,94,5,89,0,0,0,0,0,0,4,2,2,31,0,31,3,1,2,55,2,53,0,0,0,0,0,0,1,0,1
476753,Total students enrolled for credit,249,14,235,7,0,7,3,0,3,6,0,6,110,5,105,0,0,0,104,7,97,14,1,13,5,1,4,0,0,0
476753,Undergraduate students,249,14,235,7,0,7,3,0,3,6,0,6,110,5,105,0,0,0,104,7,97,14,1,13,5,1,4,0,0,0
476771,Total students enrolled for credit,49,40,9,0,0,0,0,0,0,35,27,8,6,6,0,0,0,0,7,6,1,0,0,0,1,1,0,0,0,0
476771,Undergraduate students,49,40,9,0,0,0,0,0,0,35,27,8,6,6,0,0,0,0,7,6,1,0,0,0,1,1,0,0,0,0
476780,Total students enrolled for credit,405,43,362,0,0,0,355,36,319,0,0,0,14,1,13,0,0,0,0,0,0,0,0,0,2,0,2,34,6,28
476780,Undergraduate students,405,43,362,0,0,0,355,36,319,0,0,0,14,1,13,0,0,0,0,0,0,0,0,0,2,0,2,34,6,28
476799,Total students enrolled for credit,200,39,161,0,0,0,112,22,90,2,0,2,19,2,17,7,0,7,12,2,10,1,0,1,47,13,34,0,0,0
476799,Undergraduate students,200,39,161,0,0,0,112,22,90,2,0,2,19,2,17,7,0,7,12,2,10,1,0,1,47,13,34,0,0,0
476805,Total students enrolled for credit,75,2,73,0,0,0,0,0,0,19,0,19,0,0,0,0,0,0,56,2,54,0,0,0,0,0,0,0,0,0
476805,Undergraduate students,75,2,73,0,0,0,0,0,0,19,0,19,0,0,0,0,0,0,56,2,54,0,0,0,0,0,0,0,0,0
476814,Total students enrolled for credit,298,254,44,0,0,0,2,2,0,100,85,15,92,80,12,1,1,0,90,77,13,6,3,3,7,6,1,0,0,0
476814,Undergraduate students,298,254,44,0,0,0,2,2,0,100,85,15,92,80,12,1,1,0,90,77,13,6,3,3,7,6,1,0,0,0
476823,Total students enrolled for credit,88,2,86,4,0,4,2,0,2,3,0,3,9,0,9,2,0,2,63,2,61,0,0,0,5,0,5,0,0,0
476823,Undergraduate students,88,2,86,4,0,4,2,0,2,3,0,3,9,0,9,2,0,2,63,2,61,0,0,0,5,0,5,0,0,0
476841,Total students enrolled for credit,302,30,272,6,1,5,1,0,1,15,1,14,63,9,54,3,1,2,211,17,194,2,0,2,1,1,0,0,0,0
476841,Undergraduate students,302,30,272,6,1,5,1,0,1,15,1,14,63,9,54,3,1,2,211,17,194,2,0,2,1,1,0,0,0,0
476850,Total students enrolled for credit,106,79,27,5,1,4,0,0,0,4,4,0,36,34,2,0,0,0,50,32,18,4,2,2,7,6,1,0,0,0
476850,Undergraduate students,106,79,27,5,1,4,0,0,0,4,4,0,36,34,2,0,0,0,50,32,18,4,2,2,7,6,1,0,0,0
476869,Total students enrolled for credit,259,9,250,14,1,13,0,0,0,4,0,4,47,1,46,2,0,2,192,7,185,0,0,0,0,0,0,0,0,0
476869,Undergraduate students,259,9,250,14,1,13,0,0,0,4,0,4,47,1,46,2,0,2,192,7,185,0,0,0,0,0,0,0,0,0
476878,Total students enrolled for credit,123,3,120,0,0,0,0,0,0,9,1,8,1,0,1,0,0,0,113,2,111,0,0,0,0,0,0,0,0,0
476878,Undergraduate students,123,3,120,0,0,0,0,0,0,9,1,8,1,0,1,0,0,0,113,2,111,0,0,0,0,0,0,0,0,0
476887,Total students enrolled for credit,343,7,336,1,0,1,7,0,7,196,4,192,20,0,20,0,0,0,67,3,64,7,0,7,45,0,45,0,0,0
476887,Undergraduate students,343,7,336,1,0,1,7,0,7,196,4,192,20,0,20,0,0,0,67,3,64,7,0,7,45,0,45,0,0,0
476896,Total students enrolled for credit,138,8,130,0,0,0,0,0,0,1,1,0,48,5,43,0,0,0,81,1,80,7,0,7,1,1,0,0,0,0
476896,Undergraduate students,138,8,130,0,0,0,0,0,0,1,1,0,48,5,43,0,0,0,81,1,80,7,0,7,1,1,0,0,0,0
476902,Total students enrolled for credit,79,10,69,0,0,0,0,0,0,21,1,20,11,0,11,0,0,0,45,8,37,2,1,1,0,0,0,0,0,0
476902,Undergraduate students,79,10,69,0,0,0,0,0,0,21,1,20,11,0,11,0,0,0,45,8,37,2,1,1,0,0,0,0,0,0
476911,Total students enrolled for credit,301,257,44,2,1,1,15,12,3,78,62,16,106,97,9,1,0,1,66,57,9,21,17,4,12,11,1,0,0,0
476911,Undergraduate students,301,257,44,2,1,1,15,12,3,78,62,16,106,97,9,1,0,1,66,57,9,21,17,4,12,11,1,0,0,0
476939,Total students enrolled for credit,445,61,384,0,0,0,1,0,1,4,0,4,437,59,378,0,0,0,3,2,1,0,0,0,0,0,0,0,0,0
476939,Undergraduate students,445,61,384,0,0,0,1,0,1,4,0,4,437,59,378,0,0,0,3,2,1,0,0,0,0,0,0,0,0,0
476948,Total students enrolled for credit,673,569,104,5,3,2,0,0,0,581,491,90,19,17,2,2,2,0,46,42,4,14,9,5,4,3,1,2,2,0
476948,Undergraduate students,673,569,104,5,3,2,0,0,0,581,491,90,19,17,2,2,2,0,46,42,4,14,9,5,4,3,1,2,2,0
476957,Total students enrolled for credit,13,1,12,0,0,0,0,0,0,0,0,0,3,0,3,0,0,0,10,1,9,0,0,0,0,0,0,0,0,0
476957,Undergraduate students,13,1,12,0,0,0,0,0,0,0,0,0,3,0,3,0,0,0,10,1,9,0,0,0,0,0,0,0,0,0
476966,Total students enrolled for credit,375,346,29,2,2,0,2,2,0,178,162,16,142,133,9,0,0,0,41,37,4,8,8,0,1,1,0,1,1,0
476966,Undergraduate students,375,346,29,2,2,0,2,2,0,178,162,16,142,133,9,0,0,0,41,37,4,8,8,0,1,1,0,1,1,0
476975,Total students enrolled for credit,17898,7730,10168,109,47,62,688,290,398,1336,521,815,2222,914,1308,64,16,48,12089,5283,6806,488,199,289,838,419,419,64,41,23
476975,Undergraduate students,12682,5749,6933,72,32,40,482,216,266,832,356,476,1666,723,943,46,11,35,8603,3930,4673,357,157,200,581,296,285,43,28,15
476975,Graduate student,5216,1981,3235,37,15,22,206,74,132,504,165,339,556,191,365,18,5,13,3486,1353,2133,131,42,89,257,123,134,21,13,8
476984,Total students enrolled for credit,280,15,265,0,0,0,4,1,3,30,2,28,13,1,12,0,0,0,136,8,128,78,2,76,18,1,17,1,0,1
476984,Undergraduate students,280,15,265,0,0,0,4,1,3,30,2,28,13,1,12,0,0,0,136,8,128,78,2,76,18,1,17,1,0,1
476993,Total students enrolled for credit,259,1,258,1,0,1,2,0,2,0,0,0,23,0,23,1,0,1,220,1,219,10,0,10,2,0,2,0,0,0
476993,Undergraduate students,259,1,258,1,0,1,2,0,2,0,0,0,23,0,23,1,0,1,220,1,219,10,0,10,2,0,2,0,0,0
477002,Total students enrolled for credit,55,3,52,0,0,0,2,0,2,2,2,0,0,0,0,0,0,0,50,1,49,0,0,0,1,0,1,0,0,0
477002,Undergraduate students,55,3,52,0,0,0,2,0,2,2,2,0,0,0,0,0,0,0,50,1,49,0,0,0,1,0,1,0,0,0
477039,Total students enrolled for credit,827,130,697,5,0,5,144,43,101,227,30,197,154,10,144,3,0,3,254,44,210,39,3,36,1,0,1,0,0,0
477039,Undergraduate students,811,125,686,4,0,4,144,43,101,225,29,196,152,10,142,3,0,3,243,40,203,39,3,36,1,0,1,0,0,0
477039,Graduate student,16,5,11,1,0,1,0,0,0,2,1,1,2,0,2,0,0,0,11,4,7,0,0,0,0,0,0,0,0,0
477950,Total students enrolled for credit,194,59,135,11,2,9,2,1,1,6,2,4,26,8,18,3,2,1,134,37,97,8,4,4,4,3,1,0,0,0
477950,Undergraduate students,194,59,135,11,2,9,2,1,1,6,2,4,26,8,18,3,2,1,134,37,97,8,4,4,4,3,1,0,0,0
477996,Total students enrolled for credit,185,41,144,2,0,2,2,1,1,50,13,37,7,1,6,1,1,0,111,22,89,5,1,4,7,2,5,0,0,0
477996,Undergraduate students,185,41,144,2,0,2,2,1,1,50,13,37,7,1,6,1,1,0,111,22,89,5,1,4,7,2,5,0,0,0
478005,Total students enrolled for credit,190,54,136,0,0,0,10,3,7,58,19,39,6,2,4,0,0,0,95,27,68,4,0,4,17,3,14,0,0,0
478005,Undergraduate students,190,54,136,0,0,0,10,3,7,58,19,39,6,2,4,0,0,0,95,27,68,4,0,4,17,3,14,0,0,0
478014,Total students enrolled for credit,185,49,136,0,0,0,0,0,0,112,23,89,16,7,9,0,0,0,37,13,24,3,0,3,17,6,11,0,0,0
478014,Undergraduate students,185,49,136,0,0,0,0,0,0,112,23,89,16,7,9,0,0,0,37,13,24,3,0,3,17,6,11,0,0,0
478582,Total students enrolled for credit,186,8,178,2,0,2,0,0,0,103,5,98,21,0,21,1,0,1,30,2,28,3,0,3,26,1,25,0,0,0
478582,Undergraduate students,186,8,178,2,0,2,0,0,0,103,5,98,21,0,21,1,0,1,30,2,28,3,0,3,26,1,25,0,0,0
478591,Total students enrolled for credit,254,17,237,2,2,0,2,0,2,28,3,25,41,1,40,0,0,0,158,9,149,19,2,17,4,0,4,0,0,0
478591,Undergraduate students,254,17,237,2,2,0,2,0,2,28,3,25,41,1,40,0,0,0,158,9,149,19,2,17,4,0,4,0,0,0
478616,Total students enrolled for credit,144,5,139,0,0,0,0,0,0,97,3,94,13,0,13,0,0,0,24,2,22,1,0,1,9,0,9,0,0,0
478616,Undergraduate students,144,5,139,0,0,0,0,0,0,97,3,94,13,0,13,0,0,0,24,2,22,1,0,1,9,0,9,0,0,0
478634,Total students enrolled for credit,460,231,229,7,3,4,20,11,9,61,36,25,177,66,111,10,2,8,127,84,43,43,20,23,15,9,6,0,0,0
478634,Undergraduate students,460,231,229,7,3,4,20,11,9,61,36,25,177,66,111,10,2,8,127,84,43,43,20,23,15,9,6,0,0,0
478661,Total students enrolled for credit,236,61,175,1,0,1,6,1,5,87,32,55,65,18,47,0,0,0,67,9,58,2,0,2,8,1,7,0,0,0
478661,Undergraduate students,236,61,175,1,0,1,6,1,5,87,32,55,65,18,47,0,0,0,67,9,58,2,0,2,8,1,7,0,0,0
478917,Total students enrolled for credit,89,1,88,2,0,2,0,0,0,3,0,3,9,0,9,0,0,0,70,1,69,5,0,5,0,0,0,0,0,0
478917,Undergraduate students,89,1,88,2,0,2,0,0,0,3,0,3,9,0,9,0,0,0,70,1,69,5,0,5,0,0,0,0,0,0
478953,Total students enrolled for credit,289,19,270,1,0,1,6,1,5,29,4,25,22,0,22,2,0,2,197,8,189,31,6,25,1,0,1,0,0,0
478953,Undergraduate students,289,19,270,1,0,1,6,1,5,29,4,25,22,0,22,2,0,2,197,8,189,31,6,25,1,0,1,0,0,0
479053,Total students enrolled for credit,231,55,176,6,1,5,11,5,6,23,8,15,24,5,19,1,0,1,117,25,92,10,1,9,39,10,29,0,0,0
479053,Undergraduate students,231,55,176,6,1,5,11,5,6,23,8,15,24,5,19,1,0,1,117,25,92,10,1,9,39,10,29,0,0,0
479062,Total students enrolled for credit,13,13,0,0,0,0,0,0,0,0,0,0,2,2,0,0,0,0,10,10,0,0,0,0,1,1,0,0,0,0
479062,Undergraduate students,13,13,0,0,0,0,0,0,0,0,0,0,2,2,0,0,0,0,10,10,0,0,0,0,1,1,0,0,0,0
479248,Total students enrolled for credit,289,92,197,0,0,0,81,26,55,4,2,2,59,9,50,0,0,0,89,36,53,10,2,8,0,0,0,46,17,29
479248,Undergraduate students,289,92,197,0,0,0,81,26,55,4,2,2,59,9,50,0,0,0,89,36,53,10,2,8,0,0,0,46,17,29
479424,Total students enrolled for credit,316,46,270,2,0,2,66,12,54,20,0,20,44,4,40,6,0,6,11,1,10,3,1,2,164,28,136,0,0,0
479424,Undergraduate students,316,46,270,2,0,2,66,12,54,20,0,20,44,4,40,6,0,6,11,1,10,3,1,2,164,28,136,0,0,0
479956,Total students enrolled for credit,19301,9839,9462,48,26,22,869,455,414,1416,648,768,1704,833,871,45,24,21,13145,6766,6379,659,290,369,689,337,352,726,460,266
479956,Undergraduate students,11412,5623,5789,35,21,14,445,227,218,905,409,496,1091,510,581,32,16,16,7725,3861,3864,416,167,249,456,213,243,307,199,108
479956,Graduate student,7889,4216,3673,13,5,8,424,228,196,511,239,272,613,323,290,13,8,5,5420,2905,2515,243,123,120,233,124,109,419,261,158
479965,Total students enrolled for credit,225,32,193,0,0,0,3,0,3,57,6,51,20,6,14,0,0,0,145,20,125,0,0,0,0,0,0,0,0,0
479965,Undergraduate students,225,32,193,0,0,0,3,0,3,57,6,51,20,6,14,0,0,0,145,20,125,0,0,0,0,0,0,0,0,0
479974,Total students enrolled for credit,145,72,73,1,1,0,2,1,1,20,10,10,99,54,45,0,0,0,15,3,12,0,0,0,8,3,5,0,0,0
479974,Undergraduate students,145,72,73,1,1,0,2,1,1,20,10,10,99,54,45,0,0,0,15,3,12,0,0,0,8,3,5,0,0,0
479983,Total students enrolled for credit,138,12,126,1,0,1,2,0,2,3,0,3,38,6,32,0,0,0,84,5,79,8,0,8,1,1,0,1,0,1
479983,Undergraduate students,138,12,126,1,0,1,2,0,2,3,0,3,38,6,32,0,0,0,84,5,79,8,0,8,1,1,0,1,0,1
479992,Total students enrolled for credit,67,65,2,0,0,0,12,11,1,3,3,0,21,20,1,10,10,0,21,21,0,0,0,0,0,0,0,0,0,0
479992,Undergraduate students,67,65,2,0,0,0,12,11,1,3,3,0,21,20,1,10,10,0,21,21,0,0,0,0,0,0,0,0,0,0
480000,Total students enrolled for credit,74,53,21,1,1,0,2,2,0,29,19,10,26,21,5,2,1,1,10,5,5,4,4,0,0,0,0,0,0,0
480000,Undergraduate students,74,53,21,1,1,0,2,2,0,29,19,10,26,21,5,2,1,1,10,5,5,4,4,0,0,0,0,0,0,0
480019,Total students enrolled for credit,695,653,42,10,8,2,17,17,0,59,56,3,350,336,14,2,2,0,240,218,22,1,1,0,16,15,1,0,0,0
480019,Undergraduate students,695,653,42,10,8,2,17,17,0,59,56,3,350,336,14,2,2,0,240,218,22,1,1,0,16,15,1,0,0,0
480028,Total students enrolled for credit,214,169,45,0,0,0,17,14,3,63,51,12,63,53,10,0,0,0,37,28,9,0,0,0,0,0,0,34,23,11
480028,Undergraduate students,214,169,45,0,0,0,17,14,3,63,51,12,63,53,10,0,0,0,37,28,9,0,0,0,0,0,0,34,23,11
480037,Total students enrolled for credit,1933,1654,279,19,16,3,34,31,3,606,475,131,231,217,14,0,0,0,922,818,104,3,3,0,118,94,24,0,0,0
480037,Undergraduate students,1933,1654,279,19,16,3,34,31,3,606,475,131,231,217,14,0,0,0,922,818,104,3,3,0,118,94,24,0,0,0
480064,Total students enrolled for credit,725,105,620,2,1,1,1,0,1,6,3,3,19,4,15,0,0,0,682,96,586,1,0,1,13,1,12,1,0,1
480064,Undergraduate students,649,92,557,2,1,1,1,0,1,5,2,3,14,4,10,0,0,0,614,84,530,1,0,1,12,1,11,0,0,0
480064,Graduate student,76,13,63,0,0,0,0,0,0,1,1,0,5,0,5,0,0,0,68,12,56,0,0,0,1,0,1,1,0,1
480073,Total students enrolled for credit,749,191,558,7,1,6,25,8,17,176,38,138,247,60,187,6,3,3,273,74,199,0,0,0,11,5,6,4,2,2
480073,Undergraduate students,677,174,503,5,1,4,23,7,16,161,36,125,231,55,176,6,3,3,238,67,171,0,0,0,10,4,6,3,1,2
480073,Graduate student,72,17,55,2,0,2,2,1,1,15,2,13,16,5,11,0,0,0,35,7,28,0,0,0,1,1,0,1,1,0
480082,Total students enrolled for credit,645,124,521,4,2,2,8,3,5,450,80,370,24,2,22,1,0,1,140,31,109,0,0,0,17,5,12,1,1,0
480082,Undergraduate students,544,96,448,2,1,1,8,3,5,381,60,321,22,2,20,1,0,1,114,25,89,0,0,0,16,5,11,0,0,0
480082,Graduate student,101,28,73,2,1,1,0,0,0,69,20,49,2,0,2,0,0,0,26,6,20,0,0,0,1,0,1,1,1,0
480091,Total students enrolled for credit,9447,1330,8117,67,12,55,96,13,83,3606,485,3121,548,87,461,11,5,6,4551,655,3896,381,34,347,185,39,146,2,0,2
480091,Undergraduate students,9447,1330,8117,67,12,55,96,13,83,3606,485,3121,548,87,461,11,5,6,4551,655,3896,381,34,347,185,39,146,2,0,2
480107,Total students enrolled for credit,560,38,522,1,0,1,0,0,0,400,34,366,6,0,6,0,0,0,85,2,83,10,1,9,58,1,57,0,0,0
480107,Undergraduate students,560,38,522,1,0,1,0,0,0,400,34,366,6,0,6,0,0,0,85,2,83,10,1,9,58,1,57,0,0,0
480125,Total students enrolled for credit,411,24,387,2,0,2,2,0,2,46,2,44,184,11,173,1,0,1,55,4,51,24,1,23,97,6,91,0,0,0
480125,Undergraduate students,411,24,387,2,0,2,2,0,2,46,2,44,184,11,173,1,0,1,55,4,51,24,1,23,97,6,91,0,0,0
480134,Total students enrolled for credit,729,268,461,3,3,0,10,3,7,50,17,33,41,12,29,1,0,1,618,231,387,1,0,1,1,1,0,4,1,3
480134,Undergraduate students,576,201,375,1,1,0,5,1,4,49,17,32,35,8,27,1,0,1,481,172,309,1,0,1,1,1,0,2,1,1
480134,Graduate student,153,67,86,2,2,0,5,2,3,1,0,1,6,4,2,0,0,0,137,59,78,0,0,0,0,0,0,2,0,2
480161,Total students enrolled for credit,25,5,20,0,0,0,4,2,2,9,2,7,0,0,0,0,0,0,11,1,10,0,0,0,1,0,1,0,0,0
480161,Undergraduate students,25,5,20,0,0,0,4,2,2,9,2,7,0,0,0,0,0,0,11,1,10,0,0,0,1,0,1,0,0,0
480170,Total students enrolled for credit,131,5,126,2,0,2,12,0,12,22,1,21,13,1,12,0,0,0,73,3,70,7,0,7,2,0,2,0,0,0
480170,Undergraduate students,131,5,126,2,0,2,12,0,12,22,1,21,13,1,12,0,0,0,73,3,70,7,0,7,2,0,2,0,0,0
480189,Total students enrolled for credit,850,315,535,6,3,3,17,6,11,146,61,85,33,15,18,2,1,1,616,215,401,0,0,0,24,10,14,6,4,2
480189,Undergraduate students,850,315,535,6,3,3,17,6,11,146,61,85,33,15,18,2,1,1,616,215,401,0,0,0,24,10,14,6,4,2
480198,Total students enrolled for credit,916,265,651,13,2,11,28,8,20,108,26,82,76,18,58,8,0,8,568,167,401,21,5,16,93,39,54,1,0,1
480198,Undergraduate students,748,217,531,13,2,11,21,5,16,94,23,71,61,16,45,8,0,8,453,136,317,18,3,15,80,32,48,0,0,0
480198,Graduate student,168,48,120,0,0,0,7,3,4,14,3,11,15,2,13,0,0,0,115,31,84,3,2,1,13,7,6,1,0,1
480204,Total students enrolled for credit,671,125,546,5,1,4,6,2,4,72,19,53,373,75,298,4,0,4,157,20,137,46,7,39,8,1,7,0,0,0
480204,Undergraduate students,671,125,546,5,1,4,6,2,4,72,19,53,373,75,298,4,0,4,157,20,137,46,7,39,8,1,7,0,0,0
480301,Total students enrolled for credit,141,52,89,4,1,3,4,0,4,23,6,17,8,1,7,1,0,1,95,41,54,0,0,0,6,3,3,0,0,0
480301,Graduate student,141,52,89,4,1,3,4,0,4,23,6,17,8,1,7,1,0,1,95,41,54,0,0,0,6,3,3,0,0,0
480310,Total students enrolled for credit,209,15,194,1,0,1,3,0,3,120,11,109,5,0,5,0,0,0,53,4,49,5,0,5,22,0,22,0,0,0
480310,Undergraduate students,209,15,194,1,0,1,3,0,3,120,11,109,5,0,5,0,0,0,53,4,49,5,0,5,22,0,22,0,0,0
480329,Total students enrolled for credit,418,35,383,3,1,2,19,4,15,179,14,165,140,9,131,2,0,2,44,3,41,28,4,24,3,0,3,0,0,0
480329,Undergraduate students,418,35,383,3,1,2,19,4,15,179,14,165,140,9,131,2,0,2,44,3,41,28,4,24,3,0,3,0,0,0
480347,Total students enrolled for credit,104,6,98,1,0,1,2,0,2,7,0,7,26,2,24,0,0,0,63,2,61,0,0,0,5,2,3,0,0,0
480347,Undergraduate students,104,6,98,1,0,1,2,0,2,7,0,7,26,2,24,0,0,0,63,2,61,0,0,0,5,2,3,0,0,0
480471,Total students enrolled for credit,784,159,625,5,0,5,49,8,41,161,32,129,423,89,334,17,5,12,97,19,78,29,6,23,3,0,3,0,0,0
480471,Undergraduate students,784,159,625,5,0,5,49,8,41,161,32,129,423,89,334,17,5,12,97,19,78,29,6,23,3,0,3,0,0,0
480499,Total students enrolled for credit,58,36,22,2,1,1,0,0,0,6,3,3,0,0,0,1,1,0,39,24,15,0,0,0,1,1,0,9,6,3
480499,Undergraduate students,22,12,10,0,0,0,0,0,0,0,0,0,0,0,0,1,1,0,18,10,8,0,0,0,0,0,0,3,1,2
480499,Graduate student,36,24,12,2,1,1,0,0,0,6,3,3,0,0,0,0,0,0,21,14,7,0,0,0,1,1,0,6,5,1
480514,Total students enrolled for credit,493,156,337,1,0,1,2,0,2,221,82,139,4,1,3,0,0,0,244,66,178,15,5,10,6,2,4,0,0,0
480514,Undergraduate students,493,156,337,1,0,1,2,0,2,221,82,139,4,1,3,0,0,0,244,66,178,15,5,10,6,2,4,0,0,0
480523,Total students enrolled for credit,132,6,126,0,0,0,0,0,0,39,3,36,3,0,3,0,0,0,86,3,83,3,0,3,1,0,1,0,0,0
480523,Undergraduate students,132,6,126,0,0,0,0,0,0,39,3,36,3,0,3,0,0,0,86,3,83,3,0,3,1,0,1,0,0,0
480532,Total students enrolled for credit,197,14,183,0,0,0,0,0,0,35,5,30,4,0,4,0,0,0,155,9,146,3,0,3,0,0,0,0,0,0
480532,Undergraduate students,197,14,183,0,0,0,0,0,0,35,5,30,4,0,4,0,0,0,155,9,146,3,0,3,0,0,0,0,0,0
480550,Total students enrolled for credit,191,11,180,0,0,0,0,0,0,27,2,25,2,0,2,0,0,0,158,9,149,2,0,2,1,0,1,1,0,1
480550,Undergraduate students,191,11,180,0,0,0,0,0,0,27,2,25,2,0,2,0,0,0,158,9,149,2,0,2,1,0,1,1,0,1
480569,Total students enrolled for credit,4966,2332,2634,43,17,26,156,90,66,1151,472,679,578,272,306,26,11,15,2422,1182,1240,1,1,0,513,241,272,76,46,30
480569,Undergraduate students,3366,1435,1931,32,14,18,55,31,24,765,284,481,429,187,242,15,3,12,1693,745,948,0,0,0,331,142,189,46,29,17
480569,Graduate student,1600,897,703,11,3,8,101,59,42,386,188,198,149,85,64,11,8,3,729,437,292,1,1,0,182,99,83,30,17,13
480657,Total students enrolled for credit,555,107,448,23,1,22,9,3,6,107,21,86,0,0,0,0,0,0,351,70,281,2,1,1,63,11,52,0,0,0
480657,Undergraduate students,555,107,448,23,1,22,9,3,6,107,21,86,0,0,0,0,0,0,351,70,281,2,1,1,63,11,52,0,0,0
480693,Total students enrolled for credit,174,65,109,0,0,0,64,21,43,9,2,7,37,11,26,0,0,0,50,23,27,3,0,3,0,0,0,11,8,3
480693,Undergraduate students,174,65,109,0,0,0,64,21,43,9,2,7,37,11,26,0,0,0,50,23,27,3,0,3,0,0,0,11,8,3
480727,Total students enrolled for credit,53,51,2,0,0,0,0,0,0,1,1,0,0,0,0,0,0,0,49,47,2,0,0,0,0,0,0,3,3,0
480727,Undergraduate students,53,51,2,0,0,0,0,0,0,1,1,0,0,0,0,0,0,0,49,47,2,0,0,0,0,0,0,3,3,0
480736,Total students enrolled for credit,37,25,12,0,0,0,0,0,0,11,5,6,21,18,3,0,0,0,5,2,3,0,0,0,0,0,0,0,0,0
480736,Undergraduate students,37,25,12,0,0,0,0,0,0,11,5,6,21,18,3,0,0,0,5,2,3,0,0,0,0,0,0,0,0,0
480781,Total students enrolled for credit,301,211,90,1,1,0,13,8,5,37,33,4,53,38,15,1,1,0,36,22,14,14,12,2,3,1,2,143,95,48
480781,Undergraduate students,118,97,21,1,1,0,3,3,0,26,24,2,43,35,8,1,1,0,15,12,3,14,12,2,0,0,0,15,9,6
480781,Graduate student,183,114,69,0,0,0,10,5,5,11,9,2,10,3,7,0,0,0,21,10,11,0,0,0,3,1,2,128,86,42
480790,Total students enrolled for credit,809,485,324,3,2,1,50,28,22,10,4,6,23,13,10,1,1,0,565,339,226,91,60,31,58,34,24,8,4,4
480790,Graduate student,809,485,324,3,2,1,50,28,22,10,4,6,23,13,10,1,1,0,565,339,226,91,60,31,58,34,24,8,4,4
480815,Total students enrolled for credit,695,113,582,1,1,0,5,2,3,457,72,385,30,2,28,2,0,2,79,13,66,13,0,13,108,23,85,0,0,0
480815,Undergraduate students,695,113,582,1,1,0,5,2,3,457,72,385,30,2,28,2,0,2,79,13,66,13,0,13,108,23,85,0,0,0
480824,Total students enrolled for credit,281,43,238,5,0,5,2,0,2,112,19,93,110,16,94,0,0,0,40,8,32,7,0,7,5,0,5,0,0,0
480824,Undergraduate students,281,43,238,5,0,5,2,0,2,112,19,93,110,16,94,0,0,0,40,8,32,7,0,7,5,0,5,0,0,0
480833,Total students enrolled for credit,888,102,786,3,1,2,36,7,29,123,14,109,375,39,336,1,0,1,323,36,287,25,4,21,2,1,1,0,0,0
480833,Undergraduate students,888,102,786,3,1,2,36,7,29,123,14,109,375,39,336,1,0,1,323,36,287,25,4,21,2,1,1,0,0,0
480842,Total students enrolled for credit,39,17,22,0,0,0,0,0,0,38,16,22,1,1,0,0,0,0,0,0,0,0,0,0,0,0,0,0,0,0
480842,Undergraduate students,39,17,22,0,0,0,0,0,0,38,16,22,1,1,0,0,0,0,0,0,0,0,0,0,0,0,0,0,0,0
480851,Total students enrolled for credit,215,109,106,0,0,0,2,2,0,51,29,22,147,72,75,0,0,0,12,5,7,0,0,0,3,1,2,0,0,0
480851,Undergraduate students,215,109,106,0,0,0,2,2,0,51,29,22,147,72,75,0,0,0,12,5,7,0,0,0,3,1,2,0,0,0
480879,Total students enrolled for credit,74,11,63,0,0,0,0,0,0,5,3,2,5,0,5,1,0,1,61,8,53,2,0,2,0,0,0,0,0,0
480879,Undergraduate students,74,11,63,0,0,0,0,0,0,5,3,2,5,0,5,1,0,1,61,8,53,2,0,2,0,0,0,0,0,0
480888,Total students enrolled for credit,414,97,317,3,0,3,8,3,5,147,29,118,118,21,97,1,0,1,115,36,79,22,8,14,0,0,0,0,0,0
480888,Undergraduate students,414,97,317,3,0,3,8,3,5,147,29,118,118,21,97,1,0,1,115,36,79,22,8,14,0,0,0,0,0,0
480903,Total students enrolled for credit,829,780,49,0,0,0,2,2,0,397,370,27,281,269,12,1,1,0,96,89,7,8,6,2,42,41,1,2,2,0
480903,Undergraduate students,829,780,49,0,0,0,2,2,0,397,370,27,281,269,12,1,1,0,96,89,7,8,6,2,42,41,1,2,2,0
480912,Total students enrolled for credit,21,9,12,0,0,0,0,0,0,4,2,2,3,2,1,0,0,0,14,5,9,0,0,0,0,0,0,0,0,0
480912,Undergraduate students,21,9,12,0,0,0,0,0,0,4,2,2,3,2,1,0,0,0,14,5,9,0,0,0,0,0,0,0,0,0
480921,Total students enrolled for credit,79,55,24,3,0,3,4,2,2,18,17,1,18,16,2,3,3,0,33,17,16,0,0,0,0,0,0,0,0,0
480921,Undergraduate students,79,55,24,3,0,3,4,2,2,18,17,1,18,16,2,3,3,0,33,17,16,0,0,0,0,0,0,0,0,0
480930,Total students enrolled for credit,209,7,202,1,0,1,5,0,5,73,1,72,29,1,28,0,0,0,79,1,78,17,3,14,5,1,4,0,0,0
480930,Undergraduate students,209,7,202,1,0,1,5,0,5,73,1,72,29,1,28,0,0,0,79,1,78,17,3,14,5,1,4,0,0,0
480967,Total students enrolled for credit,318,127,191,265,106,159,0,0,0,2,1,1,12,5,7,0,0,0,0,0,0,39,15,24,0,0,0,0,0,0
480967,Undergraduate students,318,127,191,265,106,159,0,0,0,2,1,1,12,5,7,0,0,0,0,0,0,39,15,24,0,0,0,0,0,0
480976,Total students enrolled for credit,83,3,80,0,0,0,0,0,0,15,0,15,1,0,1,0,0,0,66,3,63,1,0,1,0,0,0,0,0,0
480976,Undergraduate students,83,3,80,0,0,0,0,0,0,15,0,15,1,0,1,0,0,0,66,3,63,1,0,1,0,0,0,0,0,0
480985,Total students enrolled for credit,328,2,326,2,0,2,1,0,1,17,0,17,25,0,25,2,0,2,263,2,261,0,0,0,18,0,18,0,0,0
480985,Undergraduate students,320,2,318,2,0,2,1,0,1,17,0,17,24,0,24,2,0,2,256,2,254,0,0,0,18,0,18,0,0,0
480985,Graduate student,8,0,8,0,0,0,0,0,0,0,0,0,1,0,1,0,0,0,7,0,7,0,0,0,0,0,0,0,0,0
480994,Total students enrolled for credit,88,3,85,0,0,0,4,1,3,62,2,60,12,0,12,1,0,1,8,0,8,1,0,1,0,0,0,0,0,0
480994,Undergraduate students,88,3,85,0,0,0,4,1,3,62,2,60,12,0,12,1,0,1,8,0,8,1,0,1,0,0,0,0,0,0
481003,Total students enrolled for credit,302,271,31,0,0,0,15,13,2,172,154,18,63,53,10,0,0,0,49,48,1,0,0,0,3,3,0,0,0,0
481003,Undergraduate students,302,271,31,0,0,0,15,13,2,172,154,18,63,53,10,0,0,0,49,48,1,0,0,0,3,3,0,0,0,0
481021,Total students enrolled for credit,59,48,11,0,0,0,4,3,1,5,4,1,6,5,1,0,0,0,43,35,8,1,1,0,0,0,0,0,0,0
481021,Undergraduate students,59,48,11,0,0,0,4,3,1,5,4,1,6,5,1,0,0,0,43,35,8,1,1,0,0,0,0,0,0,0
481030,Total students enrolled for credit,31,23,8,0,0,0,0,0,0,0,0,0,0,0,0,0,0,0,3,0,3,0,0,0,0,0,0,28,23,5
481030,Graduate student,31,23,8,0,0,0,0,0,0,0,0,0,0,0,0,0,0,0,3,0,3,0,0,0,0,0,0,28,23,5
481049,Total students enrolled for credit,39,2,37,1,0,1,0,0,0,1,0,1,5,0,5,0,0,0,32,2,30,0,0,0,0,0,0,0,0,0
481049,Undergraduate students,39,2,37,1,0,1,0,0,0,1,0,1,5,0,5,0,0,0,32,2,30,0,0,0,0,0,0,0,0,0
481058,Total students enrolled for credit,238,107,131,0,0,0,110,45,65,0,0,0,1,1,0,0,0,0,0,0,0,0,0,0,2,1,1,125,60,65
481058,Undergraduate students,113,45,68,0,0,0,72,26,46,0,0,0,1,1,0,0,0,0,0,0,0,0,0,0,2,1,1,38,17,21
481058,Graduate student,125,62,63,0,0,0,38,19,19,0,0,0,0,0,0,0,0,0,0,0,0,0,0,0,0,0,0,87,43,44
481085,Total students enrolled for credit,316,36,280,0,0,0,28,8,20,227,18,209,41,9,32,0,0,0,19,1,18,1,0,1,0,0,0,0,0,0
481085,Undergraduate students,316,36,280,0,0,0,28,8,20,227,18,209,41,9,32,0,0,0,19,1,18,1,0,1,0,0,0,0,0,0
481094,Total students enrolled for credit,217,26,191,1,1,0,69,6,63,4,0,4,13,0,13,0,0,0,128,19,109,2,0,2,0,0,0,0,0,0
481094,Graduate student,217,26,191,1,1,0,69,6,63,4,0,4,13,0,13,0,0,0,128,19,109,2,0,2,0,0,0,0,0,0
481100,Total students enrolled for credit,92,14,78,0,0,0,81,13,68,0,0,0,7,1,6,0,0,0,4,0,4,0,0,0,0,0,0,0,0,0
481100,Undergraduate students,92,14,78,0,0,0,81,13,68,0,0,0,7,1,6,0,0,0,4,0,4,0,0,0,0,0,0,0,0,0
481128,Total students enrolled for credit,962,481,481,0,0,0,384,192,192,0,0,0,150,75,75,0,0,0,0,0,0,0,0,0,0,0,0,428,214,214
481128,Undergraduate students,962,481,481,0,0,0,384,192,192,0,0,0,150,75,75,0,0,0,0,0,0,0,0,0,0,0,0,428,214,214
481137,Total students enrolled for credit,62,33,29,0,0,0,3,1,2,13,8,5,5,3,2,2,1,1,39,20,19,0,0,0,0,0,0,0,0,0
481137,Undergraduate students,62,33,29,0,0,0,3,1,2,13,8,5,5,3,2,2,1,1,39,20,19,0,0,0,0,0,0,0,0,0
481146,Total students enrolled for credit,250,14,236,0,0,0,2,0,2,218,9,209,8,0,8,0,0,0,22,5,17,0,0,0,0,0,0,0,0,0
481146,Undergraduate students,250,14,236,0,0,0,2,0,2,218,9,209,8,0,8,0,0,0,22,5,17,0,0,0,0,0,0,0,0,0
481155,Total students enrolled for credit,272,122,150,2,2,0,0,0,0,160,65,95,5,1,4,0,0,0,81,45,36,16,9,7,8,0,8,0,0,0
481155,Undergraduate students,272,122,150,2,2,0,0,0,0,160,65,95,5,1,4,0,0,0,81,45,36,16,9,7,8,0,8,0,0,0
481164,Total students enrolled for credit,138,70,68,3,2,1,8,2,6,33,19,14,36,24,12,1,1,0,49,20,29,2,0,2,2,0,2,4,2,2
481164,Undergraduate students,138,70,68,3,2,1,8,2,6,33,19,14,36,24,12,1,1,0,49,20,29,2,0,2,2,0,2,4,2,2
481182,Total students enrolled for credit,31,4,27,0,0,0,3,1,2,3,1,2,10,0,10,0,0,0,15,2,13,0,0,0,0,0,0,0,0,0
481182,Undergraduate students,31,4,27,0,0,0,3,1,2,3,1,2,10,0,10,0,0,0,15,2,13,0,0,0,0,0,0,0,0,0
481191,Total students enrolled for credit,329,109,220,8,4,4,4,0,4,27,7,20,219,61,158,10,8,2,56,28,28,2,1,1,3,0,3,0,0,0
481191,Undergraduate students,329,109,220,8,4,4,4,0,4,27,7,20,219,61,158,10,8,2,56,28,28,2,1,1,3,0,3,0,0,0
481207,Total students enrolled for credit,172,60,112,3,2,1,16,8,8,39,13,26,3,1,2,2,1,1,107,34,73,0,0,0,2,1,1,0,0,0
481207,Undergraduate students,172,60,112,3,2,1,16,8,8,39,13,26,3,1,2,2,1,1,107,34,73,0,0,0,2,1,1,0,0,0
481225,Total students enrolled for credit,19,10,9,0,0,0,0,0,0,3,1,2,3,2,1,0,0,0,7,5,2,0,0,0,0,0,0,6,2,4
481225,Undergraduate students,19,10,9,0,0,0,0,0,0,3,1,2,3,2,1,0,0,0,7,5,2,0,0,0,0,0,0,6,2,4
481234,Total students enrolled for credit,608,148,460,0,0,0,4,2,2,331,77,254,21,5,16,0,0,0,165,42,123,11,4,7,76,18,58,0,0,0
481234,Undergraduate students,608,148,460,0,0,0,4,2,2,331,77,254,21,5,16,0,0,0,165,42,123,11,4,7,76,18,58,0,0,0
481243,Total students enrolled for credit,258,6,252,0,0,0,5,0,5,13,0,13,62,3,59,0,0,0,171,3,168,1,0,1,6,0,6,0,0,0
481243,Undergraduate students,258,6,252,0,0,0,5,0,5,13,0,13,62,3,59,0,0,0,171,3,168,1,0,1,6,0,6,0,0,0
481252,Total students enrolled for credit,95,12,83,0,0,0,2,2,0,76,7,69,6,1,5,0,0,0,11,2,9,0,0,0,0,0,0,0,0,0
481252,Undergraduate students,95,12,83,0,0,0,2,2,0,76,7,69,6,1,5,0,0,0,11,2,9,0,0,0,0,0,0,0,0,0
481289,Total students enrolled for credit,114,26,88,0,0,0,36,10,26,7,0,7,34,8,26,18,5,13,13,2,11,3,0,3,3,1,2,0,0,0
481289,Undergraduate students,114,26,88,0,0,0,36,10,26,7,0,7,34,8,26,18,5,13,13,2,11,3,0,3,3,1,2,0,0,0
481298,Total students enrolled for credit,96,6,90,4,0,4,2,0,2,3,1,2,59,4,55,0,0,0,25,0,25,0,0,0,3,1,2,0,0,0
481298,Undergraduate students,96,6,90,4,0,4,2,0,2,3,1,2,59,4,55,0,0,0,25,0,25,0,0,0,3,1,2,0,0,0
481313,Total students enrolled for credit,103,5,98,0,0,0,4,0,4,22,1,21,35,2,33,0,0,0,33,1,32,5,1,4,4,0,4,0,0,0
481313,Undergraduate students,103,5,98,0,0,0,4,0,4,22,1,21,35,2,33,0,0,0,33,1,32,5,1,4,4,0,4,0,0,0
481322,Total students enrolled for credit,122,4,118,0,0,0,0,0,0,0,0,0,122,4,118,0,0,0,0,0,0,0,0,0,0,0,0,0,0,0
481322,Undergraduate students,122,4,118,0,0,0,0,0,0,0,0,0,122,4,118,0,0,0,0,0,0,0,0,0,0,0,0,0,0,0
481331,Total students enrolled for credit,158,138,20,1,1,0,1,1,0,90,76,14,36,33,3,1,1,0,28,25,3,0,0,0,1,1,0,0,0,0
481331,Undergraduate students,158,138,20,1,1,0,1,1,0,90,76,14,36,33,3,1,1,0,28,25,3,0,0,0,1,1,0,0,0,0
481340,Total students enrolled for credit,81,4,77,1,0,1,1,0,1,3,0,3,5,1,4,0,0,0,70,3,67,1,0,1,0,0,0,0,0,0
481340,Undergraduate students,81,4,77,1,0,1,1,0,1,3,0,3,5,1,4,0,0,0,70,3,67,1,0,1,0,0,0,0,0,0
481368,Total students enrolled for credit,66,8,58,0,0,0,3,2,1,2,0,2,8,1,7,0,0,0,51,5,46,0,0,0,0,0,0,2,0,2
481368,Undergraduate students,66,8,58,0,0,0,3,2,1,2,0,2,8,1,7,0,0,0,51,5,46,0,0,0,0,0,0,2,0,2
481377,Total students enrolled for credit,28,20,8,0,0,0,0,0,0,26,20,6,0,0,0,0,0,0,2,0,2,0,0,0,0,0,0,0,0,0
481377,Undergraduate students,28,20,8,0,0,0,0,0,0,26,20,6,0,0,0,0,0,0,2,0,2,0,0,0,0,0,0,0,0,0
481386,Total students enrolled for credit,225,26,199,2,1,1,35,8,27,39,5,34,97,3,94,8,2,6,31,2,29,7,2,5,6,3,3,0,0,0
481386,Undergraduate students,225,26,199,2,1,1,35,8,27,39,5,34,97,3,94,8,2,6,31,2,29,7,2,5,6,3,3,0,0,0
481395,Total students enrolled for credit,55,4,51,0,0,0,4,0,4,2,1,1,15,0,15,0,0,0,34,3,31,0,0,0,0,0,0,0,0,0
481395,Undergraduate students,55,4,51,0,0,0,4,0,4,2,1,1,15,0,15,0,0,0,34,3,31,0,0,0,0,0,0,0,0,0
481401,Total students enrolled for credit,487,362,125,1,1,0,9,4,5,69,46,23,26,22,4,0,0,0,127,108,19,2,2,0,20,15,5,233,164,69
481401,Undergraduate students,181,134,47,1,1,0,1,1,0,23,15,8,10,10,0,0,0,0,50,40,10,1,1,0,8,7,1,87,59,28
481401,Graduate student,306,228,78,0,0,0,8,3,5,46,31,15,16,12,4,0,0,0,77,68,9,1,1,0,12,8,4,146,105,41
481410,Total students enrolled for credit,92,92,0,0,0,0,0,0,0,0,0,0,0,0,0,0,0,0,92,92,0,0,0,0,0,0,0,0,0,0
481410,Undergraduate students,92,92,0,0,0,0,0,0,0,0,0,0,0,0,0,0,0,0,92,92,0,0,0,0,0,0,0,0,0,0
481429,Total students enrolled for credit,233,31,202,0,0,0,11,2,9,161,21,140,34,4,30,6,1,5,12,3,9,0,0,0,9,0,9,0,0,0
481429,Undergraduate students,233,31,202,0,0,0,11,2,9,161,21,140,34,4,30,6,1,5,12,3,9,0,0,0,9,0,9,0,0,0
481438,Total students enrolled for credit,75,75,0,0,0,0,0,0,0,0,0,0,0,0,0,0,0,0,75,75,0,0,0,0,0,0,0,0,0,0
481438,Undergraduate students,75,75,0,0,0,0,0,0,0,0,0,0,0,0,0,0,0,0,75,75,0,0,0,0,0,0,0,0,0,0
481447,Total students enrolled for credit,90,8,82,0,0,0,1,0,1,13,1,12,7,3,4,0,0,0,62,4,58,4,0,4,3,0,3,0,0,0
481447,Undergraduate students,90,8,82,0,0,0,1,0,1,13,1,12,7,3,4,0,0,0,62,4,58,4,0,4,3,0,3,0,0,0
481456,Total students enrolled for credit,21,0,21,0,0,0,0,0,0,0,0,0,0,0,0,0,0,0,21,0,21,0,0,0,0,0,0,0,0,0
481456,Undergraduate students,21,0,21,0,0,0,0,0,0,0,0,0,0,0,0,0,0,0,21,0,21,0,0,0,0,0,0,0,0,0
481465,Total students enrolled for credit,103,2,101,0,0,0,0,0,0,89,2,87,2,0,2,1,0,1,9,0,9,0,0,0,2,0,2,0,0,0
481465,Undergraduate students,103,2,101,0,0,0,0,0,0,89,2,87,2,0,2,1,0,1,9,0,9,0,0,0,2,0,2,0,0,0
481474,Total students enrolled for credit,146,3,143,0,0,0,14,0,14,12,0,12,26,0,26,2,0,2,81,2,79,9,1,8,2,0,2,0,0,0
481474,Undergraduate students,146,3,143,0,0,0,14,0,14,12,0,12,26,0,26,2,0,2,81,2,79,9,1,8,2,0,2,0,0,0
481483,Total students enrolled for credit,297,10,287,3,1,2,8,0,8,72,0,72,66,4,62,0,0,0,113,5,108,2,0,2,33,0,33,0,0,0
481483,Undergraduate students,297,10,287,3,1,2,8,0,8,72,0,72,66,4,62,0,0,0,113,5,108,2,0,2,33,0,33,0,0,0
481508,Total students enrolled for credit,216,8,208,1,0,1,1,0,1,16,1,15,23,3,20,0,0,0,167,4,163,1,0,1,7,0,7,0,0,0
481508,Undergraduate students,216,8,208,1,0,1,1,0,1,16,1,15,23,3,20,0,0,0,167,4,163,1,0,1,7,0,7,0,0,0
481517,Total students enrolled for credit,131,8,123,3,0,3,0,0,0,4,0,4,6,0,6,0,0,0,116,7,109,2,1,1,0,0,0,0,0,0
481517,Undergraduate students,131,8,123,3,0,3,0,0,0,4,0,4,6,0,6,0,0,0,116,7,109,2,1,1,0,0,0,0,0,0
481526,Total students enrolled for credit,174,3,171,1,0,1,7,0,7,44,1,43,10,0,10,2,1,1,85,1,84,25,0,25,0,0,0,0,0,0
481526,Undergraduate students,174,3,171,1,0,1,7,0,7,44,1,43,10,0,10,2,1,1,85,1,84,25,0,25,0,0,0,0,0,0
481535,Total students enrolled for credit,32,12,20,0,0,0,0,0,0,0,0,0,4,1,3,0,0,0,13,7,6,0,0,0,0,0,0,15,4,11
481535,Graduate student,32,12,20,0,0,0,0,0,0,0,0,0,4,1,3,0,0,0,13,7,6,0,0,0,0,0,0,15,4,11
481544,Total students enrolled for credit,73,51,22,0,0,0,0,0,0,13,7,6,1,0,1,0,0,0,59,44,15,0,0,0,0,0,0,0,0,0
481544,Undergraduate students,73,51,22,0,0,0,0,0,0,13,7,6,1,0,1,0,0,0,59,44,15,0,0,0,0,0,0,0,0,0
481562,Total students enrolled for credit,124,7,117,0,0,0,7,0,7,8,0,8,52,3,49,0,0,0,57,4,53,0,0,0,0,0,0,0,0,0
481562,Undergraduate students,124,7,117,0,0,0,7,0,7,8,0,8,52,3,49,0,0,0,57,4,53,0,0,0,0,0,0,0,0,0
481571,Total students enrolled for credit,12,3,9,0,0,0,0,0,0,3,1,2,6,2,4,0,0,0,1,0,1,2,0,2,0,0,0,0,0,0
481571,Undergraduate students,12,3,9,0,0,0,0,0,0,3,1,2,6,2,4,0,0,0,1,0,1,2,0,2,0,0,0,0,0,0
481599,Total students enrolled for credit,175,14,161,0,0,0,2,0,2,75,6,69,11,1,10,0,0,0,73,7,66,14,0,14,0,0,0,0,0,0
481599,Undergraduate students,175,14,161,0,0,0,2,0,2,75,6,69,11,1,10,0,0,0,73,7,66,14,0,14,0,0,0,0,0,0
481678,Total students enrolled for credit,118,4,114,0,0,0,0,0,0,69,3,66,2,0,2,0,0,0,35,1,34,10,0,10,2,0,2,0,0,0
481678,Undergraduate students,118,4,114,0,0,0,0,0,0,69,3,66,2,0,2,0,0,0,35,1,34,10,0,10,2,0,2,0,0,0
481720,Total students enrolled for credit,652,111,541,4,1,3,12,1,11,324,55,269,38,8,30,3,1,2,262,43,219,0,0,0,9,2,7,0,0,0
481720,Undergraduate students,556,99,457,4,1,3,12,1,11,259,49,210,34,6,28,1,1,0,238,39,199,0,0,0,8,2,6,0,0,0
481720,Graduate student,96,12,84,0,0,0,0,0,0,65,6,59,4,2,2,2,0,2,24,4,20,0,0,0,1,0,1,0,0,0
481739,Total students enrolled for credit,127,5,122,0,0,0,3,0,3,36,1,35,39,1,38,0,0,0,35,1,34,4,0,4,10,2,8,0,0,0
481739,Undergraduate students,127,5,122,0,0,0,3,0,3,36,1,35,39,1,38,0,0,0,35,1,34,4,0,4,10,2,8,0,0,0
481748,Total students enrolled for credit,209,10,199,1,0,1,1,0,1,145,6,139,37,2,35,1,0,1,8,2,6,5,0,5,11,0,11,0,0,0
481748,Undergraduate students,209,10,199,1,0,1,1,0,1,145,6,139,37,2,35,1,0,1,8,2,6,5,0,5,11,0,11,0,0,0
481845,Total students enrolled for credit,152,6,146,2,0,2,2,0,2,47,2,45,25,0,25,0,0,0,63,4,59,9,0,9,4,0,4,0,0,0
481845,Undergraduate students,152,6,146,2,0,2,2,0,2,47,2,45,25,0,25,0,0,0,63,4,59,9,0,9,4,0,4,0,0,0
481854,Total students enrolled for credit,775,132,643,2,1,1,54,10,44,146,25,121,472,74,398,15,1,14,46,13,33,38,8,30,2,0,2,0,0,0
481854,Undergraduate students,775,132,643,2,1,1,54,10,44,146,25,121,472,74,398,15,1,14,46,13,33,38,8,30,2,0,2,0,0,0
481863,Total students enrolled for credit,241,7,234,0,0,0,0,0,0,33,2,31,13,1,12,0,0,0,188,4,184,6,0,6,1,0,1,0,0,0
481863,Undergraduate students,241,7,234,0,0,0,0,0,0,33,2,31,13,1,12,0,0,0,188,4,184,6,0,6,1,0,1,0,0,0
481890,Total students enrolled for credit,90,4,86,0,0,0,0,0,0,5,1,4,1,0,1,0,0,0,80,3,77,1,0,1,3,0,3,0,0,0
481890,Undergraduate students,90,4,86,0,0,0,0,0,0,5,1,4,1,0,1,0,0,0,80,3,77,1,0,1,3,0,3,0,0,0
481906,Total students enrolled for credit,254,20,234,0,0,0,0,0,0,36,2,34,2,0,2,1,0,1,213,18,195,2,0,2,0,0,0,0,0,0
481906,Undergraduate students,254,20,234,0,0,0,0,0,0,36,2,34,2,0,2,1,0,1,213,18,195,2,0,2,0,0,0,0,0,0
481915,Total students enrolled for credit,251,133,118,1,0,1,4,3,1,111,49,62,8,5,3,1,1,0,103,60,43,10,8,2,12,7,5,1,0,1
481915,Undergraduate students,251,133,118,1,0,1,4,3,1,111,49,62,8,5,3,1,1,0,103,60,43,10,8,2,12,7,5,1,0,1
481942,Total students enrolled for credit,486,162,324,3,1,2,3,2,1,170,56,114,142,50,92,0,0,0,104,35,69,7,1,6,57,17,40,0,0,0
481942,Undergraduate students,486,162,324,3,1,2,3,2,1,170,56,114,142,50,92,0,0,0,104,35,69,7,1,6,57,17,40,0,0,0
481960,Total students enrolled for credit,341,171,170,2,1,1,42,18,24,101,44,57,108,62,46,1,0,1,65,33,32,5,3,2,17,10,7,0,0,0
481960,Undergraduate students,341,171,170,2,1,1,42,18,24,101,44,57,108,62,46,1,0,1,65,33,32,5,3,2,17,10,7,0,0,0
481988,Total students enrolled for credit,404,325,79,5,5,0,1,0,1,312,246,66,2,2,0,0,0,0,67,59,8,8,5,3,9,8,1,0,0,0
481988,Undergraduate students,404,325,79,5,5,0,1,0,1,312,246,66,2,2,0,0,0,0,67,59,8,8,5,3,9,8,1,0,0,0
482015,Total students enrolled for credit,1028,562,466,2,2,0,14,7,7,90,56,34,481,239,242,3,2,1,146,83,63,20,13,7,271,160,111,1,0,1
482015,Undergraduate students,1028,562,466,2,2,0,14,7,7,90,56,34,481,239,242,3,2,1,146,83,63,20,13,7,271,160,111,1,0,1
482024,Total students enrolled for credit,204,119,85,0,0,0,0,0,0,47,23,24,148,89,59,0,0,0,3,3,0,0,0,0,4,2,2,2,2,0
482024,Undergraduate students,204,119,85,0,0,0,0,0,0,47,23,24,148,89,59,0,0,0,3,3,0,0,0,0,4,2,2,2,2,0
482060,Total students enrolled for credit,497,60,437,4,0,4,14,3,11,36,7,29,314,37,277,1,0,1,102,10,92,0,0,0,26,3,23,0,0,0
482060,Undergraduate students,497,60,437,4,0,4,14,3,11,36,7,29,314,37,277,1,0,1,102,10,92,0,0,0,26,3,23,0,0,0
482097,Total students enrolled for credit,501,344,157,6,4,2,2,1,1,26,19,7,17,11,6,1,1,0,436,296,140,4,3,1,9,9,0,0,0,0
482097,Undergraduate students,501,344,157,6,4,2,2,1,1,26,19,7,17,11,6,1,1,0,436,296,140,4,3,1,9,9,0,0,0,0
482103,Total students enrolled for credit,121,28,93,0,0,0,5,2,3,16,6,10,12,4,8,0,0,0,86,15,71,2,1,1,0,0,0,0,0,0
482103,Undergraduate students,121,28,93,0,0,0,5,2,3,16,6,10,12,4,8,0,0,0,86,15,71,2,1,1,0,0,0,0,0,0
482149,Total students enrolled for credit,8998,3278,5720,21,10,11,699,286,413,1865,542,1323,513,203,310,17,6,11,5022,1916,3106,431,148,283,262,90,172,168,77,91
482149,Undergraduate students,5906,2121,3785,18,9,9,358,132,226,1434,425,1009,360,140,220,16,6,10,3186,1226,1960,336,116,220,121,37,84,77,30,47
482149,Graduate student,3092,1157,1935,3,1,2,341,154,187,431,117,314,153,63,90,1,0,1,1836,690,1146,95,32,63,141,53,88,91,47,44
482158,Total students enrolled for credit,9429,3932,5497,15,6,9,233,133,100,3204,1144,2060,377,161,216,16,10,6,5160,2283,2877,302,136,166,37,19,18,85,40,45
482158,Undergraduate students,9337,3886,5451,14,5,9,231,132,99,3172,1129,2043,375,160,215,16,10,6,5109,2257,2852,301,135,166,37,19,18,82,39,43
482158,Graduate student,92,46,46,1,1,0,2,1,1,32,15,17,2,1,1,0,0,0,51,26,25,1,1,0,0,0,0,3,1,2
482167,Total students enrolled for credit,146,3,143,0,0,0,0,0,0,142,3,139,2,0,2,0,0,0,2,0,2,0,0,0,0,0,0,0,0,0
482167,Undergraduate students,146,3,143,0,0,0,0,0,0,142,3,139,2,0,2,0,0,0,2,0,2,0,0,0,0,0,0,0,0,0
482176,Total students enrolled for credit,337,24,313,2,0,2,6,1,5,8,1,7,82,6,76,2,0,2,198,13,185,12,1,11,27,2,25,0,0,0
482176,Undergraduate students,337,24,313,2,0,2,6,1,5,8,1,7,82,6,76,2,0,2,198,13,185,12,1,11,27,2,25,0,0,0
482185,Total students enrolled for credit,143,94,49,2,2,0,18,8,10,2,0,2,7,2,5,3,0,3,103,76,27,1,1,0,6,4,2,1,1,0
482185,Undergraduate students,143,94,49,2,2,0,18,8,10,2,0,2,7,2,5,3,0,3,103,76,27,1,1,0,6,4,2,1,1,0
482194,Total students enrolled for credit,113,16,97,0,0,0,7,2,5,13,5,8,27,2,25,0,0,0,52,7,45,14,0,14,0,0,0,0,0,0
482194,Undergraduate students,113,16,97,0,0,0,7,2,5,13,5,8,27,2,25,0,0,0,52,7,45,14,0,14,0,0,0,0,0,0
482200,Total students enrolled for credit,117,6,111,1,0,1,0,0,0,26,4,22,2,0,2,0,0,0,88,2,86,0,0,0,0,0,0,0,0,0
482200,Undergraduate students,117,6,111,1,0,1,0,0,0,26,4,22,2,0,2,0,0,0,88,2,86,0,0,0,0,0,0,0,0,0
482228,Total students enrolled for credit,142,91,51,0,0,0,4,1,3,25,19,6,10,8,2,0,0,0,95,57,38,0,0,0,4,4,0,4,2,2
482228,Undergraduate students,113,72,41,0,0,0,4,1,3,19,15,4,8,7,1,0,0,0,74,43,31,0,0,0,4,4,0,4,2,2
482228,Graduate student,29,19,10,0,0,0,0,0,0,6,4,2,2,1,1,0,0,0,21,14,7,0,0,0,0,0,0,0,0,0
482246,Total students enrolled for credit,35,31,4,0,0,0,1,1,0,2,2,0,0,0,0,1,1,0,25,21,4,1,1,0,5,5,0,0,0,0
482246,Undergraduate students,35,31,4,0,0,0,1,1,0,2,2,0,0,0,0,1,1,0,25,21,4,1,1,0,5,5,0,0,0,0
482255,Total students enrolled for credit,501,474,27,4,3,1,47,46,1,97,91,6,106,98,8,22,20,2,173,168,5,46,44,2,6,4,2,0,0,0
482255,Undergraduate students,501,474,27,4,3,1,47,46,1,97,91,6,106,98,8,22,20,2,173,168,5,46,44,2,6,4,2,0,0,0
482291,Total students enrolled for credit,1347,290,1057,15,2,13,25,5,20,108,21,87,903,193,710,5,2,3,254,60,194,27,7,20,10,0,10,0,0,0
482291,Undergraduate students,1347,290,1057,15,2,13,25,5,20,108,21,87,903,193,710,5,2,3,254,60,194,27,7,20,10,0,10,0,0,0
482307,Total students enrolled for credit,117,41,76,1,0,1,0,0,0,29,7,22,31,10,21,1,0,1,48,22,26,2,1,1,5,1,4,0,0,0
482307,Undergraduate students,117,41,76,1,0,1,0,0,0,29,7,22,31,10,21,1,0,1,48,22,26,2,1,1,5,1,4,0,0,0
482316,Total students enrolled for credit,221,69,152,1,1,0,0,0,0,110,39,71,23,7,16,0,0,0,75,18,57,5,2,3,7,2,5,0,0,0
482316,Undergraduate students,221,69,152,1,1,0,0,0,0,110,39,71,23,7,16,0,0,0,75,18,57,5,2,3,7,2,5,0,0,0
482325,Total students enrolled for credit,260,75,185,1,0,1,3,0,3,66,18,48,69,20,49,1,1,0,101,34,67,6,0,6,13,2,11,0,0,0
482325,Undergraduate students,260,75,185,1,0,1,3,0,3,66,18,48,69,20,49,1,1,0,101,34,67,6,0,6,13,2,11,0,0,0
482334,Total students enrolled for credit,338,107,231,2,1,1,0,0,0,244,78,166,29,9,20,1,0,1,53,16,37,0,0,0,9,3,6,0,0,0
482334,Undergraduate students,338,107,231,2,1,1,0,0,0,244,78,166,29,9,20,1,0,1,53,16,37,0,0,0,9,3,6,0,0,0
482343,Total students enrolled for credit,156,43,113,0,0,0,1,0,1,21,5,16,9,2,7,0,0,0,114,33,81,2,0,2,9,3,6,0,0,0
482343,Undergraduate students,156,43,113,0,0,0,1,0,1,21,5,16,9,2,7,0,0,0,114,33,81,2,0,2,9,3,6,0,0,0
482361,Total students enrolled for credit,246,59,187,5,1,4,2,0,2,55,23,32,21,3,18,1,1,0,139,28,111,6,0,6,17,3,14,0,0,0
482361,Undergraduate students,246,59,187,5,1,4,2,0,2,55,23,32,21,3,18,1,1,0,139,28,111,6,0,6,17,3,14,0,0,0
482370,Total students enrolled for credit,217,43,174,2,0,2,2,0,2,115,27,88,3,1,2,0,0,0,77,12,65,3,1,2,15,2,13,0,0,0
482370,Undergraduate students,217,43,174,2,0,2,2,0,2,115,27,88,3,1,2,0,0,0,77,12,65,3,1,2,15,2,13,0,0,0
482398,Total students enrolled for credit,221,102,119,1,0,1,3,3,0,84,42,42,8,4,4,2,1,1,120,51,69,0,0,0,3,1,2,0,0,0
482398,Undergraduate students,221,102,119,1,0,1,3,3,0,84,42,42,8,4,4,2,1,1,120,51,69,0,0,0,3,1,2,0,0,0
482413,Total students enrolled for credit,2554,1546,1008,15,6,9,269,165,104,829,467,362,665,421,244,12,6,6,349,254,95,19,12,7,122,64,58,274,151,123
482413,Undergraduate students,1605,1052,553,11,4,7,142,96,46,533,322,211,503,332,171,9,5,4,251,196,55,12,8,4,89,53,36,55,36,19
482413,Graduate student,949,494,455,4,2,2,127,69,58,296,145,151,162,89,73,3,1,2,98,58,40,7,4,3,33,11,22,219,115,104
482422,Total students enrolled for credit,1391,894,497,35,15,20,70,45,25,130,76,54,325,207,118,6,4,2,703,471,232,15,8,7,97,66,31,10,2,8
482422,Undergraduate students,1041,702,339,28,10,18,48,32,16,86,56,30,278,180,98,5,3,2,498,354,144,12,6,6,86,61,25,0,0,0
482422,Graduate student,350,192,158,7,5,2,22,13,9,44,20,24,47,27,20,1,1,0,205,117,88,3,2,1,11,5,6,10,2,8
482431,Total students enrolled for credit,6776,4050,2726,20,14,6,973,588,385,776,443,333,2243,1259,984,155,94,61,1721,1152,569,131,80,51,521,298,223,236,122,114
482431,Undergraduate students,5338,3272,2066,16,12,4,685,443,242,562,328,234,1954,1108,846,126,78,48,1382,940,442,105,64,41,443,261,182,65,38,27
482431,Graduate student,1438,778,660,4,2,2,288,145,143,214,115,99,289,151,138,29,16,13,339,212,127,26,16,10,78,37,41,171,84,87
482440,Total students enrolled for credit,662,367,295,6,3,3,12,7,5,79,40,39,99,55,44,1,0,1,420,241,179,13,5,8,29,13,16,3,3,0
482440,Undergraduate students,533,306,227,5,3,2,11,7,4,55,32,23,86,48,38,1,0,1,336,197,139,11,5,6,26,12,14,2,2,0
482440,Graduate student,129,61,68,1,0,1,1,0,1,24,8,16,13,7,6,0,0,0,84,44,40,2,0,2,3,1,2,1,1,0
482459,Total students enrolled for credit,2050,1081,969,1,0,1,48,27,21,492,246,246,657,342,315,7,3,4,623,347,276,20,12,8,141,63,78,61,41,20
482459,Undergraduate students,1377,741,636,1,0,1,26,15,11,337,185,152,422,220,202,6,3,3,462,252,210,14,9,5,87,42,45,22,15,7
482459,Graduate student,673,340,333,0,0,0,22,12,10,155,61,94,235,122,113,1,0,1,161,95,66,6,3,3,54,21,33,39,26,13
482468,Total students enrolled for credit,2785,1217,1568,7,4,3,80,42,38,1532,639,893,148,70,78,3,2,1,567,300,267,33,8,25,360,124,236,55,28,27
482468,Undergraduate students,1967,904,1063,6,3,3,51,32,19,1027,449,578,115,55,60,2,2,0,448,241,207,25,7,18,276,105,171,17,10,7
482468,Graduate student,818,313,505,1,1,0,29,10,19,505,190,315,33,15,18,1,0,1,119,59,60,8,1,7,84,19,65,38,18,20
482477,Total students enrolled for credit,30056,12094,17962,159,72,87,1401,777,624,6492,2103,4389,3878,1682,2196,119,50,69,13294,5775,7519,365,140,225,3815,1230,2585,533,265,268
482477,Undergraduate students,22495,8984,13511,119,52,67,856,498,358,4404,1432,2972,3159,1386,1773,85,35,50,10441,4450,5991,289,108,181,2941,940,2001,201,83,118
482477,Graduate student,7561,3110,4451,40,20,20,545,279,266,2088,671,1417,719,296,423,34,15,19,2853,1325,1528,76,32,44,874,290,584,332,182,150
482486,Total students enrolled for credit,165,61,104,0,0,0,0,0,0,52,9,43,26,11,15,0,0,0,66,35,31,0,0,0,21,6,15,0,0,0
482486,Undergraduate students,106,46,60,0,0,0,0,0,0,29,7,22,15,8,7,0,0,0,47,26,21,0,0,0,15,5,10,0,0,0
482486,Graduate student,59,15,44,0,0,0,0,0,0,23,2,21,11,3,8,0,0,0,19,9,10,0,0,0,6,1,5,0,0,0
482538,Total students enrolled for credit,491,281,210,4,2,2,24,11,13,110,58,52,32,18,14,0,0,0,303,185,118,6,3,3,11,4,7,1,0,1
482538,Undergraduate students,326,210,116,3,1,2,5,3,2,64,38,26,25,17,8,0,0,0,217,145,72,4,3,1,8,3,5,0,0,0
482538,Graduate student,165,71,94,1,1,0,19,8,11,46,20,26,7,1,6,0,0,0,86,40,46,2,0,2,3,1,2,1,0,1
482547,Total students enrolled for credit,377,216,161,4,3,1,32,17,15,71,40,31,74,40,34,7,4,3,143,85,58,12,7,5,28,15,13,6,5,1
482547,Undergraduate students,256,157,99,3,3,0,23,14,9,49,28,21,56,32,24,2,2,0,95,61,34,6,5,1,21,11,10,1,1,0
482547,Graduate student,121,59,62,1,0,1,9,3,6,22,12,10,18,8,10,5,2,3,48,24,24,6,2,4,7,4,3,5,4,1
482556,Total students enrolled for credit,1297,889,408,2,1,1,144,94,50,264,156,108,364,245,119,8,7,1,434,330,104,7,2,5,36,27,9,38,27,11
482556,Undergraduate students,1096,782,314,2,1,1,104,68,36,216,132,84,333,234,99,7,6,1,379,303,76,6,1,5,33,25,8,16,12,4
482556,Graduate student,201,107,94,0,0,0,40,26,14,48,24,24,31,11,20,1,1,0,55,27,28,1,1,0,3,2,1,22,15,7
482565,Total students enrolled for credit,492,205,287,4,3,1,12,5,7,259,101,158,51,19,32,0,0,0,117,62,55,3,1,2,45,13,32,1,1,0
482565,Undergraduate students,309,149,160,2,1,1,5,2,3,155,74,81,34,14,20,0,0,0,79,47,32,2,1,1,31,9,22,1,1,0
482565,Graduate student,183,56,127,2,2,0,7,3,4,104,27,77,17,5,12,0,0,0,38,15,23,1,0,1,14,4,10,0,0,0
482574,Total students enrolled for credit,2463,1359,1104,5,2,3,49,31,18,578,262,316,79,43,36,5,3,2,1508,900,608,30,16,14,190,92,98,19,10,9
482574,Undergraduate students,1960,1144,816,4,1,3,34,20,14,395,196,199,64,36,28,4,2,2,1267,788,479,28,15,13,160,84,76,4,2,2
482574,Graduate student,503,215,288,1,1,0,15,11,4,183,66,117,15,7,8,1,1,0,241,112,129,2,1,1,30,8,22,15,8,7
482583,Total students enrolled for credit,154,64,90,4,1,3,3,3,0,54,23,31,12,3,9,1,0,1,68,28,40,5,3,2,7,3,4,0,0,0
482583,Undergraduate students,115,46,69,2,1,1,3,3,0,40,15,25,11,3,8,1,0,1,52,22,30,4,2,2,2,0,2,0,0,0
482583,Graduate student,39,18,21,2,0,2,0,0,0,14,8,6,1,0,1,0,0,0,16,6,10,1,1,0,5,3,2,0,0,0
482608,Total students enrolled for credit,782,406,376,0,0,0,24,18,6,244,105,139,68,34,34,0,0,0,209,130,79,6,3,3,223,113,110,8,3,5
482608,Undergraduate students,635,345,290,0,0,0,19,14,5,194,84,110,62,31,31,0,0,0,172,114,58,4,2,2,178,98,80,6,2,4
482608,Graduate student,147,61,86,0,0,0,5,4,1,50,21,29,6,3,3,0,0,0,37,16,21,2,1,1,45,15,30,2,1,1
482617,Total students enrolled for credit,274,132,142,1,0,1,8,6,2,90,35,55,16,5,11,0,0,0,146,81,65,1,0,1,12,5,7,0,0,0
482617,Undergraduate students,179,88,91,1,0,1,3,2,1,55,24,31,12,5,7,0,0,0,100,54,46,0,0,0,8,3,5,0,0,0
482617,Graduate student,95,44,51,0,0,0,5,4,1,35,11,24,4,0,4,0,0,0,46,27,19,1,0,1,4,2,2,0,0,0
482635,Total students enrolled for credit,1808,1147,661,6,1,5,66,45,21,517,290,227,446,279,167,12,9,3,581,424,157,14,8,6,139,76,63,27,15,12
482635,Undergraduate students,1309,877,432,3,1,2,33,19,14,328,193,135,366,239,127,11,8,3,451,342,109,12,8,4,98,62,36,7,5,2
482635,Graduate student,499,270,229,3,0,3,33,26,7,189,97,92,80,40,40,1,1,0,130,82,48,2,0,2,41,14,27,20,10,10
482653,Total students enrolled for credit,1020,593,427,7,3,4,49,25,24,397,222,175,109,72,37,4,3,1,271,179,92,11,8,3,124,55,69,48,26,22
482653,Undergraduate students,559,337,222,7,3,4,18,9,9,213,129,84,79,52,27,4,3,1,151,100,51,4,3,1,76,33,43,7,5,2
482653,Graduate student,461,256,205,0,0,0,31,16,15,184,93,91,30,20,10,0,0,0,120,79,41,7,5,2,48,22,26,41,21,20
482680,Total students enrolled for credit,21419,9473,11946,43,21,22,632,297,335,1002,422,580,2351,996,1355,25,16,9,16105,7110,8995,658,313,345,270,131,139,333,167,166
482680,Undergraduate students,20811,9271,11540,43,21,22,619,291,328,958,410,548,2329,989,1340,25,16,9,15602,6940,8662,646,309,337,258,128,130,331,167,164
482680,Graduate student,608,202,406,0,0,0,13,6,7,44,12,32,22,7,15,0,0,0,503,170,333,12,4,8,12,3,9,2,0,2
482699,Total students enrolled for credit,3285,1167,2118,11,3,8,38,13,25,985,362,623,191,65,126,2,2,0,1969,690,1279,46,19,27,23,9,14,20,4,16
482699,Undergraduate students,3285,1167,2118,11,3,8,38,13,25,985,362,623,191,65,126,2,2,0,1969,690,1279,46,19,27,23,9,14,20,4,16
482705,Total students enrolled for credit,12397,5213,7184,18,9,9,545,187,358,1118,398,720,709,244,465,7,2,5,4607,1779,2828,210,66,144,1449,689,760,3734,1839,1895
482705,Undergraduate students,3344,1499,1845,10,4,6,124,47,77,373,131,242,255,94,161,1,0,1,1155,469,686,54,21,33,203,80,123,1169,653,516
482705,Graduate student,9053,3714,5339,8,5,3,421,140,281,745,267,478,454,150,304,6,2,4,3452,1310,2142,156,45,111,1246,609,637,2565,1186,1379
482927,Total students enrolled for credit,390,166,224,1,0,1,1,1,0,91,24,67,46,29,17,1,0,1,237,108,129,7,1,6,6,3,3,0,0,0
482927,Undergraduate students,390,166,224,1,0,1,1,1,0,91,24,67,46,29,17,1,0,1,237,108,129,7,1,6,6,3,3,0,0,0
482936,Total students enrolled for credit,1370,1184,186,6,6,0,53,47,6,68,59,9,262,216,46,4,4,0,892,786,106,35,28,7,22,18,4,28,20,8
482936,Undergraduate students,1336,1157,179,6,6,0,50,45,5,65,58,7,256,210,46,4,4,0,879,775,104,34,27,7,20,17,3,22,15,7
482936,Graduate student,34,27,7,0,0,0,3,2,1,3,1,2,6,6,0,0,0,0,13,11,2,1,1,0,2,1,1,6,5,1
482954,Total students enrolled for credit,346,120,226,2,0,2,7,4,3,146,57,89,84,24,60,2,1,1,99,32,67,0,0,0,4,2,2,2,0,2
482954,Undergraduate students,346,120,226,2,0,2,7,4,3,146,57,89,84,24,60,2,1,1,99,32,67,0,0,0,4,2,2,2,0,2
482963,Total students enrolled for credit,605,132,473,1,1,0,3,0,3,89,24,65,66,12,54,0,0,0,196,34,162,25,4,21,225,57,168,0,0,0
482963,Undergraduate students,605,132,473,1,1,0,3,0,3,89,24,65,66,12,54,0,0,0,196,34,162,25,4,21,225,57,168,0,0,0
482972,Total students enrolled for credit,164,31,133,0,0,0,5,2,3,42,8,34,82,13,69,0,0,0,28,4,24,0,0,0,7,4,3,0,0,0
482972,Undergraduate students,164,31,133,0,0,0,5,2,3,42,8,34,82,13,69,0,0,0,28,4,24,0,0,0,7,4,3,0,0,0
482981,Total students enrolled for credit,310,251,59,1,0,1,1,1,0,69,58,11,222,176,46,0,0,0,14,13,1,0,0,0,3,3,0,0,0,0
482981,Undergraduate students,310,251,59,1,0,1,1,1,0,69,58,11,222,176,46,0,0,0,14,13,1,0,0,0,3,3,0,0,0,0
482990,Total students enrolled for credit,797,116,681,97,15,82,18,4,14,117,15,102,216,27,189,11,1,10,278,42,236,60,12,48,0,0,0,0,0,0
482990,Undergraduate students,797,116,681,97,15,82,18,4,14,117,15,102,216,27,189,11,1,10,278,42,236,60,12,48,0,0,0,0,0,0
483009,Total students enrolled for credit,169,29,140,1,0,1,0,0,0,11,0,11,156,29,127,0,0,0,1,0,1,0,0,0,0,0,0,0,0,0
483009,Undergraduate students,169,29,140,1,0,1,0,0,0,11,0,11,156,29,127,0,0,0,1,0,1,0,0,0,0,0,0,0,0,0
483018,Total students enrolled for credit,233,91,142,2,1,1,9,4,5,18,8,10,25,11,14,1,0,1,151,60,91,17,4,13,10,3,7,0,0,0
483018,Undergraduate students,233,91,142,2,1,1,9,4,5,18,8,10,25,11,14,1,0,1,151,60,91,17,4,13,10,3,7,0,0,0
483036,Total students enrolled for credit,3557,1401,2156,23,8,15,99,42,57,994,337,657,762,293,469,22,11,11,1478,632,846,101,39,62,77,39,38,1,0,1
483036,Undergraduate students,2756,1104,1652,15,6,9,76,34,42,793,288,505,603,224,379,19,10,9,1130,490,640,76,28,48,44,24,20,0,0,0
483036,Graduate student,801,297,504,8,2,6,23,8,15,201,49,152,159,69,90,3,1,2,348,142,206,25,11,14,33,15,18,1,0,1
483045,Total students enrolled for credit,11638,4268,7370,37,13,24,118,41,77,5896,2021,3875,346,123,223,8,4,4,4959,1954,3005,167,55,112,66,27,39,41,30,11
483045,Undergraduate students,11638,4268,7370,37,13,24,118,41,77,5896,2021,3875,346,123,223,8,4,4,4959,1954,3005,167,55,112,66,27,39,41,30,11
483054,Total students enrolled for credit,109,98,11,0,0,0,0,0,0,41,39,2,4,4,0,0,0,0,58,51,7,2,1,1,4,3,1,0,0,0
483054,Undergraduate students,109,98,11,0,0,0,0,0,0,41,39,2,4,4,0,0,0,0,58,51,7,2,1,1,4,3,1,0,0,0
483106,Total students enrolled for credit,207,16,191,0,0,0,6,0,6,39,5,34,40,3,37,0,0,0,101,6,95,15,1,14,6,1,5,0,0,0
483106,Undergraduate students,207,16,191,0,0,0,6,0,6,39,5,34,40,3,37,0,0,0,101,6,95,15,1,14,6,1,5,0,0,0
483124,Total students enrolled for credit,39104,15705,23399,383,132,251,1440,623,817,2877,1100,1777,7127,2733,4394,162,53,109,24958,10271,14687,1644,591,1053,457,179,278,56,23,33
483124,Undergraduate students,31018,13266,17752,293,104,189,1161,544,617,2099,871,1228,5844,2356,3488,130,48,82,19838,8688,11150,1377,515,862,240,122,118,36,18,18
483124,Graduate student,8086,2439,5647,90,28,62,279,79,200,778,229,549,1283,377,906,32,5,27,5120,1583,3537,267,76,191,217,57,160,20,5,15
483212,Total students enrolled for credit,5010,2088,2922,13,6,7,34,17,17,1727,593,1134,139,61,78,5,3,2,2430,1038,1392,81,36,45,574,333,241,7,1,6
483212,Undergraduate students,5010,2088,2922,13,6,7,34,17,17,1727,593,1134,139,61,78,5,3,2,2430,1038,1392,81,36,45,574,333,241,7,1,6
483221,Total students enrolled for credit,349,158,191,0,0,0,8,4,4,0,0,0,0,0,0,0,0,0,1,1,0,0,0,0,0,0,0,340,153,187
483221,Undergraduate students,349,158,191,0,0,0,8,4,4,0,0,0,0,0,0,0,0,0,1,1,0,0,0,0,0,0,0,340,153,187
483230,Total students enrolled for credit,261,256,5,3,3,0,4,4,0,7,7,0,79,77,2,2,2,0,156,153,3,6,6,0,4,4,0,0,0,0
483230,Undergraduate students,261,256,5,3,3,0,4,4,0,7,7,0,79,77,2,2,2,0,156,153,3,6,6,0,4,4,0,0,0,0
483258,Total students enrolled for credit,46,42,4,0,0,0,0,0,0,39,35,4,7,7,0,0,0,0,0,0,0,0,0,0,0,0,0,0,0,0
483258,Undergraduate students,46,42,4,0,0,0,0,0,0,39,35,4,7,7,0,0,0,0,0,0,0,0,0,0,0,0,0,0,0,0
483276,Total students enrolled for credit,69,56,13,0,0,0,0,0,0,53,46,7,12,8,4,0,0,0,2,1,1,2,1,1,0,0,0,0,0,0
483276,Undergraduate students,69,56,13,0,0,0,0,0,0,53,46,7,12,8,4,0,0,0,2,1,1,2,1,1,0,0,0,0,0,0
483319,Total students enrolled for credit,648,97,551,2,1,1,1,0,1,106,22,84,388,54,334,0,0,0,115,14,101,9,3,6,27,3,24,0,0,0
483319,Undergraduate students,648,97,551,2,1,1,1,0,1,106,22,84,388,54,334,0,0,0,115,14,101,9,3,6,27,3,24,0,0,0
483328,Total students enrolled for credit,212,11,201,0,0,0,5,0,5,14,0,14,47,3,44,0,0,0,124,6,118,16,2,14,6,0,6,0,0,0
483328,Undergraduate students,212,11,201,0,0,0,5,0,5,14,0,14,47,3,44,0,0,0,124,6,118,16,2,14,6,0,6,0,0,0
483337,Total students enrolled for credit,213,8,205,1,0,1,1,0,1,44,3,41,8,0,8,0,0,0,151,5,146,8,0,8,0,0,0,0,0,0
483337,Undergraduate students,213,8,205,1,0,1,1,0,1,44,3,41,8,0,8,0,0,0,151,5,146,8,0,8,0,0,0,0,0,0
483346,Total students enrolled for credit,50,3,47,0,0,0,9,0,9,26,1,25,8,1,7,0,0,0,5,1,4,2,0,2,0,0,0,0,0,0
483346,Undergraduate students,50,3,47,0,0,0,9,0,9,26,1,25,8,1,7,0,0,0,5,1,4,2,0,2,0,0,0,0,0,0
483355,Total students enrolled for credit,384,12,372,0,0,0,3,0,3,287,7,280,7,0,7,0,0,0,86,5,81,1,0,1,0,0,0,0,0,0
483355,Undergraduate students,384,12,372,0,0,0,3,0,3,287,7,280,7,0,7,0,0,0,86,5,81,1,0,1,0,0,0,0,0,0
483364,Total students enrolled for credit,282,10,272,0,0,0,0,0,0,124,4,120,15,0,15,2,0,2,135,6,129,6,0,6,0,0,0,0,0,0
483364,Undergraduate students,282,10,272,0,0,0,0,0,0,124,4,120,15,0,15,2,0,2,135,6,129,6,0,6,0,0,0,0,0,0
483373,Total students enrolled for credit,88,7,81,1,0,1,27,4,23,9,1,8,38,2,36,0,0,0,10,0,10,0,0,0,0,0,0,3,0,3
483373,Undergraduate students,88,7,81,1,0,1,27,4,23,9,1,8,38,2,36,0,0,0,10,0,10,0,0,0,0,0,0,3,0,3
483382,Total students enrolled for credit,270,266,4,4,4,0,9,9,0,50,48,2,54,54,0,0,0,0,140,138,2,1,1,0,12,12,0,0,0,0
483382,Undergraduate students,270,266,4,4,4,0,9,9,0,50,48,2,54,54,0,0,0,0,140,138,2,1,1,0,12,12,0,0,0,0
483425,Total students enrolled for credit,73,4,69,0,0,0,0,0,0,9,1,8,4,0,4,0,0,0,60,3,57,0,0,0,0,0,0,0,0,0
483425,Undergraduate students,73,4,69,0,0,0,0,0,0,9,1,8,4,0,4,0,0,0,60,3,57,0,0,0,0,0,0,0,0,0
483443,Total students enrolled for credit,762,638,124,1,1,0,256,240,16,104,83,21,150,111,39,14,10,4,216,179,37,21,14,7,0,0,0,0,0,0
483443,Undergraduate students,762,638,124,1,1,0,256,240,16,104,83,21,150,111,39,14,10,4,216,179,37,21,14,7,0,0,0,0,0,0
483470,Total students enrolled for credit,153,12,141,0,0,0,0,0,0,0,0,0,153,12,141,0,0,0,0,0,0,0,0,0,0,0,0,0,0,0
483470,Undergraduate students,153,12,141,0,0,0,0,0,0,0,0,0,153,12,141,0,0,0,0,0,0,0,0,0,0,0,0,0,0,0
483504,Total students enrolled for credit,814,199,615,8,0,8,2,2,0,603,138,465,40,6,34,0,0,0,119,37,82,20,11,9,21,4,17,1,1,0
483504,Undergraduate students,814,199,615,8,0,8,2,2,0,603,138,465,40,6,34,0,0,0,119,37,82,20,11,9,21,4,17,1,1,0
483513,Total students enrolled for credit,93,43,50,1,0,1,1,0,1,26,16,10,34,17,17,0,0,0,26,7,19,5,3,2,0,0,0,0,0,0
483513,Undergraduate students,93,43,50,1,0,1,1,0,1,26,16,10,34,17,17,0,0,0,26,7,19,5,3,2,0,0,0,0,0,0
483559,Total students enrolled for credit,66,2,64,1,0,1,0,0,0,0,0,0,12,2,10,0,0,0,53,0,53,0,0,0,0,0,0,0,0,0
483559,Undergraduate students,66,2,64,1,0,1,0,0,0,0,0,0,12,2,10,0,0,0,53,0,53,0,0,0,0,0,0,0,0,0
483568,Total students enrolled for credit,159,9,150,0,0,0,0,0,0,11,4,7,10,0,10,0,0,0,134,5,129,0,0,0,4,0,4,0,0,0
483568,Undergraduate students,159,9,150,0,0,0,0,0,0,11,4,7,10,0,10,0,0,0,134,5,129,0,0,0,4,0,4,0,0,0
483577,Total students enrolled for credit,64,9,55,1,0,1,20,7,13,1,0,1,10,1,9,0,0,0,28,1,27,0,0,0,4,0,4,0,0,0
483577,Undergraduate students,64,9,55,1,0,1,20,7,13,1,0,1,10,1,9,0,0,0,28,1,27,0,0,0,4,0,4,0,0,0
483586,Total students enrolled for credit,156,64,92,0,0,0,7,1,6,1,1,0,1,0,1,0,0,0,11,8,3,0,0,0,0,0,0,136,54,82
483586,Undergraduate students,14,6,8,0,0,0,3,1,2,0,0,0,1,0,1,0,0,0,1,1,0,0,0,0,0,0,0,9,4,5
483586,Graduate student,142,58,84,0,0,0,4,0,4,1,1,0,0,0,0,0,0,0,10,7,3,0,0,0,0,0,0,127,50,77
483595,Total students enrolled for credit,155,36,119,0,0,0,0,0,0,0,0,0,155,36,119,0,0,0,0,0,0,0,0,0,0,0,0,0,0,0
483595,Graduate student,155,36,119,0,0,0,0,0,0,0,0,0,155,36,119,0,0,0,0,0,0,0,0,0,0,0,0,0,0,0
483610,Total students enrolled for credit,101,4,97,0,0,0,1,0,1,4,0,4,33,1,32,0,0,0,62,3,59,1,0,1,0,0,0,0,0,0
483610,Undergraduate students,101,4,97,0,0,0,1,0,1,4,0,4,33,1,32,0,0,0,62,3,59,1,0,1,0,0,0,0,0,0
483638,Total students enrolled for credit,253,33,220,0,0,0,15,3,12,165,20,145,27,3,24,0,0,0,27,2,25,7,3,4,6,0,6,6,2,4
483638,Undergraduate students,253,33,220,0,0,0,15,3,12,165,20,145,27,3,24,0,0,0,27,2,25,7,3,4,6,0,6,6,2,4
483647,Total students enrolled for credit,80,11,69,1,0,1,4,1,3,35,5,30,4,3,1,0,0,0,36,2,34,0,0,0,0,0,0,0,0,0
483647,Undergraduate students,80,11,69,1,0,1,4,1,3,35,5,30,4,3,1,0,0,0,36,2,34,0,0,0,0,0,0,0,0,0
483665,Total students enrolled for credit,64,5,59,9,0,9,0,0,0,4,2,2,0,0,0,0,0,0,46,3,43,5,0,5,0,0,0,0,0,0
483665,Undergraduate students,64,5,59,9,0,9,0,0,0,4,2,2,0,0,0,0,0,0,46,3,43,5,0,5,0,0,0,0,0,0
483692,Total students enrolled for credit,71,3,68,1,0,1,0,0,0,9,0,9,31,0,31,0,0,0,23,1,22,6,2,4,1,0,1,0,0,0
483692,Undergraduate students,71,3,68,1,0,1,0,0,0,9,0,9,31,0,31,0,0,0,23,1,22,6,2,4,1,0,1,0,0,0
483708,Total students enrolled for credit,552,66,486,1,0,1,45,9,36,273,32,241,137,10,127,2,0,2,90,15,75,1,0,1,3,0,3,0,0,0
483708,Undergraduate students,552,66,486,1,0,1,45,9,36,273,32,241,137,10,127,2,0,2,90,15,75,1,0,1,3,0,3,0,0,0
483717,Total students enrolled for credit,52,3,49,9,1,8,1,0,1,0,0,0,2,1,1,1,0,1,38,1,37,1,0,1,0,0,0,0,0,0
483717,Undergraduate students,52,3,49,9,1,8,1,0,1,0,0,0,2,1,1,1,0,1,38,1,37,1,0,1,0,0,0,0,0,0
483726,Total students enrolled for credit,62,2,60,0,0,0,1,0,1,50,1,49,2,0,2,0,0,0,8,1,7,0,0,0,1,0,1,0,0,0
483726,Undergraduate students,62,2,60,0,0,0,1,0,1,50,1,49,2,0,2,0,0,0,8,1,7,0,0,0,1,0,1,0,0,0
483735,Total students enrolled for credit,71,2,69,2,0,2,1,0,1,1,0,1,30,1,29,0,0,0,33,1,32,0,0,0,4,0,4,0,0,0
483735,Undergraduate students,71,2,69,2,0,2,1,0,1,1,0,1,30,1,29,0,0,0,33,1,32,0,0,0,4,0,4,0,0,0
483744,Total students enrolled for credit,69,61,8,0,0,0,0,0,0,65,58,7,1,1,0,0,0,0,2,2,0,1,0,1,0,0,0,0,0,0
483744,Undergraduate students,69,61,8,0,0,0,0,0,0,65,58,7,1,1,0,0,0,0,2,2,0,1,0,1,0,0,0,0,0,0
483753,Total students enrolled for credit,78,67,11,0,0,0,1,1,0,25,20,5,25,23,2,0,0,0,26,23,3,1,0,1,0,0,0,0,0,0
483753,Undergraduate students,78,67,11,0,0,0,1,1,0,25,20,5,25,23,2,0,0,0,26,23,3,1,0,1,0,0,0,0,0,0
483780,Total students enrolled for credit,459,258,201,0,0,0,25,17,8,2,0,2,1,0,1,0,0,0,1,1,0,0,0,0,8,5,3,422,235,187
483780,Undergraduate students,222,120,102,0,0,0,5,2,3,2,0,2,0,0,0,0,0,0,0,0,0,0,0,0,0,0,0,215,118,97
483780,Graduate student,237,138,99,0,0,0,20,15,5,0,0,0,1,0,1,0,0,0,1,1,0,0,0,0,8,5,3,207,117,90
483799,Total students enrolled for credit,75,14,61,0,0,0,3,0,3,3,1,2,2,0,2,2,1,1,65,12,53,0,0,0,0,0,0,0,0,0
483799,Undergraduate students,75,14,61,0,0,0,3,0,3,3,1,2,2,0,2,2,1,1,65,12,53,0,0,0,0,0,0,0,0,0
483805,Total students enrolled for credit,119,81,38,3,1,2,4,2,2,48,36,12,13,9,4,2,2,0,36,21,15,11,8,3,2,2,0,0,0,0
483805,Undergraduate students,119,81,38,3,1,2,4,2,2,48,36,12,13,9,4,2,2,0,36,21,15,11,8,3,2,2,0,0,0,0
483814,Total students enrolled for credit,390,68,322,0,0,0,38,8,30,316,59,257,17,1,16,0,0,0,14,0,14,3,0,3,2,0,2,0,0,0
483814,Undergraduate students,390,68,322,0,0,0,38,8,30,316,59,257,17,1,16,0,0,0,14,0,14,3,0,3,2,0,2,0,0,0
483823,Total students enrolled for credit,609,571,38,1,1,0,1,1,0,484,452,32,45,44,1,0,0,0,42,41,1,30,26,4,3,3,0,3,3,0
483823,Undergraduate students,609,571,38,1,1,0,1,1,0,484,452,32,45,44,1,0,0,0,42,41,1,30,26,4,3,3,0,3,3,0
483841,Total students enrolled for credit,258,34,224,0,0,0,239,34,205,0,0,0,19,0,19,0,0,0,0,0,0,0,0,0,0,0,0,0,0,0
483841,Undergraduate students,258,34,224,0,0,0,239,34,205,0,0,0,19,0,19,0,0,0,0,0,0,0,0,0,0,0,0,0,0,0
483850,Total students enrolled for credit,21,2,19,0,0,0,11,0,11,6,2,4,3,0,3,0,0,0,1,0,1,0,0,0,0,0,0,0,0,0
483850,Undergraduate students,21,2,19,0,0,0,11,0,11,6,2,4,3,0,3,0,0,0,1,0,1,0,0,0,0,0,0,0,0,0
483869,Total students enrolled for credit,222,24,198,0,0,0,0,0,0,0,0,0,222,24,198,0,0,0,0,0,0,0,0,0,0,0,0,0,0,0
483869,Undergraduate students,222,24,198,0,0,0,0,0,0,0,0,0,222,24,198,0,0,0,0,0,0,0,0,0,0,0,0,0,0,0
483878,Total students enrolled for credit,237,27,210,2,0,2,65,9,56,49,3,46,67,5,62,12,4,8,30,3,27,1,0,1,11,3,8,0,0,0
483878,Undergraduate students,237,27,210,2,0,2,65,9,56,49,3,46,67,5,62,12,4,8,30,3,27,1,0,1,11,3,8,0,0,0
483887,Total students enrolled for credit,67,15,52,0,0,0,1,0,1,4,0,4,1,0,1,0,0,0,61,15,46,0,0,0,0,0,0,0,0,0
483887,Undergraduate students,67,15,52,0,0,0,1,0,1,4,0,4,1,0,1,0,0,0,61,15,46,0,0,0,0,0,0,0,0,0
483896,Total students enrolled for credit,203,14,189,0,0,0,14,0,14,79,6,73,15,1,14,0,0,0,91,5,86,1,1,0,3,1,2,0,0,0
483896,Undergraduate students,203,14,189,0,0,0,14,0,14,79,6,73,15,1,14,0,0,0,91,5,86,1,1,0,3,1,2,0,0,0
483902,Total students enrolled for credit,60,5,55,0,0,0,0,0,0,0,0,0,60,5,55,0,0,0,0,0,0,0,0,0,0,0,0,0,0,0
483902,Undergraduate students,60,5,55,0,0,0,0,0,0,0,0,0,60,5,55,0,0,0,0,0,0,0,0,0,0,0,0,0,0,0
483911,Total students enrolled for credit,27,3,24,0,0,0,0,0,0,3,0,3,0,0,0,0,0,0,24,3,21,0,0,0,0,0,0,0,0,0
483911,Undergraduate students,27,3,24,0,0,0,0,0,0,3,0,3,0,0,0,0,0,0,24,3,21,0,0,0,0,0,0,0,0,0
483920,Total students enrolled for credit,184,151,33,0,0,0,0,0,0,121,109,12,13,13,0,0,0,0,43,29,14,7,0,7,0,0,0,0,0,0
483920,Undergraduate students,184,151,33,0,0,0,0,0,0,121,109,12,13,13,0,0,0,0,43,29,14,7,0,7,0,0,0,0,0,0
483939,Total students enrolled for credit,36,21,15,0,0,0,0,0,0,34,19,15,1,1,0,0,0,0,1,1,0,0,0,0,0,0,0,0,0,0
483939,Undergraduate students,36,21,15,0,0,0,0,0,0,34,19,15,1,1,0,0,0,0,1,1,0,0,0,0,0,0,0,0,0,0
483948,Total students enrolled for credit,72,58,14,0,0,0,0,0,0,68,54,14,2,2,0,0,0,0,1,1,0,1,1,0,0,0,0,0,0,0
483948,Undergraduate students,72,58,14,0,0,0,0,0,0,68,54,14,2,2,0,0,0,0,1,1,0,1,1,0,0,0,0,0,0,0
483957,Total students enrolled for credit,59,1,58,2,0,2,0,0,0,0,0,0,54,1,53,0,0,0,3,0,3,0,0,0,0,0,0,0,0,0
483957,Undergraduate students,59,1,58,2,0,2,0,0,0,0,0,0,54,1,53,0,0,0,3,0,3,0,0,0,0,0,0,0,0,0
483975,Total students enrolled for credit,608,376,232,4,2,2,93,57,36,37,13,24,27,16,11,1,1,0,401,260,141,24,15,9,21,12,9,0,0,0
483975,Graduate student,608,376,232,4,2,2,93,57,36,37,13,24,27,16,11,1,1,0,401,260,141,24,15,9,21,12,9,0,0,0
483984,Total students enrolled for credit,253,220,33,3,2,1,0,0,0,157,154,3,21,14,7,0,0,0,57,38,19,12,9,3,3,3,0,0,0,0
483984,Undergraduate students,253,220,33,3,2,1,0,0,0,157,154,3,21,14,7,0,0,0,57,38,19,12,9,3,3,3,0,0,0,0
484002,Total students enrolled for credit,871,72,799,4,0,4,42,11,31,132,16,116,454,30,424,1,0,1,214,15,199,23,0,23,0,0,0,1,0,1
484002,Undergraduate students,871,72,799,4,0,4,42,11,31,132,16,116,454,30,424,1,0,1,214,15,199,23,0,23,0,0,0,1,0,1
484011,Total students enrolled for credit,201,32,169,0,0,0,4,1,3,26,4,22,12,5,7,0,0,0,152,22,130,7,0,7,0,0,0,0,0,0
484011,Undergraduate students,201,32,169,0,0,0,4,1,3,26,4,22,12,5,7,0,0,0,152,22,130,7,0,7,0,0,0,0,0,0
484020,Total students enrolled for credit,80,65,15,0,0,0,0,0,0,70,56,14,6,5,1,0,0,0,4,4,0,0,0,0,0,0,0,0,0,0
484020,Undergraduate students,80,65,15,0,0,0,0,0,0,70,56,14,6,5,1,0,0,0,4,4,0,0,0,0,0,0,0,0,0,0
484039,Total students enrolled for credit,128,15,113,1,0,1,0,0,0,69,8,61,29,5,24,0,0,0,20,1,19,2,0,2,0,0,0,7,1,6
484039,Undergraduate students,128,15,113,1,0,1,0,0,0,69,8,61,29,5,24,0,0,0,20,1,19,2,0,2,0,0,0,7,1,6
484048,Total students enrolled for credit,33,28,5,0,0,0,2,2,0,19,15,4,6,6,0,0,0,0,6,5,1,0,0,0,0,0,0,0,0,0
484048,Undergraduate students,33,28,5,0,0,0,2,2,0,19,15,4,6,6,0,0,0,0,6,5,1,0,0,0,0,0,0,0,0,0
484057,Total students enrolled for credit,389,31,358,0,0,0,337,30,307,20,0,20,20,1,19,0,0,0,9,0,9,3,0,3,0,0,0,0,0,0
484057,Undergraduate students,389,31,358,0,0,0,337,30,307,20,0,20,20,1,19,0,0,0,9,0,9,3,0,3,0,0,0,0,0,0
484066,Total students enrolled for credit,386,10,376,1,0,1,4,0,4,81,2,79,24,0,24,1,0,1,255,6,249,17,1,16,3,1,2,0,0,0
484066,Undergraduate students,386,10,376,1,0,1,4,0,4,81,2,79,24,0,24,1,0,1,255,6,249,17,1,16,3,1,2,0,0,0
484075,Total students enrolled for credit,53,42,11,0,0,0,1,1,0,36,26,10,4,4,0,0,0,0,12,11,1,0,0,0,0,0,0,0,0,0
484075,Undergraduate students,53,42,11,0,0,0,1,1,0,36,26,10,4,4,0,0,0,0,12,11,1,0,0,0,0,0,0,0,0,0
484084,Total students enrolled for credit,99,0,99,0,0,0,0,0,0,17,0,17,16,0,16,0,0,0,64,0,64,2,0,2,0,0,0,0,0,0
484084,Undergraduate students,99,0,99,0,0,0,0,0,0,17,0,17,16,0,16,0,0,0,64,0,64,2,0,2,0,0,0,0,0,0
484093,Total students enrolled for credit,36,1,35,2,0,2,0,0,0,13,1,12,0,0,0,0,0,0,21,0,21,0,0,0,0,0,0,0,0,0
484093,Undergraduate students,36,1,35,2,0,2,0,0,0,13,1,12,0,0,0,0,0,0,21,0,21,0,0,0,0,0,0,0,0,0
484109,Total students enrolled for credit,137,4,133,0,0,0,0,0,0,25,1,24,12,0,12,0,0,0,97,3,94,2,0,2,1,0,1,0,0,0
484109,Undergraduate students,137,4,133,0,0,0,0,0,0,25,1,24,12,0,12,0,0,0,97,3,94,2,0,2,1,0,1,0,0,0
484118,Total students enrolled for credit,99,6,93,0,0,0,3,2,1,27,0,27,6,1,5,0,0,0,59,3,56,4,0,4,0,0,0,0,0,0
484118,Undergraduate students,99,6,93,0,0,0,3,2,1,27,0,27,6,1,5,0,0,0,59,3,56,4,0,4,0,0,0,0,0,0
484127,Total students enrolled for credit,158,29,129,0,0,0,1,0,1,13,5,8,28,5,23,0,0,0,115,19,96,0,0,0,1,0,1,0,0,0
484127,Undergraduate students,158,29,129,0,0,0,1,0,1,13,5,8,28,5,23,0,0,0,115,19,96,0,0,0,1,0,1,0,0,0
484136,Total students enrolled for credit,49,7,42,1,0,1,2,0,2,36,6,30,6,1,5,0,0,0,2,0,2,0,0,0,2,0,2,0,0,0
484136,Undergraduate students,49,7,42,1,0,1,2,0,2,36,6,30,6,1,5,0,0,0,2,0,2,0,0,0,2,0,2,0,0,0
484154,Total students enrolled for credit,191,99,92,0,0,0,0,0,0,188,98,90,0,0,0,0,0,0,3,1,2,0,0,0,0,0,0,0,0,0
484154,Undergraduate students,191,99,92,0,0,0,0,0,0,188,98,90,0,0,0,0,0,0,3,1,2,0,0,0,0,0,0,0,0,0
484163,Total students enrolled for credit,238,59,179,5,1,4,4,0,4,6,3,3,31,5,26,0,0,0,182,49,133,10,1,9,0,0,0,0,0,0
484163,Undergraduate students,238,59,179,5,1,4,4,0,4,6,3,3,31,5,26,0,0,0,182,49,133,10,1,9,0,0,0,0,0,0
484172,Total students enrolled for credit,119,43,76,0,0,0,0,0,0,0,0,0,117,42,75,0,0,0,2,1,1,0,0,0,0,0,0,0,0,0
484172,Undergraduate students,119,43,76,0,0,0,0,0,0,0,0,0,117,42,75,0,0,0,2,1,1,0,0,0,0,0,0,0,0,0
484190,Total students enrolled for credit,42,34,8,0,0,0,2,2,0,34,26,8,0,0,0,0,0,0,6,6,0,0,0,0,0,0,0,0,0,0
484190,Undergraduate students,42,34,8,0,0,0,2,2,0,34,26,8,0,0,0,0,0,0,6,6,0,0,0,0,0,0,0,0,0,0
484206,Total students enrolled for credit,218,5,213,3,0,3,26,0,26,7,0,7,101,3,98,6,0,6,73,2,71,0,0,0,2,0,2,0,0,0
484206,Undergraduate students,218,5,213,3,0,3,26,0,26,7,0,7,101,3,98,6,0,6,73,2,71,0,0,0,2,0,2,0,0,0
484233,Total students enrolled for credit,342,268,74,0,0,0,9,5,4,15,10,5,158,120,38,0,0,0,121,103,18,23,20,3,16,10,6,0,0,0
484233,Undergraduate students,342,268,74,0,0,0,9,5,4,15,10,5,158,120,38,0,0,0,121,103,18,23,20,3,16,10,6,0,0,0
484303,Total students enrolled for credit,52,3,49,0,0,0,10,0,10,0,0,0,2,0,2,0,0,0,38,3,35,1,0,1,0,0,0,1,0,1
484303,Undergraduate students,52,3,49,0,0,0,10,0,10,0,0,0,2,0,2,0,0,0,38,3,35,1,0,1,0,0,0,1,0,1
484321,Total students enrolled for credit,122,17,105,0,0,0,0,0,0,44,7,37,18,3,15,0,0,0,56,6,50,0,0,0,4,1,3,0,0,0
484321,Undergraduate students,122,17,105,0,0,0,0,0,0,44,7,37,18,3,15,0,0,0,56,6,50,0,0,0,4,1,3,0,0,0
484330,Total students enrolled for credit,121,5,116,0,0,0,0,0,0,20,2,18,2,0,2,0,0,0,93,3,90,2,0,2,4,0,4,0,0,0
484330,Undergraduate students,121,5,116,0,0,0,0,0,0,20,2,18,2,0,2,0,0,0,93,3,90,2,0,2,4,0,4,0,0,0
484349,Total students enrolled for credit,219,9,210,0,0,0,1,1,0,48,2,46,11,0,11,0,0,0,145,5,140,12,1,11,2,0,2,0,0,0
484349,Undergraduate students,219,9,210,0,0,0,1,1,0,48,2,46,11,0,11,0,0,0,145,5,140,12,1,11,2,0,2,0,0,0
484358,Total students enrolled for credit,329,30,299,1,0,1,0,0,0,18,4,14,13,1,12,0,0,0,287,24,263,8,1,7,1,0,1,1,0,1
484358,Undergraduate students,329,30,299,1,0,1,0,0,0,18,4,14,13,1,12,0,0,0,287,24,263,8,1,7,1,0,1,1,0,1
484367,Total students enrolled for credit,371,45,326,3,0,3,29,6,23,15,1,14,275,31,244,1,0,1,26,3,23,9,1,8,13,3,10,0,0,0
484367,Undergraduate students,371,45,326,3,0,3,29,6,23,15,1,14,275,31,244,1,0,1,26,3,23,9,1,8,13,3,10,0,0,0
484376,Total students enrolled for credit,529,60,469,3,0,3,67,9,58,87,9,78,270,25,245,3,0,3,39,5,34,22,1,21,38,11,27,0,0,0
484376,Undergraduate students,529,60,469,3,0,3,67,9,58,87,9,78,270,25,245,3,0,3,39,5,34,22,1,21,38,11,27,0,0,0
484385,Total students enrolled for credit,493,94,399,2,0,2,4,0,4,163,34,129,222,37,185,1,0,1,67,14,53,1,0,1,33,9,24,0,0,0
484385,Undergraduate students,493,94,399,2,0,2,4,0,4,163,34,129,222,37,185,1,0,1,67,14,53,1,0,1,33,9,24,0,0,0
484394,Total students enrolled for credit,202,4,198,0,0,0,2,0,2,3,0,3,18,1,17,3,0,3,171,3,168,5,0,5,0,0,0,0,0,0
484394,Undergraduate students,202,4,198,0,0,0,2,0,2,3,0,3,18,1,17,3,0,3,171,3,168,5,0,5,0,0,0,0,0,0
484473,Total students enrolled for credit,2911,1215,1696,30,13,17,109,46,63,201,77,124,506,211,295,12,7,5,1854,775,1079,55,20,35,125,55,70,19,11,8
484473,Undergraduate students,2911,1215,1696,30,13,17,109,46,63,201,77,124,506,211,295,12,7,5,1854,775,1079,55,20,35,125,55,70,19,11,8
484604,Total students enrolled for credit,632,23,609,0,0,0,24,0,24,294,5,289,168,10,158,1,0,1,81,6,75,38,2,36,26,0,26,0,0,0
484604,Undergraduate students,632,23,609,0,0,0,24,0,24,294,5,289,168,10,158,1,0,1,81,6,75,38,2,36,26,0,26,0,0,0
484613,Total students enrolled for credit,190750,58879,131871,1024,270,754,2375,818,1557,38516,8530,29986,16825,5267,11558,1071,318,753,54329,17404,36925,4411,1224,3187,69061,23838,45223,3138,1210,1928
484613,Undergraduate students,147207,46872,100335,748,216,532,1501,545,956,29287,6555,22732,13372,4228,9144,803,242,561,41742,13809,27933,3625,1006,2619,54054,19487,34567,2075,784,1291
484613,Graduate student,43543,12007,31536,276,54,222,874,273,601,9229,1975,7254,3453,1039,2414,268,76,192,12587,3595,8992,786,218,568,15007,4351,10656,1063,426,637
484622,Total students enrolled for credit,101,24,77,1,1,0,0,0,0,32,7,25,6,1,5,1,1,0,35,7,28,7,2,5,19,5,14,0,0,0
484622,Undergraduate students,99,24,75,1,1,0,0,0,0,31,7,24,6,1,5,1,1,0,34,7,27,7,2,5,19,5,14,0,0,0
484622,Graduate student,2,0,2,0,0,0,0,0,0,1,0,1,0,0,0,0,0,0,1,0,1,0,0,0,0,0,0,0,0,0
484631,Total students enrolled for credit,16817,9482,7335,66,35,31,724,362,362,1777,783,994,4227,2067,2160,241,129,112,2961,1845,1116,390,208,182,6214,3968,2246,217,85,132
484631,Undergraduate students,13757,8099,5658,54,29,25,515,274,241,1344,621,723,3447,1744,1703,197,106,91,2329,1514,815,321,174,147,5385,3569,1816,165,68,97
484631,Graduate student,3060,1383,1677,12,6,6,209,88,121,433,162,271,780,323,457,44,23,21,632,331,301,69,34,35,829,399,430,52,17,35
484640,Total students enrolled for credit,668,343,325,6,2,4,12,7,5,64,32,32,92,36,56,7,1,6,291,153,138,10,4,6,185,107,78,1,1,0
484640,Undergraduate students,572,303,269,5,2,3,9,6,3,52,27,25,80,30,50,6,1,5,242,132,110,9,4,5,168,100,68,1,1,0
484640,Graduate student,96,40,56,1,0,1,3,1,2,12,5,7,12,6,6,1,0,1,49,21,28,1,0,1,17,7,10,0,0,0
484668,Total students enrolled for credit,1572,863,709,1,1,0,15,8,7,444,198,246,324,188,136,6,4,2,264,168,96,26,12,14,439,270,169,53,14,39
484668,Undergraduate students,1275,700,575,1,1,0,13,7,6,356,157,199,258,147,111,5,4,1,218,138,80,19,9,10,366,227,139,39,10,29
484668,Graduate student,297,163,134,0,0,0,2,1,1,88,41,47,66,41,25,1,0,1,46,30,16,7,3,4,73,43,30,14,4,10
484677,Total students enrolled for credit,1066,417,649,4,1,3,2,0,2,559,181,378,47,21,26,6,4,2,128,72,56,30,10,20,280,123,157,10,5,5
484677,Undergraduate students,926,363,563,3,1,2,2,0,2,484,153,331,38,17,21,4,3,1,117,66,51,28,10,18,242,108,134,8,5,3
484677,Graduate student,140,54,86,1,0,1,0,0,0,75,28,47,9,4,5,2,1,1,11,6,5,2,0,2,38,15,23,2,0,2
484686,Total students enrolled for credit,200,54,146,0,0,0,0,0,0,112,18,94,8,6,2,1,0,1,40,18,22,5,2,3,34,10,24,0,0,0
484686,Undergraduate students,173,46,127,0,0,0,0,0,0,94,15,79,7,5,2,1,0,1,36,15,21,4,2,2,31,9,22,0,0,0
484686,Graduate student,27,8,19,0,0,0,0,0,0,18,3,15,1,1,0,0,0,0,4,3,1,1,0,1,3,1,2,0,0,0
484695,Total students enrolled for credit,407,103,304,0,0,0,3,1,2,224,49,175,9,7,2,0,0,0,34,10,24,2,2,0,135,34,101,0,0,0
484695,Undergraduate students,319,76,243,0,0,0,2,0,2,179,36,143,7,6,1,0,0,0,30,10,20,1,1,0,100,23,77,0,0,0
484695,Graduate student,88,27,61,0,0,0,1,1,0,45,13,32,2,1,1,0,0,0,4,0,4,1,1,0,35,11,24,0,0,0
484701,Total students enrolled for credit,226,65,161,0,0,0,1,0,1,98,15,83,11,4,7,1,0,1,48,20,28,13,4,9,53,21,32,1,1,0
484701,Undergraduate students,211,57,154,0,0,0,0,0,0,92,13,79,11,4,7,1,0,1,42,16,26,13,4,9,52,20,32,0,0,0
484701,Graduate student,15,8,7,0,0,0,1,0,1,6,2,4,0,0,0,0,0,0,6,4,2,0,0,0,1,1,0,1,1,0
484710,Total students enrolled for credit,1082,489,593,1,1,0,28,16,12,222,84,138,191,78,113,25,13,12,227,99,128,44,18,26,335,178,157,9,2,7
484710,Undergraduate students,877,414,463,1,1,0,21,13,8,180,69,111,156,64,92,22,13,9,166,79,87,37,15,22,288,158,130,6,2,4
484710,Graduate student,205,75,130,0,0,0,7,3,4,42,15,27,35,14,21,3,0,3,61,20,41,7,3,4,47,20,27,3,0,3
484729,Total students enrolled for credit,324,116,208,4,0,4,1,0,1,170,54,116,14,3,11,1,0,1,38,23,15,8,2,6,82,33,49,6,1,5
484729,Undergraduate students,261,97,164,3,0,3,1,0,1,137,42,95,12,3,9,1,0,1,33,20,13,7,2,5,63,29,34,4,1,3
484729,Graduate student,63,19,44,1,0,1,0,0,0,33,12,21,2,0,2,0,0,0,5,3,2,1,0,1,19,4,15,2,0,2
484738,Total students enrolled for credit,82,24,58,1,1,0,2,1,1,33,6,27,6,0,6,0,0,0,22,9,13,1,1,0,17,6,11,0,0,0
484738,Undergraduate students,77,22,55,1,1,0,2,1,1,31,5,26,6,0,6,0,0,0,21,9,12,1,1,0,15,5,10,0,0,0
484738,Graduate student,5,2,3,0,0,0,0,0,0,2,1,1,0,0,0,0,0,0,1,0,1,0,0,0,2,1,1,0,0,0
484747,Total students enrolled for credit,660,215,445,1,0,1,0,0,0,317,74,243,14,4,10,1,0,1,179,80,99,14,4,10,128,50,78,6,3,3
484747,Undergraduate students,604,196,408,0,0,0,0,0,0,288,67,221,13,3,10,1,0,1,166,74,92,12,3,9,122,48,74,2,1,1
484747,Graduate student,56,19,37,1,0,1,0,0,0,29,7,22,1,1,0,0,0,0,13,6,7,2,1,1,6,2,4,4,2,2
484756,Total students enrolled for credit,3161,1732,1429,6,4,2,30,21,9,863,374,489,675,342,333,25,11,14,424,275,149,64,31,33,1023,645,378,51,29,22
484756,Undergraduate students,2698,1468,1230,5,3,2,21,14,7,724,303,421,577,293,284,21,8,13,358,230,128,51,24,27,902,574,328,39,19,20
484756,Graduate student,463,264,199,1,1,0,9,7,2,139,71,68,98,49,49,4,3,1,66,45,21,13,7,6,121,71,50,12,10,2
484765,Total students enrolled for credit,647,415,232,1,1,0,6,4,2,210,109,101,47,33,14,2,1,1,130,96,34,21,10,11,225,157,68,5,4,1
484765,Undergraduate students,465,295,170,1,1,0,2,2,0,151,73,78,30,19,11,1,1,0,93,67,26,16,10,6,168,119,49,3,3,0
484765,Graduate student,182,120,62,0,0,0,4,2,2,59,36,23,17,14,3,1,0,1,37,29,8,5,0,5,57,38,19,2,1,1
484783,Total students enrolled for credit,293,89,204,2,0,2,2,1,1,145,36,109,18,8,10,1,1,0,27,7,20,9,1,8,82,32,50,7,3,4
484783,Undergraduate students,283,85,198,2,0,2,2,1,1,138,32,106,17,8,9,1,1,0,26,7,19,9,1,8,81,32,49,7,3,4
484783,Graduate student,10,4,6,0,0,0,0,0,0,7,4,3,1,0,1,0,0,0,1,0,1,0,0,0,1,0,1,0,0,0
484826,Total students enrolled for credit,163,7,156,1,0,1,9,0,9,18,2,16,19,1,18,4,0,4,104,4,100,5,0,5,2,0,2,1,0,1
484826,Undergraduate students,163,7,156,1,0,1,9,0,9,18,2,16,19,1,18,4,0,4,104,4,100,5,0,5,2,0,2,1,0,1
484835,Total students enrolled for credit,352,116,236,0,0,0,0,0,0,0,0,0,352,116,236,0,0,0,0,0,0,0,0,0,0,0,0,0,0,0
484835,Undergraduate students,352,116,236,0,0,0,0,0,0,0,0,0,352,116,236,0,0,0,0,0,0,0,0,0,0,0,0,0,0,0
484844,Total students enrolled for credit,291,135,156,0,0,0,13,3,10,1,0,1,5,3,2,0,0,0,45,20,25,4,0,4,10,4,6,213,105,108
484844,Undergraduate students,281,131,150,0,0,0,12,3,9,1,0,1,5,3,2,0,0,0,45,20,25,4,0,4,7,3,4,207,102,105
484844,Graduate student,10,4,6,0,0,0,1,0,1,0,0,0,0,0,0,0,0,0,0,0,0,0,0,0,3,1,2,6,3,3
484862,Total students enrolled for credit,251,101,150,2,1,1,10,5,5,32,12,20,42,13,29,0,0,0,122,48,74,0,0,0,42,22,20,1,0,1
484862,Graduate student,251,101,150,2,1,1,10,5,5,32,12,20,42,13,29,0,0,0,122,48,74,0,0,0,42,22,20,1,0,1
484871,Total students enrolled for credit,114,114,0,0,0,0,0,0,0,0,0,0,0,0,0,0,0,0,114,114,0,0,0,0,0,0,0,0,0,0
484871,Undergraduate students,114,114,0,0,0,0,0,0,0,0,0,0,0,0,0,0,0,0,114,114,0,0,0,0,0,0,0,0,0,0
484899,Total students enrolled for credit,263,14,249,8,1,7,6,0,6,12,1,11,63,5,58,1,0,1,157,7,150,14,0,14,2,0,2,0,0,0
484899,Undergraduate students,263,14,249,8,1,7,6,0,6,12,1,11,63,5,58,1,0,1,157,7,150,14,0,14,2,0,2,0,0,0
484905,Total students enrolled for credit,3613,1201,2412,11,6,5,80,44,36,1270,378,892,1516,499,1017,3,2,1,591,228,363,74,21,53,39,13,26,29,10,19
484905,Undergraduate students,2697,878,1819,7,2,5,47,28,19,921,275,646,1304,426,878,2,1,1,321,115,206,46,14,32,23,8,15,26,9,17
484905,Graduate student,916,323,593,4,4,0,33,16,17,349,103,246,212,73,139,1,1,0,270,113,157,28,7,21,16,5,11,3,1,2
484923,Total students enrolled for credit,161,1,160,0,0,0,17,0,17,33,1,32,10,0,10,0,0,0,77,0,77,15,0,15,9,0,9,0,0,0
484923,Undergraduate students,161,1,160,0,0,0,17,0,17,33,1,32,10,0,10,0,0,0,77,0,77,15,0,15,9,0,9,0,0,0
484932,Total students enrolled for credit,2981,1301,1680,25,11,14,17,7,10,205,79,126,37,18,19,0,0,0,2686,1183,1503,0,0,0,1,0,1,10,3,7
484932,Undergraduate students,2981,1301,1680,25,11,14,17,7,10,205,79,126,37,18,19,0,0,0,2686,1183,1503,0,0,0,1,0,1,10,3,7
484950,Total students enrolled for credit,213,13,200,3,0,3,1,0,1,2,0,2,23,4,19,1,0,1,172,8,164,9,1,8,2,0,2,0,0,0
484950,Undergraduate students,213,13,200,3,0,3,1,0,1,2,0,2,23,4,19,1,0,1,172,8,164,9,1,8,2,0,2,0,0,0
484978,Total students enrolled for credit,539,97,442,2,1,1,2,0,2,266,38,228,54,17,37,0,0,0,116,23,93,8,2,6,91,16,75,0,0,0
484978,Undergraduate students,539,97,442,2,1,1,2,0,2,266,38,228,54,17,37,0,0,0,116,23,93,8,2,6,91,16,75,0,0,0
484996,Total students enrolled for credit,120,4,116,0,0,0,3,1,2,27,1,26,89,2,87,0,0,0,1,0,1,0,0,0,0,0,0,0,0,0
484996,Undergraduate students,120,4,116,0,0,0,3,1,2,27,1,26,89,2,87,0,0,0,1,0,1,0,0,0,0,0,0,0,0,0
485014,Total students enrolled for credit,150,7,143,1,0,1,4,0,4,97,6,91,19,1,18,1,0,1,20,0,20,1,0,1,7,0,7,0,0,0
485014,Undergraduate students,150,7,143,1,0,1,4,0,4,97,6,91,19,1,18,1,0,1,20,0,20,1,0,1,7,0,7,0,0,0
485032,Total students enrolled for credit,259,18,241,0,0,0,0,0,0,82,3,79,13,2,11,1,0,1,162,12,150,0,0,0,1,1,0,0,0,0
485032,Undergraduate students,259,18,241,0,0,0,0,0,0,82,3,79,13,2,11,1,0,1,162,12,150,0,0,0,1,1,0,0,0,0
485078,Total students enrolled for credit,367,145,222,2,1,1,21,5,16,19,3,16,77,29,48,2,1,1,197,80,117,10,2,8,14,7,7,25,17,8
485078,Undergraduate students,342,128,214,2,1,1,20,5,15,18,3,15,77,29,48,2,1,1,194,79,115,10,2,8,14,7,7,5,1,4
485078,Graduate student,25,17,8,0,0,0,1,0,1,1,0,1,0,0,0,0,0,0,3,1,2,0,0,0,0,0,0,20,16,4
485111,Total students enrolled for credit,14343,5614,8729,402,198,204,303,143,160,6222,2166,4056,864,381,483,59,25,34,6091,2534,3557,45,17,28,323,126,197,34,24,10
485111,Undergraduate students,14343,5614,8729,402,198,204,303,143,160,6222,2166,4056,864,381,483,59,25,34,6091,2534,3557,45,17,28,323,126,197,34,24,10
485120,Total students enrolled for credit,231,6,225,0,0,0,4,0,4,107,1,106,15,1,14,2,0,2,96,3,93,1,0,1,5,0,5,1,1,0
485120,Undergraduate students,231,6,225,0,0,0,4,0,4,107,1,106,15,1,14,2,0,2,96,3,93,1,0,1,5,0,5,1,1,0
485139,Total students enrolled for credit,316,266,50,0,0,0,6,6,0,163,139,24,71,62,9,3,2,1,50,40,10,13,12,1,10,5,5,0,0,0
485139,Undergraduate students,316,266,50,0,0,0,6,6,0,163,139,24,71,62,9,3,2,1,50,40,10,13,12,1,10,5,5,0,0,0
485166,Total students enrolled for credit,98,20,78,0,0,0,4,1,3,8,4,4,19,4,15,0,0,0,61,9,52,2,1,1,4,1,3,0,0,0
485166,Undergraduate students,98,20,78,0,0,0,4,1,3,8,4,4,19,4,15,0,0,0,61,9,52,2,1,1,4,1,3,0,0,0
485236,Total students enrolled for credit,56,2,54,0,0,0,3,0,3,2,0,2,0,0,0,0,0,0,48,2,46,0,0,0,3,0,3,0,0,0
485236,Undergraduate students,56,2,54,0,0,0,3,0,3,2,0,2,0,0,0,0,0,0,48,2,46,0,0,0,3,0,3,0,0,0
485263,Total students enrolled for credit,1327,613,714,13,3,10,168,88,80,240,130,110,439,168,271,31,6,25,256,133,123,132,62,70,48,23,25,0,0,0
485263,Undergraduate students,1327,613,714,13,3,10,168,88,80,240,130,110,439,168,271,31,6,25,256,133,123,132,62,70,48,23,25,0,0,0
485272,Total students enrolled for credit,748,97,651,0,0,0,23,3,20,181,18,163,450,65,385,3,0,3,72,8,64,13,2,11,6,1,5,0,0,0
485272,Undergraduate students,748,97,651,0,0,0,23,3,20,181,18,163,450,65,385,3,0,3,72,8,64,13,2,11,6,1,5,0,0,0
485281,Total students enrolled for credit,147,39,108,3,0,3,2,1,1,95,28,67,19,3,16,0,0,0,17,5,12,4,0,4,7,2,5,0,0,0
485281,Undergraduate students,147,39,108,3,0,3,2,1,1,95,28,67,19,3,16,0,0,0,17,5,12,4,0,4,7,2,5,0,0,0
485290,Total students enrolled for credit,665,229,436,17,4,13,27,11,16,146,43,103,64,21,43,4,2,2,296,103,193,25,8,17,50,19,31,36,18,18
485290,Graduate student,665,229,436,17,4,13,27,11,16,146,43,103,64,21,43,4,2,2,296,103,193,25,8,17,50,19,31,36,18,18
485306,Total students enrolled for credit,62,5,57,1,0,1,1,0,1,1,0,1,10,1,9,0,0,0,47,4,43,1,0,1,1,0,1,0,0,0
485306,Undergraduate students,62,5,57,1,0,1,1,0,1,1,0,1,10,1,9,0,0,0,47,4,43,1,0,1,1,0,1,0,0,0
485342,Total students enrolled for credit,270,108,162,3,0,3,3,2,1,35,22,13,82,32,50,0,0,0,140,51,89,7,1,6,0,0,0,0,0,0
485342,Undergraduate students,270,108,162,3,0,3,3,2,1,35,22,13,82,32,50,0,0,0,140,51,89,7,1,6,0,0,0,0,0,0
485351,Total students enrolled for credit,519,273,246,1,1,0,4,2,2,108,44,64,232,116,116,1,1,0,152,99,53,17,10,7,0,0,0,4,0,4
485351,Undergraduate students,519,273,246,1,1,0,4,2,2,108,44,64,232,116,116,1,1,0,152,99,53,17,10,7,0,0,0,4,0,4
485360,Total students enrolled for credit,57,7,50,0,0,0,0,0,0,43,5,38,5,2,3,0,0,0,8,0,8,0,0,0,1,0,1,0,0,0
485360,Undergraduate students,57,7,50,0,0,0,0,0,0,43,5,38,5,2,3,0,0,0,8,0,8,0,0,0,1,0,1,0,0,0
485379,Total students enrolled for credit,229,51,178,0,0,0,2,0,2,76,18,58,92,24,68,0,0,0,51,9,42,3,0,3,5,0,5,0,0,0
485379,Undergraduate students,229,51,178,0,0,0,2,0,2,76,18,58,92,24,68,0,0,0,51,9,42,3,0,3,5,0,5,0,0,0
485388,Total students enrolled for credit,344,49,295,1,0,1,9,1,8,81,9,72,190,32,158,0,0,0,51,5,46,9,2,7,3,0,3,0,0,0
485388,Undergraduate students,344,49,295,1,0,1,9,1,8,81,9,72,190,32,158,0,0,0,51,5,46,9,2,7,3,0,3,0,0,0
485397,Total students enrolled for credit,204,4,200,2,0,2,1,0,1,160,3,157,5,0,5,1,0,1,4,1,3,8,0,8,23,0,23,0,0,0
485397,Undergraduate students,204,4,200,2,0,2,1,0,1,160,3,157,5,0,5,1,0,1,4,1,3,8,0,8,23,0,23,0,0,0
485403,Total students enrolled for credit,28,8,20,0,0,0,8,1,7,3,1,2,4,1,3,0,0,0,11,4,7,1,0,1,0,0,0,1,1,0
485403,Graduate student,28,8,20,0,0,0,8,1,7,3,1,2,4,1,3,0,0,0,11,4,7,1,0,1,0,0,0,1,1,0
485412,Total students enrolled for credit,69,16,53,2,0,2,4,0,4,11,2,9,33,11,22,0,0,0,18,3,15,1,0,1,0,0,0,0,0,0
485412,Undergraduate students,69,16,53,2,0,2,4,0,4,11,2,9,33,11,22,0,0,0,18,3,15,1,0,1,0,0,0,0,0,0
485421,Total students enrolled for credit,256,94,162,0,0,0,0,0,0,0,0,0,256,94,162,0,0,0,0,0,0,0,0,0,0,0,0,0,0,0
485421,Undergraduate students,256,94,162,0,0,0,0,0,0,0,0,0,256,94,162,0,0,0,0,0,0,0,0,0,0,0,0,0,0,0
485458,Total students enrolled for credit,4370,1739,2631,14,7,7,45,19,26,1006,306,700,182,83,99,2,1,1,3031,1291,1740,59,19,40,20,5,15,11,8,3
485458,Undergraduate students,4370,1739,2631,14,7,7,45,19,26,1006,306,700,182,83,99,2,1,1,3031,1291,1740,59,19,40,20,5,15,11,8,3
485476,Total students enrolled for credit,89,3,86,2,0,2,1,0,1,2,1,1,3,0,3,1,0,1,72,2,70,8,0,8,0,0,0,0,0,0
485476,Undergraduate students,89,3,86,2,0,2,1,0,1,2,1,1,3,0,3,1,0,1,72,2,70,8,0,8,0,0,0,0,0,0
485485,Total students enrolled for credit,149,26,123,0,0,0,1,0,1,6,2,4,141,23,118,0,0,0,1,1,0,0,0,0,0,0,0,0,0,0
485485,Undergraduate students,149,26,123,0,0,0,1,0,1,6,2,4,141,23,118,0,0,0,1,1,0,0,0,0,0,0,0,0,0,0
485494,Total students enrolled for credit,127,108,19,0,0,0,12,9,3,31,28,3,45,38,7,0,0,0,35,29,6,0,0,0,4,4,0,0,0,0
485494,Undergraduate students,127,108,19,0,0,0,12,9,3,31,28,3,45,38,7,0,0,0,35,29,6,0,0,0,4,4,0,0,0,0
485500,Total students enrolled for credit,125,102,23,0,0,0,21,18,3,43,38,5,31,23,8,2,2,0,16,14,2,6,1,5,6,6,0,0,0,0
485500,Undergraduate students,125,102,23,0,0,0,21,18,3,43,38,5,31,23,8,2,2,0,16,14,2,6,1,5,6,6,0,0,0,0
485519,Total students enrolled for credit,825,566,259,9,7,2,13,9,4,181,134,47,77,56,21,6,3,3,469,312,157,23,15,8,38,25,13,9,5,4
485519,Undergraduate students,825,566,259,9,7,2,13,9,4,181,134,47,77,56,21,6,3,3,469,312,157,23,15,8,38,25,13,9,5,4
485528,Total students enrolled for credit,48,26,22,0,0,0,0,0,0,5,2,3,28,17,11,0,0,0,15,7,8,0,0,0,0,0,0,0,0,0
485528,Undergraduate students,48,26,22,0,0,0,0,0,0,5,2,3,28,17,11,0,0,0,15,7,8,0,0,0,0,0,0,0,0,0
485537,Total students enrolled for credit,42,15,27,0,0,0,4,2,2,9,5,4,3,2,1,0,0,0,18,3,15,1,0,1,5,2,3,2,1,1
485537,Graduate student,42,15,27,0,0,0,4,2,2,9,5,4,3,2,1,0,0,0,18,3,15,1,0,1,5,2,3,2,1,1
485546,Total students enrolled for credit,723,397,326,9,3,6,73,44,29,260,147,113,82,42,40,10,3,7,201,105,96,16,10,6,72,43,29,0,0,0
485546,Undergraduate students,198,90,108,3,0,3,11,7,4,55,27,28,45,24,21,4,2,2,66,24,42,6,4,2,8,2,6,0,0,0
485546,Graduate student,525,307,218,6,3,3,62,37,25,205,120,85,37,18,19,6,1,5,135,81,54,10,6,4,64,41,23,0,0,0
485564,Total students enrolled for credit,180,15,165,0,0,0,1,0,1,131,10,121,3,0,3,0,0,0,45,5,40,0,0,0,0,0,0,0,0,0
485564,Undergraduate students,180,15,165,0,0,0,1,0,1,131,10,121,3,0,3,0,0,0,45,5,40,0,0,0,0,0,0,0,0,0
485573,Total students enrolled for credit,131,13,118,0,0,0,0,0,0,0,0,0,30,3,27,0,0,0,99,10,89,0,0,0,1,0,1,1,0,1
485573,Undergraduate students,131,13,118,0,0,0,0,0,0,0,0,0,30,3,27,0,0,0,99,10,89,0,0,0,1,0,1,1,0,1
485582,Total students enrolled for credit,177,4,173,0,0,0,7,1,6,7,1,6,10,0,10,0,0,0,126,2,124,3,0,3,24,0,24,0,0,0
485582,Undergraduate students,177,4,173,0,0,0,7,1,6,7,1,6,10,0,10,0,0,0,126,2,124,3,0,3,24,0,24,0,0,0
485591,Total students enrolled for credit,37,3,34,0,0,0,0,0,0,36,3,33,0,0,0,0,0,0,1,0,1,0,0,0,0,0,0,0,0,0
485591,Undergraduate students,37,3,34,0,0,0,0,0,0,36,3,33,0,0,0,0,0,0,1,0,1,0,0,0,0,0,0,0,0,0
485607,Total students enrolled for credit,72,4,68,1,0,1,0,0,0,15,2,13,38,1,37,0,0,0,18,1,17,0,0,0,0,0,0,0,0,0
485607,Undergraduate students,72,4,68,1,0,1,0,0,0,15,2,13,38,1,37,0,0,0,18,1,17,0,0,0,0,0,0,0,0,0
485704,Total students enrolled for credit,30,4,26,0,0,0,0,0,0,1,0,1,1,0,1,1,0,1,27,4,23,0,0,0,0,0,0,0,0,0
485704,Undergraduate students,30,4,26,0,0,0,0,0,0,1,0,1,1,0,1,1,0,1,27,4,23,0,0,0,0,0,0,0,0,0
485731,Total students enrolled for credit,17,0,17,0,0,0,0,0,0,0,0,0,1,0,1,0,0,0,16,0,16,0,0,0,0,0,0,0,0,0
485731,Undergraduate students,17,0,17,0,0,0,0,0,0,0,0,0,1,0,1,0,0,0,16,0,16,0,0,0,0,0,0,0,0,0
485768,Total students enrolled for credit,297,168,129,0,0,0,46,23,23,61,35,26,79,44,35,1,1,0,37,19,18,20,12,8,8,3,5,45,31,14
485768,Undergraduate students,163,91,72,0,0,0,28,15,13,35,20,15,45,25,20,1,1,0,20,10,10,13,8,5,4,1,3,17,11,6
485768,Graduate student,134,77,57,0,0,0,18,8,10,26,15,11,34,19,15,0,0,0,17,9,8,7,4,3,4,2,2,28,20,8
485801,Total students enrolled for credit,110,6,104,0,0,0,3,0,3,33,3,30,58,2,56,0,0,0,15,1,14,1,0,1,0,0,0,0,0,0
485801,Undergraduate students,110,6,104,0,0,0,3,0,3,33,3,30,58,2,56,0,0,0,15,1,14,1,0,1,0,0,0,0,0,0
485810,Total students enrolled for credit,35,25,10,0,0,0,0,0,0,22,16,6,7,4,3,0,0,0,6,5,1,0,0,0,0,0,0,0,0,0
485810,Undergraduate students,35,25,10,0,0,0,0,0,0,22,16,6,7,4,3,0,0,0,6,5,1,0,0,0,0,0,0,0,0,0
485856,Total students enrolled for credit,40,10,30,0,0,0,4,1,3,3,1,2,0,0,0,0,0,0,31,7,24,0,0,0,0,0,0,2,1,1
485856,Undergraduate students,40,10,30,0,0,0,4,1,3,3,1,2,0,0,0,0,0,0,31,7,24,0,0,0,0,0,0,2,1,1
485874,Total students enrolled for credit,218,9,209,1,0,1,11,0,11,56,2,54,77,5,72,0,0,0,71,2,69,2,0,2,0,0,0,0,0,0
485874,Undergraduate students,218,9,209,1,0,1,11,0,11,56,2,54,77,5,72,0,0,0,71,2,69,2,0,2,0,0,0,0,0,0
485908,Total students enrolled for credit,211,28,183,0,0,0,1,0,1,31,4,27,8,2,6,1,0,1,126,22,104,11,0,11,33,0,33,0,0,0
485908,Undergraduate students,211,28,183,0,0,0,1,0,1,31,4,27,8,2,6,1,0,1,126,22,104,11,0,11,33,0,33,0,0,0
485953,Total students enrolled for credit,59,53,6,0,0,0,1,0,1,8,7,1,15,14,1,0,0,0,35,32,3,0,0,0,0,0,0,0,0,0
485953,Undergraduate students,59,53,6,0,0,0,1,0,1,8,7,1,15,14,1,0,0,0,35,32,3,0,0,0,0,0,0,0,0,0
485962,Total students enrolled for credit,31,18,13,0,0,0,0,0,0,27,16,11,0,0,0,1,1,0,3,1,2,0,0,0,0,0,0,0,0,0
485962,Undergraduate students,31,18,13,0,0,0,0,0,0,27,16,11,0,0,0,1,1,0,3,1,2,0,0,0,0,0,0,0,0,0
485999,Total students enrolled for credit,119,119,0,0,0,0,0,0,0,0,0,0,0,0,0,0,0,0,119,119,0,0,0,0,0,0,0,0,0,0
485999,Undergraduate students,119,119,0,0,0,0,0,0,0,0,0,0,0,0,0,0,0,0,119,119,0,0,0,0,0,0,0,0,0,0
486017,Total students enrolled for credit,43,43,0,0,0,0,0,0,0,0,0,0,0,0,0,0,0,0,41,41,0,0,0,0,0,0,0,2,2,0
486017,Undergraduate students,43,43,0,0,0,0,0,0,0,0,0,0,0,0,0,0,0,0,41,41,0,0,0,0,0,0,0,2,2,0
486026,Total students enrolled for credit,109,109,0,0,0,0,0,0,0,0,0,0,0,0,0,0,0,0,109,109,0,0,0,0,0,0,0,0,0,0
486026,Undergraduate students,109,109,0,0,0,0,0,0,0,0,0,0,0,0,0,0,0,0,109,109,0,0,0,0,0,0,0,0,0,0
486053,Total students enrolled for credit,203,144,59,2,1,1,6,5,1,2,1,1,4,3,1,0,0,0,175,123,52,4,4,0,7,6,1,3,1,2
486053,Undergraduate students,135,76,59,2,1,1,3,2,1,1,0,1,2,1,1,0,0,0,117,65,52,1,1,0,6,5,1,3,1,2
486053,Graduate student,68,68,0,0,0,0,3,3,0,1,1,0,2,2,0,0,0,0,58,58,0,3,3,0,1,1,0,0,0,0
486080,Total students enrolled for credit,13,8,5,0,0,0,5,3,2,0,0,0,0,0,0,0,0,0,8,5,3,0,0,0,0,0,0,0,0,0
486080,Graduate student,13,8,5,0,0,0,5,3,2,0,0,0,0,0,0,0,0,0,8,5,3,0,0,0,0,0,0,0,0,0
486099,Total students enrolled for credit,122,48,74,0,0,0,2,2,0,15,4,11,97,39,58,1,0,1,4,3,1,0,0,0,3,0,3,0,0,0
486099,Undergraduate students,122,48,74,0,0,0,2,2,0,15,4,11,97,39,58,1,0,1,4,3,1,0,0,0,3,0,3,0,0,0
486105,Total students enrolled for credit,7,0,7,0,0,0,0,0,0,5,0,5,1,0,1,0,0,0,1,0,1,0,0,0,0,0,0,0,0,0
486105,Undergraduate students,7,0,7,0,0,0,0,0,0,5,0,5,1,0,1,0,0,0,1,0,1,0,0,0,0,0,0,0,0,0
486123,Total students enrolled for credit,74,44,30,0,0,0,5,2,3,30,22,8,18,10,8,2,2,0,15,8,7,0,0,0,0,0,0,4,0,4
486123,Undergraduate students,74,44,30,0,0,0,5,2,3,30,22,8,18,10,8,2,2,0,15,8,7,0,0,0,0,0,0,4,0,4
486141,Total students enrolled for credit,45,6,39,0,0,0,9,2,7,23,3,20,8,1,7,0,0,0,5,0,5,0,0,0,0,0,0,0,0,0
486141,Undergraduate students,45,6,39,0,0,0,9,2,7,23,3,20,8,1,7,0,0,0,5,0,5,0,0,0,0,0,0,0,0,0
486150,Total students enrolled for credit,122,22,100,0,0,0,1,0,1,47,8,39,18,4,14,0,0,0,52,8,44,4,2,2,0,0,0,0,0,0
486150,Undergraduate students,122,22,100,0,0,0,1,0,1,47,8,39,18,4,14,0,0,0,52,8,44,4,2,2,0,0,0,0,0,0
486169,Total students enrolled for credit,76,63,13,0,0,0,0,0,0,47,38,9,0,0,0,0,0,0,29,25,4,0,0,0,0,0,0,0,0,0
486169,Undergraduate students,76,63,13,0,0,0,0,0,0,47,38,9,0,0,0,0,0,0,29,25,4,0,0,0,0,0,0,0,0,0
486187,Total students enrolled for credit,134,13,121,0,0,0,94,7,87,3,0,3,11,2,9,2,0,2,6,1,5,1,0,1,0,0,0,17,3,14
486187,Undergraduate students,134,13,121,0,0,0,94,7,87,3,0,3,11,2,9,2,0,2,6,1,5,1,0,1,0,0,0,17,3,14
486196,Total students enrolled for credit,199,199,0,0,0,0,0,0,0,0,0,0,0,0,0,0,0,0,199,199,0,0,0,0,0,0,0,0,0,0
486196,Undergraduate students,199,199,0,0,0,0,0,0,0,0,0,0,0,0,0,0,0,0,199,199,0,0,0,0,0,0,0,0,0,0
486202,Total students enrolled for credit,46,8,38,0,0,0,0,0,0,0,0,0,0,0,0,0,0,0,46,8,38,0,0,0,0,0,0,0,0,0
486202,Undergraduate students,46,8,38,0,0,0,0,0,0,0,0,0,0,0,0,0,0,0,46,8,38,0,0,0,0,0,0,0,0,0
486239,Total students enrolled for credit,329,136,193,0,0,0,0,0,0,0,0,0,318,131,187,0,0,0,0,0,0,0,0,0,0,0,0,11,5,6
486239,Undergraduate students,235,112,123,0,0,0,0,0,0,0,0,0,229,109,120,0,0,0,0,0,0,0,0,0,0,0,0,6,3,3
486239,Graduate student,94,24,70,0,0,0,0,0,0,0,0,0,89,22,67,0,0,0,0,0,0,0,0,0,0,0,0,5,2,3
486248,Total students enrolled for credit,186,80,106,0,0,0,12,4,8,16,6,10,118,60,58,0,0,0,16,9,7,20,0,20,4,1,3,0,0,0
486248,Undergraduate students,186,80,106,0,0,0,12,4,8,16,6,10,118,60,58,0,0,0,16,9,7,20,0,20,4,1,3,0,0,0
486257,Total students enrolled for credit,324,153,171,4,0,4,11,6,5,149,67,82,38,20,18,1,1,0,94,48,46,16,7,9,10,4,6,1,0,1
486257,Undergraduate students,324,153,171,4,0,4,11,6,5,149,67,82,38,20,18,1,1,0,94,48,46,16,7,9,10,4,6,1,0,1
486284,Total students enrolled for credit,324,99,225,0,0,0,4,3,1,11,2,9,4,0,4,1,1,0,218,51,167,1,1,0,62,27,35,23,14,9
486284,Undergraduate students,282,73,209,0,0,0,3,2,1,10,2,8,4,0,4,1,1,0,209,46,163,1,1,0,47,19,28,7,2,5
486284,Graduate student,42,26,16,0,0,0,1,1,0,1,0,1,0,0,0,0,0,0,9,5,4,0,0,0,15,8,7,16,12,4
486309,Total students enrolled for credit,24,0,24,0,0,0,3,0,3,2,0,2,1,0,1,0,0,0,18,0,18,0,0,0,0,0,0,0,0,0
486309,Undergraduate students,24,0,24,0,0,0,3,0,3,2,0,2,1,0,1,0,0,0,18,0,18,0,0,0,0,0,0,0,0,0
486327,Total students enrolled for credit,27,0,27,0,0,0,3,0,3,5,0,5,2,0,2,0,0,0,17,0,17,0,0,0,0,0,0,0,0,0
486327,Undergraduate students,27,0,27,0,0,0,3,0,3,5,0,5,2,0,2,0,0,0,17,0,17,0,0,0,0,0,0,0,0,0
486345,Total students enrolled for credit,251,249,2,0,0,0,2,2,0,45,44,1,140,139,1,0,0,0,28,28,0,4,4,0,32,32,0,0,0,0
486345,Undergraduate students,251,249,2,0,0,0,2,2,0,45,44,1,140,139,1,0,0,0,28,28,0,4,4,0,32,32,0,0,0,0
486354,Total students enrolled for credit,50,22,28,0,0,0,0,0,0,0,0,0,1,1,0,0,0,0,0,0,0,0,0,0,0,0,0,49,21,28
486354,Undergraduate students,50,22,28,0,0,0,0,0,0,0,0,0,1,1,0,0,0,0,0,0,0,0,0,0,0,0,0,49,21,28
486372,Total students enrolled for credit,40,27,13,0,0,0,2,1,1,7,7,0,10,6,4,1,1,0,16,10,6,0,0,0,0,0,0,4,2,2
486372,Undergraduate students,40,27,13,0,0,0,2,1,1,7,7,0,10,6,4,1,1,0,16,10,6,0,0,0,0,0,0,4,2,2
486381,Total students enrolled for credit,73,6,67,0,0,0,2,1,1,11,3,8,17,0,17,0,0,0,37,1,36,0,0,0,6,1,5,0,0,0
486381,Undergraduate students,73,6,67,0,0,0,2,1,1,11,3,8,17,0,17,0,0,0,37,1,36,0,0,0,6,1,5,0,0,0
486390,Total students enrolled for credit,374,212,162,1,0,1,5,4,1,178,95,83,117,66,51,0,0,0,58,37,21,5,4,1,10,6,4,0,0,0
486390,Undergraduate students,374,212,162,1,0,1,5,4,1,178,95,83,117,66,51,0,0,0,58,37,21,5,4,1,10,6,4,0,0,0
486406,Total students enrolled for credit,43,3,40,0,0,0,1,0,1,1,0,1,0,0,0,0,0,0,41,3,38,0,0,0,0,0,0,0,0,0
486406,Undergraduate students,43,3,40,0,0,0,1,0,1,1,0,1,0,0,0,0,0,0,41,3,38,0,0,0,0,0,0,0,0,0
486415,Total students enrolled for credit,178,21,157,0,0,0,14,2,12,150,18,132,9,1,8,0,0,0,5,0,5,0,0,0,0,0,0,0,0,0
486415,Undergraduate students,178,21,157,0,0,0,14,2,12,150,18,132,9,1,8,0,0,0,5,0,5,0,0,0,0,0,0,0,0,0
486424,Total students enrolled for credit,42,6,36,0,0,0,0,0,0,41,6,35,0,0,0,0,0,0,1,0,1,0,0,0,0,0,0,0,0,0
486424,Undergraduate students,42,6,36,0,0,0,0,0,0,41,6,35,0,0,0,0,0,0,1,0,1,0,0,0,0,0,0,0,0,0
486433,Total students enrolled for credit,164,68,96,2,2,0,24,9,15,2,2,0,17,9,8,1,0,1,94,37,57,8,2,6,11,6,5,5,1,4
486433,Graduate student,164,68,96,2,2,0,24,9,15,2,2,0,17,9,8,1,0,1,94,37,57,8,2,6,11,6,5,5,1,4
486442,Total students enrolled for credit,82,1,81,0,0,0,0,0,0,0,0,0,0,0,0,0,0,0,82,1,81,0,0,0,0,0,0,0,0,0
486442,Undergraduate students,82,1,81,0,0,0,0,0,0,0,0,0,0,0,0,0,0,0,82,1,81,0,0,0,0,0,0,0,0,0
486460,Total students enrolled for credit,44,15,29,0,0,0,5,1,4,2,0,2,2,2,0,1,0,1,22,8,14,4,1,3,8,3,5,0,0,0
486460,Graduate student,44,15,29,0,0,0,5,1,4,2,0,2,2,2,0,1,0,1,22,8,14,4,1,3,8,3,5,0,0,0
486488,Total students enrolled for credit,69,45,24,0,0,0,5,4,1,5,4,1,4,2,2,0,0,0,55,35,20,0,0,0,0,0,0,0,0,0
486488,Undergraduate students,69,45,24,0,0,0,5,4,1,5,4,1,4,2,2,0,0,0,55,35,20,0,0,0,0,0,0,0,0,0
486497,Total students enrolled for credit,72,61,11,0,0,0,8,7,1,25,23,2,33,26,7,0,0,0,2,1,1,0,0,0,4,4,0,0,0,0
486497,Undergraduate students,72,61,11,0,0,0,8,7,1,25,23,2,33,26,7,0,0,0,2,1,1,0,0,0,4,4,0,0,0,0
486503,Total students enrolled for credit,71,3,68,0,0,0,0,0,0,1,0,1,70,3,67,0,0,0,0,0,0,0,0,0,0,0,0,0,0,0
486503,Undergraduate students,71,3,68,0,0,0,0,0,0,1,0,1,70,3,67,0,0,0,0,0,0,0,0,0,0,0,0,0,0,0
486512,Total students enrolled for credit,144,93,51,0,0,0,0,0,0,1,0,1,143,93,50,0,0,0,0,0,0,0,0,0,0,0,0,0,0,0
486512,Undergraduate students,144,93,51,0,0,0,0,0,0,1,0,1,143,93,50,0,0,0,0,0,0,0,0,0,0,0,0,0,0,0
486521,Total students enrolled for credit,4,0,4,0,0,0,0,0,0,1,0,1,0,0,0,0,0,0,3,0,3,0,0,0,0,0,0,0,0,0
486521,Undergraduate students,4,0,4,0,0,0,0,0,0,1,0,1,0,0,0,0,0,0,3,0,3,0,0,0,0,0,0,0,0,0
486530,Total students enrolled for credit,229,2,227,1,0,1,6,1,5,70,0,70,5,0,5,2,0,2,141,1,140,2,0,2,1,0,1,1,0,1
486530,Undergraduate students,229,2,227,1,0,1,6,1,5,70,0,70,5,0,5,2,0,2,141,1,140,2,0,2,1,0,1,1,0,1
486558,Total students enrolled for credit,320,302,18,0,0,0,38,37,1,61,59,2,89,84,5,21,21,0,60,55,5,34,30,4,17,16,1,0,0,0
486558,Undergraduate students,320,302,18,0,0,0,38,37,1,61,59,2,89,84,5,21,21,0,60,55,5,34,30,4,17,16,1,0,0,0
486567,Total students enrolled for credit,288,16,272,7,0,7,4,1,3,30,3,27,29,1,28,3,0,3,200,11,189,8,0,8,7,0,7,0,0,0
486567,Undergraduate students,288,16,272,7,0,7,4,1,3,30,3,27,29,1,28,3,0,3,200,11,189,8,0,8,7,0,7,0,0,0
486576,Total students enrolled for credit,417,118,299,0,0,0,0,0,0,0,0,0,417,118,299,0,0,0,0,0,0,0,0,0,0,0,0,0,0,0
486576,Undergraduate students,417,118,299,0,0,0,0,0,0,0,0,0,417,118,299,0,0,0,0,0,0,0,0,0,0,0,0,0,0,0
486594,Total students enrolled for credit,71,27,44,2,0,2,1,1,0,7,4,3,7,3,4,2,0,2,47,17,30,5,2,3,0,0,0,0,0,0
486594,Undergraduate students,71,27,44,2,0,2,1,1,0,7,4,3,7,3,4,2,0,2,47,17,30,5,2,3,0,0,0,0,0,0
486619,Total students enrolled for credit,78,3,75,0,0,0,2,0,2,2,0,2,15,1,14,0,0,0,54,2,52,2,0,2,1,0,1,2,0,2
486619,Undergraduate students,78,3,75,0,0,0,2,0,2,2,0,2,15,1,14,0,0,0,54,2,52,2,0,2,1,0,1,2,0,2
486691,Total students enrolled for credit,147,8,139,0,0,0,1,0,1,114,5,109,3,0,3,0,0,0,0,0,0,4,1,3,25,2,23,0,0,0
486691,Undergraduate students,147,8,139,0,0,0,1,0,1,114,5,109,3,0,3,0,0,0,0,0,0,4,1,3,25,2,23,0,0,0
486707,Total students enrolled for credit,269,8,261,1,0,1,2,0,2,145,5,140,15,1,14,0,0,0,100,1,99,6,1,5,0,0,0,0,0,0
486707,Undergraduate students,269,8,261,1,0,1,2,0,2,145,5,140,15,1,14,0,0,0,100,1,99,6,1,5,0,0,0,0,0,0
486716,Total students enrolled for credit,130,7,123,0,0,0,1,0,1,20,0,20,9,1,8,0,0,0,99,6,93,1,0,1,0,0,0,0,0,0
486716,Undergraduate students,130,7,123,0,0,0,1,0,1,20,0,20,9,1,8,0,0,0,99,6,93,1,0,1,0,0,0,0,0,0
486734,Total students enrolled for credit,182,73,109,0,0,0,3,1,2,54,26,28,18,7,11,0,0,0,31,8,23,3,1,2,73,30,43,0,0,0
486734,Undergraduate students,182,73,109,0,0,0,3,1,2,54,26,28,18,7,11,0,0,0,31,8,23,3,1,2,73,30,43,0,0,0
486752,Total students enrolled for credit,191,13,178,0,0,0,1,0,1,34,3,31,5,1,4,0,0,0,138,8,130,11,0,11,2,1,1,0,0,0
486752,Undergraduate students,191,13,178,0,0,0,1,0,1,34,3,31,5,1,4,0,0,0,138,8,130,11,0,11,2,1,1,0,0,0
486770,Total students enrolled for credit,451,134,317,3,2,1,4,1,3,141,40,101,87,32,55,2,0,2,126,38,88,17,9,8,71,12,59,0,0,0
486770,Undergraduate students,451,134,317,3,2,1,4,1,3,141,40,101,87,32,55,2,0,2,126,38,88,17,9,8,71,12,59,0,0,0
486798,Total students enrolled for credit,1608,1514,94,6,6,0,9,9,0,507,468,39,548,528,20,2,2,0,390,365,25,53,49,4,93,87,6,0,0,0
486798,Undergraduate students,1608,1514,94,6,6,0,9,9,0,507,468,39,548,528,20,2,2,0,390,365,25,53,49,4,93,87,6,0,0,0
486813,Total students enrolled for credit,384,85,299,1,0,1,1,0,1,8,4,4,344,70,274,1,0,1,22,7,15,7,4,3,0,0,0,0,0,0
486813,Undergraduate students,384,85,299,1,0,1,1,0,1,8,4,4,344,70,274,1,0,1,22,7,15,7,4,3,0,0,0,0,0,0
486822,Total students enrolled for credit,848,96,752,39,1,38,3,0,3,51,7,44,400,40,360,0,0,0,325,45,280,23,3,20,7,0,7,0,0,0
486822,Undergraduate students,848,96,752,39,1,38,3,0,3,51,7,44,400,40,360,0,0,0,325,45,280,23,3,20,7,0,7,0,0,0
486840,Total students enrolled for credit,40676,20638,20038,72,37,35,1875,1069,806,8797,4019,4778,3514,1816,1698,42,28,14,22772,11888,10884,1693,812,881,1063,532,531,848,437,411
486840,Undergraduate students,36940,19118,17822,67,35,32,1691,967,724,7882,3665,4217,3344,1747,1597,37,26,11,20812,11111,9701,1631,782,849,838,447,391,638,338,300
486840,Graduate student,3736,1520,2216,5,2,3,184,102,82,915,354,561,170,69,101,5,2,3,1960,777,1183,62,30,32,225,85,140,210,99,111
486859,Total students enrolled for credit,87,9,78,3,0,3,2,0,2,4,1,3,4,2,2,0,0,0,74,6,68,0,0,0,0,0,0,0,0,0
486859,Undergraduate students,87,9,78,3,0,3,2,0,2,4,1,3,4,2,2,0,0,0,74,6,68,0,0,0,0,0,0,0,0,0
486868,Total students enrolled for credit,37,0,37,1,0,1,0,0,0,0,0,0,3,0,3,0,0,0,33,0,33,0,0,0,0,0,0,0,0,0
486868,Undergraduate students,37,0,37,1,0,1,0,0,0,0,0,0,3,0,3,0,0,0,33,0,33,0,0,0,0,0,0,0,0,0
486877,Total students enrolled for credit,13,1,12,0,0,0,0,0,0,0,0,0,2,0,2,0,0,0,9,0,9,1,1,0,1,0,1,0,0,0
486877,Undergraduate students,13,1,12,0,0,0,0,0,0,0,0,0,2,0,2,0,0,0,9,0,9,1,1,0,1,0,1,0,0,0
486901,Total students enrolled for credit,1345,544,801,1,0,1,18,3,15,37,15,22,56,18,38,0,0,0,1153,470,683,30,9,21,6,3,3,44,26,18
486901,Undergraduate students,939,375,564,1,0,1,16,2,14,28,11,17,49,13,36,0,0,0,786,321,465,25,7,18,1,0,1,33,21,12
486901,Graduate student,406,169,237,0,0,0,2,1,1,9,4,5,7,5,2,0,0,0,367,149,218,5,2,3,5,3,2,11,5,6
486938,Total students enrolled for credit,359,75,284,0,0,0,110,28,82,38,5,33,66,11,55,16,7,9,111,16,95,13,5,8,5,3,2,0,0,0
486938,Undergraduate students,359,75,284,0,0,0,110,28,82,38,5,33,66,11,55,16,7,9,111,16,95,13,5,8,5,3,2,0,0,0
486947,Total students enrolled for credit,356,43,313,0,0,0,30,5,25,47,2,45,13,2,11,0,0,0,242,33,209,1,0,1,22,1,21,1,0,1
486947,Undergraduate students,356,43,313,0,0,0,30,5,25,47,2,45,13,2,11,0,0,0,242,33,209,1,0,1,22,1,21,1,0,1
486956,Total students enrolled for credit,500,53,447,2,0,2,60,7,53,135,19,116,71,5,66,1,1,0,173,15,158,4,0,4,52,6,46,2,0,2
486956,Undergraduate students,500,53,447,2,0,2,60,7,53,135,19,116,71,5,66,1,1,0,173,15,158,4,0,4,52,6,46,2,0,2
486965,Total students enrolled for credit,146,50,96,1,0,1,4,2,2,14,6,8,17,6,11,0,0,0,88,30,58,14,4,10,2,1,1,6,1,5
486965,Undergraduate students,146,50,96,1,0,1,4,2,2,14,6,8,17,6,11,0,0,0,88,30,58,14,4,10,2,1,1,6,1,5
486983,Total students enrolled for credit,67,5,62,0,0,0,2,1,1,11,1,10,5,1,4,0,0,0,41,1,40,5,1,4,3,0,3,0,0,0
486983,Undergraduate students,67,5,62,0,0,0,2,1,1,11,1,10,5,1,4,0,0,0,41,1,40,5,1,4,3,0,3,0,0,0
487010,Total students enrolled for credit,3250,1273,1977,4,2,2,313,136,177,351,85,266,92,37,55,0,0,0,2312,941,1371,23,6,17,84,33,51,71,33,38
487010,Undergraduate students,329,36,293,0,0,0,9,1,8,62,7,55,19,0,19,0,0,0,220,28,192,5,0,5,14,0,14,0,0,0
487010,Graduate student,2921,1237,1684,4,2,2,304,135,169,289,78,211,73,37,36,0,0,0,2092,913,1179,18,6,12,70,33,37,71,33,38
487047,Total students enrolled for credit,417,20,397,1,0,1,1,0,1,368,18,350,13,2,11,0,0,0,26,0,26,0,0,0,8,0,8,0,0,0
487047,Undergraduate students,417,20,397,1,0,1,1,0,1,368,18,350,13,2,11,0,0,0,26,0,26,0,0,0,8,0,8,0,0,0
487065,Total students enrolled for credit,69,8,61,0,0,0,0,0,0,5,0,5,28,4,24,0,0,0,34,4,30,2,0,2,0,0,0,0,0,0
487065,Undergraduate students,69,8,61,0,0,0,0,0,0,5,0,5,28,4,24,0,0,0,34,4,30,2,0,2,0,0,0,0,0,0
487083,Total students enrolled for credit,63,4,59,0,0,0,0,0,0,2,1,1,1,0,1,0,0,0,51,2,49,6,1,5,3,0,3,0,0,0
487083,Undergraduate students,63,4,59,0,0,0,0,0,0,2,1,1,1,0,1,0,0,0,51,2,49,6,1,5,3,0,3,0,0,0
487092,Total students enrolled for credit,1017,424,593,0,0,0,290,125,165,83,31,52,87,38,49,0,0,0,329,131,198,37,13,24,24,10,14,167,76,91
487092,Undergraduate students,1017,424,593,0,0,0,290,125,165,83,31,52,87,38,49,0,0,0,329,131,198,37,13,24,24,10,14,167,76,91
487144,Total students enrolled for credit,87,53,34,0,0,0,4,2,2,20,12,8,16,12,4,2,0,2,42,26,16,1,1,0,2,0,2,0,0,0
487144,Undergraduate students,87,53,34,0,0,0,4,2,2,20,12,8,16,12,4,2,0,2,42,26,16,1,1,0,2,0,2,0,0,0
487153,Total students enrolled for credit,26,5,21,1,0,1,0,0,0,10,2,8,0,0,0,0,0,0,14,2,12,0,0,0,1,1,0,0,0,0
487153,Graduate student,26,5,21,1,0,1,0,0,0,10,2,8,0,0,0,0,0,0,14,2,12,0,0,0,1,1,0,0,0,0
487162,Total students enrolled for credit,4957,1654,3303,14,5,9,33,19,14,1595,402,1193,339,137,202,2,0,2,2884,1061,1823,24,4,20,51,18,33,15,8,7
487162,Undergraduate students,4957,1654,3303,14,5,9,33,19,14,1595,402,1193,339,137,202,2,0,2,2884,1061,1823,24,4,20,51,18,33,15,8,7
487232,Total students enrolled for credit,90,2,88,0,0,0,1,0,1,6,0,6,53,2,51,0,0,0,30,0,30,0,0,0,0,0,0,0,0,0
487232,Undergraduate students,90,2,88,0,0,0,1,0,1,6,0,6,53,2,51,0,0,0,30,0,30,0,0,0,0,0,0,0,0,0
487296,Total students enrolled for credit,588,261,327,18,4,14,11,3,8,19,9,10,206,83,123,1,1,0,294,137,157,19,12,7,15,9,6,5,3,2
487296,Undergraduate students,466,212,254,17,4,13,9,3,6,17,9,8,181,73,108,1,1,0,215,104,111,15,11,4,7,5,2,4,2,2
487296,Graduate student,122,49,73,1,0,1,2,0,2,2,0,2,25,10,15,0,0,0,79,33,46,4,1,3,8,4,4,1,1,0
487302,Total students enrolled for credit,752,246,506,1,1,0,46,14,32,251,97,154,8,1,7,0,0,0,405,124,281,15,2,13,26,7,19,0,0,0
487302,Undergraduate students,752,246,506,1,1,0,46,14,32,251,97,154,8,1,7,0,0,0,405,124,281,15,2,13,26,7,19,0,0,0
487311,Total students enrolled for credit,552,518,34,2,1,1,14,14,0,149,137,12,54,52,2,1,1,0,285,268,17,20,18,2,26,26,0,1,1,0
487311,Undergraduate students,552,518,34,2,1,1,14,14,0,149,137,12,54,52,2,1,1,0,285,268,17,20,18,2,26,26,0,1,1,0
487320,Total students enrolled for credit,18272,11489,6783,52,38,14,121,79,42,1168,799,369,10333,5575,4758,25,15,10,5719,4404,1315,81,53,28,769,522,247,4,4,0
487320,Undergraduate students,18272,11489,6783,52,38,14,121,79,42,1168,799,369,10333,5575,4758,25,15,10,5719,4404,1315,81,53,28,769,522,247,4,4,0
487348,Total students enrolled for credit,204,5,199,1,0,1,8,2,6,3,0,3,10,0,10,3,0,3,166,2,164,11,0,11,2,1,1,0,0,0
487348,Undergraduate students,204,5,199,1,0,1,8,2,6,3,0,3,10,0,10,3,0,3,166,2,164,11,0,11,2,1,1,0,0,0
487375,Total students enrolled for credit,506,82,424,5,0,5,58,9,49,125,9,116,75,9,66,6,0,6,85,11,74,12,0,12,140,44,96,0,0,0
487375,Undergraduate students,506,82,424,5,0,5,58,9,49,125,9,116,75,9,66,6,0,6,85,11,74,12,0,12,140,44,96,0,0,0
487384,Total students enrolled for credit,967,351,616,4,1,3,8,4,4,538,196,342,260,87,173,5,2,3,69,27,42,22,9,13,61,25,36,0,0,0
487384,Undergraduate students,967,351,616,4,1,3,8,4,4,538,196,342,260,87,173,5,2,3,69,27,42,22,9,13,61,25,36,0,0,0
487393,Total students enrolled for credit,992,430,562,3,1,2,2,1,1,571,238,333,237,105,132,3,1,2,112,61,51,16,7,9,48,16,32,0,0,0
487393,Undergraduate students,992,430,562,3,1,2,2,1,1,571,238,333,237,105,132,3,1,2,112,61,51,16,7,9,48,16,32,0,0,0
487409,Total students enrolled for credit,859,387,472,5,2,3,2,1,1,282,146,136,513,215,298,0,0,0,17,8,9,8,4,4,32,11,21,0,0,0
487409,Undergraduate students,859,387,472,5,2,3,2,1,1,282,146,136,513,215,298,0,0,0,17,8,9,8,4,4,32,11,21,0,0,0
487418,Total students enrolled for credit,1390,475,915,5,2,3,8,4,4,1142,382,760,119,38,81,5,1,4,38,19,19,34,15,19,39,14,25,0,0,0
487418,Undergraduate students,1390,475,915,5,2,3,8,4,4,1142,382,760,119,38,81,5,1,4,38,19,19,34,15,19,39,14,25,0,0,0
487427,Total students enrolled for credit,586,305,281,6,5,1,4,4,0,235,124,111,176,80,96,1,1,0,103,50,53,18,14,4,43,27,16,0,0,0
487427,Undergraduate students,586,305,281,6,5,1,4,4,0,235,124,111,176,80,96,1,1,0,103,50,53,18,14,4,43,27,16,0,0,0
487436,Total students enrolled for credit,679,230,449,0,0,0,11,4,7,425,136,289,58,27,31,1,0,1,137,50,87,32,9,23,15,4,11,0,0,0
487436,Undergraduate students,679,230,449,0,0,0,11,4,7,425,136,289,58,27,31,1,0,1,137,50,87,32,9,23,15,4,11,0,0,0
487445,Total students enrolled for credit,704,157,547,2,0,2,7,2,5,410,88,322,180,36,144,4,0,4,53,13,40,16,5,11,32,13,19,0,0,0
487445,Undergraduate students,704,157,547,2,0,2,7,2,5,410,88,322,180,36,144,4,0,4,53,13,40,16,5,11,32,13,19,0,0,0
487454,Total students enrolled for credit,848,377,471,1,0,1,6,4,2,583,245,338,134,65,69,4,0,4,84,45,39,13,6,7,23,12,11,0,0,0
487454,Undergraduate students,848,377,471,1,0,1,6,4,2,583,245,338,134,65,69,4,0,4,84,45,39,13,6,7,23,12,11,0,0,0
487472,Total students enrolled for credit,1520,522,998,6,4,2,9,6,3,752,208,544,562,217,345,5,3,2,118,57,61,31,12,19,37,15,22,0,0,0
487472,Undergraduate students,1520,522,998,6,4,2,9,6,3,752,208,544,562,217,345,5,3,2,118,57,61,31,12,19,37,15,22,0,0,0
487481,Total students enrolled for credit,525,277,248,24,12,12,8,5,3,113,63,50,189,90,99,6,2,4,113,66,47,18,8,10,54,31,23,0,0,0
487481,Undergraduate students,525,277,248,24,12,12,8,5,3,113,63,50,189,90,99,6,2,4,113,66,47,18,8,10,54,31,23,0,0,0
487490,Total students enrolled for credit,926,376,550,2,0,2,4,1,3,608,226,382,191,89,102,1,0,1,53,22,31,21,7,14,46,31,15,0,0,0
487490,Undergraduate students,926,376,550,2,0,2,4,1,3,608,226,382,191,89,102,1,0,1,53,22,31,21,7,14,46,31,15,0,0,0
487506,Total students enrolled for credit,115,11,104,1,0,1,3,2,1,4,0,4,10,3,7,0,0,0,96,5,91,1,1,0,0,0,0,0,0,0
487506,Undergraduate students,115,11,104,1,0,1,3,2,1,4,0,4,10,3,7,0,0,0,96,5,91,1,1,0,0,0,0,0,0,0
487524,Total students enrolled for credit,4157,1789,2368,20,11,9,82,37,45,163,108,55,68,35,33,11,6,5,3532,1449,2083,62,33,29,82,43,39,137,67,70
487524,Undergraduate students,3200,1426,1774,15,9,6,28,15,13,112,83,29,55,30,25,8,4,4,2763,1165,1598,52,29,23,61,35,26,106,56,50
487524,Graduate student,957,363,594,5,2,3,54,22,32,51,25,26,13,5,8,3,2,1,769,284,485,10,4,6,21,8,13,31,11,20
487533,Total students enrolled for credit,158,8,150,1,0,1,7,1,6,11,2,9,29,1,28,0,0,0,106,4,102,3,0,3,0,0,0,1,0,1
487533,Undergraduate students,158,8,150,1,0,1,7,1,6,11,2,9,29,1,28,0,0,0,106,4,102,3,0,3,0,0,0,1,0,1
487588,Total students enrolled for credit,591,35,556,0,0,0,0,0,0,119,6,113,2,0,2,0,0,0,31,4,27,6,1,5,433,24,409,0,0,0
487588,Undergraduate students,591,35,556,0,0,0,0,0,0,119,6,113,2,0,2,0,0,0,31,4,27,6,1,5,433,24,409,0,0,0
487597,Total students enrolled for credit,1191,1151,40,3,3,0,68,66,2,39,35,4,761,743,18,11,11,0,131,126,5,127,120,7,51,47,4,0,0,0
487597,Undergraduate students,1191,1151,40,3,3,0,68,66,2,39,35,4,761,743,18,11,11,0,131,126,5,127,120,7,51,47,4,0,0,0
487603,Total students enrolled for credit,1251,613,638,12,6,6,56,26,30,81,46,35,95,47,48,18,10,8,529,265,264,46,18,28,410,194,216,4,1,3
487603,Undergraduate students,1124,561,563,12,6,6,46,22,24,67,39,28,84,42,42,16,9,7,446,234,212,41,14,27,409,194,215,3,1,2
487603,Graduate student,127,52,75,0,0,0,10,4,6,14,7,7,11,5,6,2,1,1,83,31,52,5,4,1,1,0,1,1,0,1
487621,Total students enrolled for credit,17,15,2,0,0,0,0,0,0,17,15,2,0,0,0,0,0,0,0,0,0,0,0,0,0,0,0,0,0,0
487621,Undergraduate students,17,15,2,0,0,0,0,0,0,17,15,2,0,0,0,0,0,0,0,0,0,0,0,0,0,0,0,0,0,0
487649,Total students enrolled for credit,22,7,15,0,0,0,11,2,9,3,1,2,1,1,0,0,0,0,6,3,3,1,0,1,0,0,0,0,0,0
487649,Graduate student,22,7,15,0,0,0,11,2,9,3,1,2,1,1,0,0,0,0,6,3,3,1,0,1,0,0,0,0,0,0
487658,Total students enrolled for credit,94,75,19,0,0,0,4,3,1,14,14,0,3,2,1,1,1,0,64,50,14,0,0,0,8,5,3,0,0,0
487658,Undergraduate students,94,75,19,0,0,0,4,3,1,14,14,0,3,2,1,1,1,0,64,50,14,0,0,0,8,5,3,0,0,0
487667,Total students enrolled for credit,407,211,196,2,2,0,107,46,61,24,16,8,54,31,23,2,1,1,21,13,8,4,3,1,9,3,6,184,96,88
487667,Undergraduate students,327,165,162,2,2,0,78,29,49,21,14,7,51,29,22,2,1,1,18,11,7,4,3,1,9,3,6,142,73,69
487667,Graduate student,80,46,34,0,0,0,29,17,12,3,2,1,3,2,1,0,0,0,3,2,1,0,0,0,0,0,0,42,23,19
487676,Total students enrolled for credit,239,5,234,0,0,0,4,0,4,71,1,70,14,0,14,0,0,0,141,3,138,2,0,2,7,1,6,0,0,0
487676,Undergraduate students,239,5,234,0,0,0,4,0,4,71,1,70,14,0,14,0,0,0,141,3,138,2,0,2,7,1,6,0,0,0
487746,Total students enrolled for credit,23,23,0,0,0,0,0,0,0,0,0,0,0,0,0,0,0,0,23,23,0,0,0,0,0,0,0,0,0,0
487746,Undergraduate students,23,23,0,0,0,0,0,0,0,0,0,0,0,0,0,0,0,0,23,23,0,0,0,0,0,0,0,0,0,0
487773,Total students enrolled for credit,110,2,108,2,0,2,5,0,5,1,0,1,20,0,20,0,0,0,81,2,79,0,0,0,1,0,1,0,0,0
487773,Undergraduate students,110,2,108,2,0,2,5,0,5,1,0,1,20,0,20,0,0,0,81,2,79,0,0,0,1,0,1,0,0,0
487782,Total students enrolled for credit,505,157,348,0,0,0,41,15,26,200,61,139,145,38,107,0,0,0,109,38,71,0,0,0,2,2,0,8,3,5
487782,Undergraduate students,505,157,348,0,0,0,41,15,26,200,61,139,145,38,107,0,0,0,109,38,71,0,0,0,2,2,0,8,3,5
487791,Total students enrolled for credit,356,337,19,1,1,0,1,1,0,129,122,7,13,11,2,0,0,0,204,196,8,6,4,2,2,2,0,0,0,0
487791,Undergraduate students,356,337,19,1,1,0,1,1,0,129,122,7,13,11,2,0,0,0,204,196,8,6,4,2,2,2,0,0,0,0
487807,Total students enrolled for credit,23,15,8,0,0,0,0,0,0,18,12,6,1,0,1,0,0,0,4,3,1,0,0,0,0,0,0,0,0,0
487807,Undergraduate students,23,15,8,0,0,0,0,0,0,18,12,6,1,0,1,0,0,0,4,3,1,0,0,0,0,0,0,0,0,0
487816,Total students enrolled for credit,29,2,27,0,0,0,0,0,0,28,1,27,0,0,0,0,0,0,0,0,0,0,0,0,0,0,0,1,1,0
487816,Undergraduate students,29,2,27,0,0,0,0,0,0,28,1,27,0,0,0,0,0,0,0,0,0,0,0,0,0,0,0,1,1,0
487834,Total students enrolled for credit,104,16,88,0,0,0,0,0,0,61,8,53,31,5,26,0,0,0,12,3,9,0,0,0,0,0,0,0,0,0
487834,Undergraduate students,104,16,88,0,0,0,0,0,0,61,8,53,31,5,26,0,0,0,12,3,9,0,0,0,0,0,0,0,0,0
487843,Total students enrolled for credit,72,2,70,0,0,0,0,0,0,68,2,66,1,0,1,0,0,0,2,0,2,0,0,0,1,0,1,0,0,0
487843,Undergraduate students,72,2,70,0,0,0,0,0,0,68,2,66,1,0,1,0,0,0,2,0,2,0,0,0,1,0,1,0,0,0
487852,Total students enrolled for credit,48,9,39,0,0,0,5,1,4,10,1,9,10,1,9,1,1,0,22,5,17,0,0,0,0,0,0,0,0,0
487852,Undergraduate students,48,9,39,0,0,0,5,1,4,10,1,9,10,1,9,1,1,0,22,5,17,0,0,0,0,0,0,0,0,0
487861,Total students enrolled for credit,217,20,197,1,0,1,5,0,5,208,20,188,0,0,0,0,0,0,3,0,3,0,0,0,0,0,0,0,0,0
487861,Undergraduate students,217,20,197,1,0,1,5,0,5,208,20,188,0,0,0,0,0,0,3,0,3,0,0,0,0,0,0,0,0,0
487870,Total students enrolled for credit,33,1,32,0,0,0,0,0,0,0,0,0,0,0,0,0,0,0,33,1,32,0,0,0,0,0,0,0,0,0
487870,Undergraduate students,33,1,32,0,0,0,0,0,0,0,0,0,0,0,0,0,0,0,33,1,32,0,0,0,0,0,0,0,0,0
487889,Total students enrolled for credit,165,20,145,5,0,5,3,2,1,0,0,0,148,16,132,0,0,0,9,2,7,0,0,0,0,0,0,0,0,0
487889,Undergraduate students,165,20,145,5,0,5,3,2,1,0,0,0,148,16,132,0,0,0,9,2,7,0,0,0,0,0,0,0,0,0
487898,Total students enrolled for credit,36,28,8,0,0,0,1,1,0,25,19,6,4,2,2,0,0,0,6,6,0,0,0,0,0,0,0,0,0,0
487898,Undergraduate students,36,28,8,0,0,0,1,1,0,25,19,6,4,2,2,0,0,0,6,6,0,0,0,0,0,0,0,0,0,0
487904,Total students enrolled for credit,39,32,7,0,0,0,0,0,0,0,0,0,0,0,0,0,0,0,36,30,6,0,0,0,0,0,0,3,2,1
487904,Undergraduate students,39,32,7,0,0,0,0,0,0,0,0,0,0,0,0,0,0,0,36,30,6,0,0,0,0,0,0,3,2,1
487913,Total students enrolled for credit,29,23,6,0,0,0,0,0,0,2,2,0,0,0,0,0,0,0,26,20,6,1,1,0,0,0,0,0,0,0
487913,Undergraduate students,29,23,6,0,0,0,0,0,0,2,2,0,0,0,0,0,0,0,26,20,6,1,1,0,0,0,0,0,0,0
487922,Total students enrolled for credit,99,3,96,0,0,0,0,0,0,6,0,6,1,0,1,0,0,0,90,3,87,0,0,0,1,0,1,1,0,1
487922,Undergraduate students,99,3,96,0,0,0,0,0,0,6,0,6,1,0,1,0,0,0,90,3,87,0,0,0,1,0,1,1,0,1
487959,Total students enrolled for credit,36,1,35,0,0,0,0,0,0,3,0,3,9,1,8,0,0,0,24,0,24,0,0,0,0,0,0,0,0,0
487959,Undergraduate students,36,1,35,0,0,0,0,0,0,3,0,3,9,1,8,0,0,0,24,0,24,0,0,0,0,0,0,0,0,0
487968,Total students enrolled for credit,63,0,63,1,0,1,0,0,0,61,0,61,1,0,1,0,0,0,0,0,0,0,0,0,0,0,0,0,0,0
487968,Undergraduate students,63,0,63,1,0,1,0,0,0,61,0,61,1,0,1,0,0,0,0,0,0,0,0,0,0,0,0,0,0,0
487977,Total students enrolled for credit,1899,78,1821,18,0,18,41,3,38,122,18,104,232,7,225,16,2,14,1160,34,1126,212,8,204,96,6,90,2,0,2
487977,Undergraduate students,1899,78,1821,18,0,18,41,3,38,122,18,104,232,7,225,16,2,14,1160,34,1126,212,8,204,96,6,90,2,0,2
487995,Total students enrolled for credit,167,61,106,0,0,0,107,37,70,0,0,0,7,3,4,0,0,0,8,3,5,0,0,0,1,0,1,44,18,26
487995,Undergraduate students,66,25,41,0,0,0,46,14,32,0,0,0,2,2,0,0,0,0,2,1,1,0,0,0,0,0,0,16,8,8
487995,Graduate student,101,36,65,0,0,0,61,23,38,0,0,0,5,1,4,0,0,0,6,2,4,0,0,0,1,0,1,28,10,18
488004,Total students enrolled for credit,74,74,0,0,0,0,0,0,0,0,0,0,0,0,0,0,0,0,71,71,0,0,0,0,0,0,0,3,3,0
488004,Undergraduate students,74,74,0,0,0,0,0,0,0,0,0,0,0,0,0,0,0,0,71,71,0,0,0,0,0,0,0,3,3,0
488013,Total students enrolled for credit,166,18,148,1,0,1,5,0,5,59,8,51,76,9,67,1,0,1,6,0,6,1,0,1,17,1,16,0,0,0
488013,Undergraduate students,166,18,148,1,0,1,5,0,5,59,8,51,76,9,67,1,0,1,6,0,6,1,0,1,17,1,16,0,0,0
488022,Total students enrolled for credit,59,47,12,0,0,0,0,0,0,59,47,12,0,0,0,0,0,0,0,0,0,0,0,0,0,0,0,0,0,0
488022,Undergraduate students,59,47,12,0,0,0,0,0,0,59,47,12,0,0,0,0,0,0,0,0,0,0,0,0,0,0,0,0,0,0
488031,Total students enrolled for credit,274,153,121,6,4,2,44,28,16,43,21,22,29,11,18,3,2,1,100,65,35,14,4,10,35,18,17,0,0,0
488031,Undergraduate students,45,28,17,0,0,0,5,2,3,5,4,1,6,2,4,1,0,1,16,11,5,2,1,1,10,8,2,0,0,0
488031,Graduate student,229,125,104,6,4,2,39,26,13,38,17,21,23,9,14,2,2,0,84,54,30,12,3,9,25,10,15,0,0,0
488040,Total students enrolled for credit,74,65,9,0,0,0,0,0,0,72,64,8,0,0,0,0,0,0,2,1,1,0,0,0,0,0,0,0,0,0
488040,Undergraduate students,74,65,9,0,0,0,0,0,0,72,64,8,0,0,0,0,0,0,2,1,1,0,0,0,0,0,0,0,0,0
488059,Total students enrolled for credit,46,16,30,0,0,0,0,0,0,0,0,0,46,16,30,0,0,0,0,0,0,0,0,0,0,0,0,0,0,0
488059,Undergraduate students,46,16,30,0,0,0,0,0,0,0,0,0,46,16,30,0,0,0,0,0,0,0,0,0,0,0,0,0,0,0
488068,Total students enrolled for credit,220,39,181,1,0,1,7,2,5,14,4,10,20,1,19,0,0,0,169,29,140,1,1,0,8,2,6,0,0,0
488068,Undergraduate students,185,31,154,0,0,0,5,2,3,14,4,10,16,1,15,0,0,0,141,21,120,1,1,0,8,2,6,0,0,0
488068,Graduate student,35,8,27,1,0,1,2,0,2,0,0,0,4,0,4,0,0,0,28,8,20,0,0,0,0,0,0,0,0,0
488077,Total students enrolled for credit,2853,2798,55,16,16,0,37,35,2,65,64,1,180,175,5,18,17,1,2006,1967,39,95,95,0,436,429,7,0,0,0
488077,Undergraduate students,2853,2798,55,16,16,0,37,35,2,65,64,1,180,175,5,18,17,1,2006,1967,39,95,95,0,436,429,7,0,0,0
488086,Total students enrolled for credit,146,27,119,0,0,0,46,11,35,17,2,15,39,5,34,0,0,0,37,7,30,1,1,0,6,1,5,0,0,0
488086,Undergraduate students,146,27,119,0,0,0,46,11,35,17,2,15,39,5,34,0,0,0,37,7,30,1,1,0,6,1,5,0,0,0
488101,Total students enrolled for credit,89,89,0,0,0,0,0,0,0,0,0,0,0,0,0,0,0,0,89,89,0,0,0,0,0,0,0,0,0,0
488101,Undergraduate students,89,89,0,0,0,0,0,0,0,0,0,0,0,0,0,0,0,0,89,89,0,0,0,0,0,0,0,0,0,0
488110,Total students enrolled for credit,80,4,76,0,0,0,0,0,0,15,1,14,22,2,20,0,0,0,41,1,40,2,0,2,0,0,0,0,0,0
488110,Undergraduate students,80,4,76,0,0,0,0,0,0,15,1,14,22,2,20,0,0,0,41,1,40,2,0,2,0,0,0,0,0,0
488129,Total students enrolled for credit,13,1,12,0,0,0,0,0,0,13,1,12,0,0,0,0,0,0,0,0,0,0,0,0,0,0,0,0,0,0
488129,Undergraduate students,13,1,12,0,0,0,0,0,0,13,1,12,0,0,0,0,0,0,0,0,0,0,0,0,0,0,0,0,0,0
488138,Total students enrolled for credit,143,4,139,0,0,0,2,0,2,78,2,76,0,0,0,1,0,1,62,2,60,0,0,0,0,0,0,0,0,0
488138,Undergraduate students,143,4,139,0,0,0,2,0,2,78,2,76,0,0,0,1,0,1,62,2,60,0,0,0,0,0,0,0,0,0
488147,Total students enrolled for credit,47,5,42,0,0,0,0,0,0,17,2,15,28,3,25,0,0,0,2,0,2,0,0,0,0,0,0,0,0,0
488147,Undergraduate students,47,5,42,0,0,0,0,0,0,17,2,15,28,3,25,0,0,0,2,0,2,0,0,0,0,0,0,0,0,0
488156,Total students enrolled for credit,13,2,11,0,0,0,0,0,0,8,1,7,4,1,3,0,0,0,1,0,1,0,0,0,0,0,0,0,0,0
488156,Undergraduate students,13,2,11,0,0,0,0,0,0,8,1,7,4,1,3,0,0,0,1,0,1,0,0,0,0,0,0,0,0,0
488165,Total students enrolled for credit,31,1,30,0,0,0,0,0,0,0,0,0,0,0,0,0,0,0,31,1,30,0,0,0,0,0,0,0,0,0
488165,Undergraduate students,31,1,30,0,0,0,0,0,0,0,0,0,0,0,0,0,0,0,31,1,30,0,0,0,0,0,0,0,0,0
488174,Total students enrolled for credit,17,9,8,0,0,0,1,1,0,9,4,5,3,2,1,0,0,0,2,2,0,2,0,2,0,0,0,0,0,0
488174,Undergraduate students,17,9,8,0,0,0,1,1,0,9,4,5,3,2,1,0,0,0,2,2,0,2,0,2,0,0,0,0,0,0
488183,Total students enrolled for credit,50,0,50,1,0,1,0,0,0,1,0,1,0,0,0,0,0,0,41,0,41,3,0,3,4,0,4,0,0,0
488183,Undergraduate students,50,0,50,1,0,1,0,0,0,1,0,1,0,0,0,0,0,0,41,0,41,3,0,3,4,0,4,0,0,0
488192,Total students enrolled for credit,53,52,1,1,1,0,4,4,0,2,2,0,20,20,0,0,0,0,21,20,1,0,0,0,5,5,0,0,0,0
488192,Undergraduate students,53,52,1,1,1,0,4,4,0,2,2,0,20,20,0,0,0,0,21,20,1,0,0,0,5,5,0,0,0,0
488217,Total students enrolled for credit,158,8,150,1,1,0,2,0,2,7,0,7,4,1,3,0,0,0,144,6,138,0,0,0,0,0,0,0,0,0
488217,Undergraduate students,158,8,150,1,1,0,2,0,2,7,0,7,4,1,3,0,0,0,144,6,138,0,0,0,0,0,0,0,0,0
488226,Total students enrolled for credit,29,16,13,0,0,0,0,0,0,2,1,1,1,0,1,0,0,0,24,13,11,2,2,0,0,0,0,0,0,0
488226,Undergraduate students,29,16,13,0,0,0,0,0,0,2,1,1,1,0,1,0,0,0,24,13,11,2,2,0,0,0,0,0,0,0
488235,Total students enrolled for credit,35,0,35,0,0,0,0,0,0,1,0,1,0,0,0,0,0,0,34,0,34,0,0,0,0,0,0,0,0,0
488235,Undergraduate students,35,0,35,0,0,0,0,0,0,1,0,1,0,0,0,0,0,0,34,0,34,0,0,0,0,0,0,0,0,0
488253,Total students enrolled for credit,121,86,35,0,0,0,9,7,2,33,23,10,24,17,7,0,0,0,37,27,10,2,1,1,14,10,4,2,1,1
488253,Undergraduate students,121,86,35,0,0,0,9,7,2,33,23,10,24,17,7,0,0,0,37,27,10,2,1,1,14,10,4,2,1,1
488262,Total students enrolled for credit,46,35,11,0,0,0,0,0,0,18,13,5,5,3,2,0,0,0,19,16,3,1,1,0,3,2,1,0,0,0
488262,Undergraduate students,46,35,11,0,0,0,0,0,0,18,13,5,5,3,2,0,0,0,19,16,3,1,1,0,3,2,1,0,0,0
488271,Total students enrolled for credit,120,4,116,5,0,5,6,0,6,10,2,8,5,0,5,0,0,0,94,2,92,0,0,0,0,0,0,0,0,0
488271,Undergraduate students,120,4,116,5,0,5,6,0,6,10,2,8,5,0,5,0,0,0,94,2,92,0,0,0,0,0,0,0,0,0
488280,Total students enrolled for credit,134,97,37,1,1,0,2,2,0,33,27,6,31,24,7,1,1,0,49,30,19,6,4,2,2,1,1,9,7,2
488280,Undergraduate students,134,97,37,1,1,0,2,2,0,33,27,6,31,24,7,1,1,0,49,30,19,6,4,2,2,1,1,9,7,2
488299,Total students enrolled for credit,158,14,144,0,0,0,131,14,117,0,0,0,21,0,21,0,0,0,0,0,0,0,0,0,0,0,0,6,0,6
488299,Undergraduate students,158,14,144,0,0,0,131,14,117,0,0,0,21,0,21,0,0,0,0,0,0,0,0,0,0,0,0,6,0,6
488305,Total students enrolled for credit,141,73,68,0,0,0,7,4,3,7,2,5,16,10,6,0,0,0,94,47,47,3,2,1,3,2,1,11,6,5
488305,Undergraduate students,141,73,68,0,0,0,7,4,3,7,2,5,16,10,6,0,0,0,94,47,47,3,2,1,3,2,1,11,6,5
488314,Total students enrolled for credit,66,66,0,0,0,0,0,0,0,0,0,0,0,0,0,0,0,0,53,53,0,0,0,0,0,0,0,13,13,0
488314,Undergraduate students,66,66,0,0,0,0,0,0,0,0,0,0,0,0,0,0,0,0,53,53,0,0,0,0,0,0,0,13,13,0
488332,Total students enrolled for credit,131,11,120,0,0,0,0,0,0,126,11,115,4,0,4,0,0,0,1,0,1,0,0,0,0,0,0,0,0,0
488332,Undergraduate students,131,11,120,0,0,0,0,0,0,126,11,115,4,0,4,0,0,0,1,0,1,0,0,0,0,0,0,0,0,0
488341,Total students enrolled for credit,123,9,114,0,0,0,1,1,0,18,0,18,54,4,50,0,0,0,37,4,33,0,0,0,9,0,9,4,0,4
488341,Undergraduate students,123,9,114,0,0,0,1,1,0,18,0,18,54,4,50,0,0,0,37,4,33,0,0,0,9,0,9,4,0,4
488350,Total students enrolled for credit,102,102,0,0,0,0,0,0,0,0,0,0,0,0,0,0,0,0,102,102,0,0,0,0,0,0,0,0,0,0
488350,Undergraduate students,102,102,0,0,0,0,0,0,0,0,0,0,0,0,0,0,0,0,102,102,0,0,0,0,0,0,0,0,0,0
488369,Total students enrolled for credit,50,38,12,0,0,0,0,0,0,24,17,7,2,1,1,0,0,0,24,20,4,0,0,0,0,0,0,0,0,0
488369,Undergraduate students,50,38,12,0,0,0,0,0,0,24,17,7,2,1,1,0,0,0,24,20,4,0,0,0,0,0,0,0,0,0
488378,Total students enrolled for credit,28,2,26,2,0,2,5,2,3,0,0,0,0,0,0,0,0,0,21,0,21,0,0,0,0,0,0,0,0,0
488378,Undergraduate students,28,2,26,2,0,2,5,2,3,0,0,0,0,0,0,0,0,0,21,0,21,0,0,0,0,0,0,0,0,0
488387,Total students enrolled for credit,105,41,64,2,1,1,7,3,4,30,18,12,12,3,9,2,0,2,41,13,28,3,0,3,8,3,5,0,0,0
488387,Graduate student,105,41,64,2,1,1,7,3,4,30,18,12,12,3,9,2,0,2,41,13,28,3,0,3,8,3,5,0,0,0
488396,Total students enrolled for credit,82,68,14,0,0,0,0,0,0,75,65,10,5,3,2,0,0,0,2,0,2,0,0,0,0,0,0,0,0,0
488396,Undergraduate students,82,68,14,0,0,0,0,0,0,75,65,10,5,3,2,0,0,0,2,0,2,0,0,0,0,0,0,0,0,0
488411,Total students enrolled for credit,90,2,88,4,1,3,3,0,3,1,0,1,5,0,5,2,0,2,63,1,62,1,0,1,11,0,11,0,0,0
488411,Undergraduate students,90,2,88,4,1,3,3,0,3,1,0,1,5,0,5,2,0,2,63,1,62,1,0,1,11,0,11,0,0,0
488420,Total students enrolled for credit,136,31,105,1,0,1,1,0,1,17,6,11,4,0,4,0,0,0,112,25,87,1,0,1,0,0,0,0,0,0
488420,Undergraduate students,136,31,105,1,0,1,1,0,1,17,6,11,4,0,4,0,0,0,112,25,87,1,0,1,0,0,0,0,0,0
488439,Total students enrolled for credit,95,80,15,0,0,0,0,0,0,62,50,12,2,2,0,0,0,0,31,28,3,0,0,0,0,0,0,0,0,0
488439,Undergraduate students,95,80,15,0,0,0,0,0,0,62,50,12,2,2,0,0,0,0,31,28,3,0,0,0,0,0,0,0,0,0
488448,Total students enrolled for credit,121,85,36,0,0,0,8,6,2,9,9,0,11,6,5,0,0,0,88,61,27,0,0,0,0,0,0,5,3,2
488448,Undergraduate students,74,54,20,0,0,0,3,2,1,7,7,0,8,5,3,0,0,0,55,39,16,0,0,0,0,0,0,1,1,0
488448,Graduate student,47,31,16,0,0,0,5,4,1,2,2,0,3,1,2,0,0,0,33,22,11,0,0,0,0,0,0,4,2,2
488554,Total students enrolled for credit,162,88,74,2,2,0,39,27,12,9,5,4,30,17,13,1,0,1,72,35,37,0,0,0,9,2,7,0,0,0
488554,Graduate student,162,88,74,2,2,0,39,27,12,9,5,4,30,17,13,1,0,1,72,35,37,0,0,0,9,2,7,0,0,0
488572,Total students enrolled for credit,174,70,104,0,0,0,92,35,57,12,4,8,15,8,7,0,0,0,42,18,24,1,1,0,12,4,8,0,0,0
488572,Graduate student,174,70,104,0,0,0,92,35,57,12,4,8,15,8,7,0,0,0,42,18,24,1,1,0,12,4,8,0,0,0
488590,Total students enrolled for credit,10,5,5,0,0,0,0,0,0,0,0,0,0,0,0,0,0,0,8,3,5,2,2,0,0,0,0,0,0,0
488590,Undergraduate students,10,5,5,0,0,0,0,0,0,0,0,0,0,0,0,0,0,0,8,3,5,2,2,0,0,0,0,0,0,0
488679,Total students enrolled for credit,18466,5771,12695,43,14,29,167,54,113,4473,1138,3335,755,286,469,16,7,9,11975,3854,8121,551,170,381,234,79,155,252,169,83
488679,Undergraduate students,10927,3314,7613,28,8,20,64,17,47,2859,720,2139,474,180,294,12,5,7,6982,2192,4790,352,104,248,84,39,45,72,49,23
488679,Graduate student,7539,2457,5082,15,6,9,103,37,66,1614,418,1196,281,106,175,4,2,2,4993,1662,3331,199,66,133,150,40,110,180,120,60
488730,Total students enrolled for credit,6642,2783,3859,18,7,11,207,86,121,582,283,299,3401,1354,2047,7,5,2,2135,916,1219,282,127,155,6,2,4,4,3,1
488730,Undergraduate students,6642,2783,3859,18,7,11,207,86,121,582,283,299,3401,1354,2047,7,5,2,2135,916,1219,282,127,155,6,2,4,4,3,1
488749,Total students enrolled for credit,251,13,238,30,0,30,4,0,4,96,6,90,13,0,13,0,0,0,103,7,96,0,0,0,5,0,5,0,0,0
488749,Undergraduate students,251,13,238,30,0,30,4,0,4,96,6,90,13,0,13,0,0,0,103,7,96,0,0,0,5,0,5,0,0,0
488776,Total students enrolled for credit,136,62,74,1,0,1,20,8,12,14,7,7,7,3,4,4,2,2,81,38,43,2,0,2,3,1,2,4,3,1
488776,Undergraduate students,55,27,28,0,0,0,4,3,1,2,0,2,4,2,2,1,1,0,41,21,20,1,0,1,2,0,2,0,0,0
488776,Graduate student,81,35,46,1,0,1,16,5,11,12,7,5,3,1,2,3,1,2,40,17,23,1,0,1,1,1,0,4,3,1
488800,Total students enrolled for credit,1176,328,848,11,4,7,60,17,43,40,16,24,237,64,173,22,5,17,686,187,499,6,2,4,114,33,81,0,0,0
488800,Graduate student,1176,328,848,11,4,7,60,17,43,40,16,24,237,64,173,22,5,17,686,187,499,6,2,4,114,33,81,0,0,0
488819,Total students enrolled for credit,126,67,59,0,0,0,13,4,9,0,0,0,0,0,0,0,0,0,53,30,23,9,5,4,0,0,0,51,28,23
488819,Undergraduate students,61,30,31,0,0,0,8,4,4,0,0,0,0,0,0,0,0,0,27,11,16,7,4,3,0,0,0,19,11,8
488819,Graduate student,65,37,28,0,0,0,5,0,5,0,0,0,0,0,0,0,0,0,26,19,7,2,1,1,0,0,0,32,17,15
488828,Total students enrolled for credit,38,5,33,4,0,4,0,0,0,3,1,2,0,0,0,0,0,0,30,4,26,0,0,0,1,0,1,0,0,0
488828,Undergraduate students,38,5,33,4,0,4,0,0,0,3,1,2,0,0,0,0,0,0,30,4,26,0,0,0,1,0,1,0,0,0
488837,Total students enrolled for credit,450,408,42,0,0,0,3,3,0,302,266,36,7,5,2,0,0,0,137,133,4,1,1,0,0,0,0,0,0,0
488837,Undergraduate students,450,408,42,0,0,0,3,3,0,302,266,36,7,5,2,0,0,0,137,133,4,1,1,0,0,0,0,0,0,0
488846,Total students enrolled for credit,11276,7602,3674,0,0,0,0,0,0,0,0,0,0,0,0,0,0,0,0,0,0,0,0,0,11276,7602,3674,0,0,0
488846,Undergraduate students,9982,6689,3293,0,0,0,0,0,0,0,0,0,0,0,0,0,0,0,0,0,0,0,0,0,9982,6689,3293,0,0,0
488846,Graduate student,1294,913,381,0,0,0,0,0,0,0,0,0,0,0,0,0,0,0,0,0,0,0,0,0,1294,913,381,0,0,0
488891,Total students enrolled for credit,417,114,303,0,0,0,0,0,0,167,39,128,206,61,145,1,0,1,27,11,16,0,0,0,0,0,0,16,3,13
488891,Undergraduate students,417,114,303,0,0,0,0,0,0,167,39,128,206,61,145,1,0,1,27,11,16,0,0,0,0,0,0,16,3,13
488907,Total students enrolled for credit,37,9,28,0,0,0,10,4,6,2,0,2,3,1,2,0,0,0,18,3,15,0,0,0,1,0,1,3,1,2
488907,Graduate student,37,9,28,0,0,0,10,4,6,2,0,2,3,1,2,0,0,0,18,3,15,0,0,0,1,0,1,3,1,2
488916,Total students enrolled for credit,27,1,26,0,0,0,0,0,0,11,0,11,1,0,1,0,0,0,15,1,14,0,0,0,0,0,0,0,0,0
488916,Undergraduate students,27,1,26,0,0,0,0,0,0,11,0,11,1,0,1,0,0,0,15,1,14,0,0,0,0,0,0,0,0,0
488925,Total students enrolled for credit,151,149,2,0,0,0,0,0,0,4,4,0,11,9,2,0,0,0,136,136,0,0,0,0,0,0,0,0,0,0
488925,Undergraduate students,151,149,2,0,0,0,0,0,0,4,4,0,11,9,2,0,0,0,136,136,0,0,0,0,0,0,0,0,0,0
488934,Total students enrolled for credit,4301,2305,1996,296,153,143,154,92,62,445,185,260,799,392,407,9,5,4,2281,1317,964,317,161,156,0,0,0,0,0,0
488934,Undergraduate students,4301,2305,1996,296,153,143,154,92,62,445,185,260,799,392,407,9,5,4,2281,1317,964,317,161,156,0,0,0,0,0,0
488943,Total students enrolled for credit,404,201,203,1,0,1,4,4,0,17,7,10,32,16,16,0,0,0,35,18,17,5,2,3,310,154,156,0,0,0
488943,Undergraduate students,404,201,203,1,0,1,4,4,0,17,7,10,32,16,16,0,0,0,35,18,17,5,2,3,310,154,156,0,0,0
488952,Total students enrolled for credit,150,6,144,0,0,0,0,0,0,47,1,46,31,1,30,0,0,0,69,4,65,0,0,0,3,0,3,0,0,0
488952,Undergraduate students,150,6,144,0,0,0,0,0,0,47,1,46,31,1,30,0,0,0,69,4,65,0,0,0,3,0,3,0,0,0
488961,Total students enrolled for credit,184,7,177,0,0,0,2,1,1,42,1,41,12,2,10,0,0,0,123,3,120,3,0,3,2,0,2,0,0,0
488961,Undergraduate students,184,7,177,0,0,0,2,1,1,42,1,41,12,2,10,0,0,0,123,3,120,3,0,3,2,0,2,0,0,0
488970,Total students enrolled for credit,225,24,201,1,0,1,3,2,1,4,0,4,2,1,1,0,0,0,207,20,187,6,1,5,2,0,2,0,0,0
488970,Undergraduate students,225,24,201,1,0,1,3,2,1,4,0,4,2,1,1,0,0,0,207,20,187,6,1,5,2,0,2,0,0,0
488989,Total students enrolled for credit,188,12,176,0,0,0,2,0,2,31,3,28,75,6,69,0,0,0,79,2,77,1,1,0,0,0,0,0,0,0
488989,Undergraduate students,188,12,176,0,0,0,2,0,2,31,3,28,75,6,69,0,0,0,79,2,77,1,1,0,0,0,0,0,0,0
488998,Total students enrolled for credit,136,4,132,1,0,1,0,0,0,0,0,0,37,3,34,0,0,0,93,1,92,2,0,2,3,0,3,0,0,0
488998,Undergraduate students,136,4,132,1,0,1,0,0,0,0,0,0,37,3,34,0,0,0,93,1,92,2,0,2,3,0,3,0,0,0
489043,Total students enrolled for credit,45,22,23,0,0,0,0,0,0,30,12,18,9,9,0,0,0,0,5,0,5,1,1,0,0,0,0,0,0,0
489043,Undergraduate students,45,22,23,0,0,0,0,0,0,30,12,18,9,9,0,0,0,0,5,0,5,1,1,0,0,0,0,0,0,0
489104,Total students enrolled for credit,111,73,38,2,0,2,0,0,0,30,23,7,4,4,0,1,1,0,40,25,15,0,0,0,34,20,14,0,0,0
489104,Undergraduate students,111,73,38,2,0,2,0,0,0,30,23,7,4,4,0,1,1,0,40,25,15,0,0,0,34,20,14,0,0,0
489122,Total students enrolled for credit,52,5,47,1,0,1,3,0,3,9,3,6,4,1,3,0,0,0,31,1,30,0,0,0,3,0,3,1,0,1
489122,Undergraduate students,52,5,47,1,0,1,3,0,3,9,3,6,4,1,3,0,0,0,31,1,30,0,0,0,3,0,3,1,0,1
489131,Total students enrolled for credit,42,1,41,0,0,0,6,1,5,5,0,5,2,0,2,0,0,0,28,0,28,0,0,0,1,0,1,0,0,0
489131,Undergraduate students,42,1,41,0,0,0,6,1,5,5,0,5,2,0,2,0,0,0,28,0,28,0,0,0,1,0,1,0,0,0
489140,Total students enrolled for credit,44,3,41,2,0,2,4,1,3,5,2,3,5,0,5,0,0,0,25,0,25,0,0,0,2,0,2,1,0,1
489140,Undergraduate students,44,3,41,2,0,2,4,1,3,5,2,3,5,0,5,0,0,0,25,0,25,0,0,0,2,0,2,1,0,1
489159,Total students enrolled for credit,181,6,175,0,0,0,1,0,1,67,2,65,10,0,10,3,0,3,97,3,94,1,1,0,2,0,2,0,0,0
489159,Undergraduate students,181,6,175,0,0,0,1,0,1,67,2,65,10,0,10,3,0,3,97,3,94,1,1,0,2,0,2,0,0,0
489201,Total students enrolled for credit,9914,4255,5659,53,25,28,1283,559,724,299,127,172,4017,1647,2370,25,7,18,3781,1677,2104,415,191,224,38,19,19,3,3,0
489201,Undergraduate students,9914,4255,5659,53,25,28,1283,559,724,299,127,172,4017,1647,2370,25,7,18,3781,1677,2104,415,191,224,38,19,19,3,3,0
489238,Total students enrolled for credit,124,34,90,0,0,0,4,0,4,30,6,24,33,13,20,0,0,0,43,12,31,1,0,1,11,3,8,2,0,2
489238,Undergraduate students,124,34,90,0,0,0,4,0,4,30,6,24,33,13,20,0,0,0,43,12,31,1,0,1,11,3,8,2,0,2
489247,Total students enrolled for credit,71,26,45,0,0,0,2,1,1,7,6,1,26,11,15,0,0,0,31,7,24,1,0,1,3,1,2,1,0,1
489247,Undergraduate students,71,26,45,0,0,0,2,1,1,7,6,1,26,11,15,0,0,0,31,7,24,1,0,1,3,1,2,1,0,1
489256,Total students enrolled for credit,229,217,12,0,0,0,0,0,0,0,0,0,229,217,12,0,0,0,0,0,0,0,0,0,0,0,0,0,0,0
489256,Undergraduate students,229,217,12,0,0,0,0,0,0,0,0,0,229,217,12,0,0,0,0,0,0,0,0,0,0,0,0,0,0,0
489283,Total students enrolled for credit,509,112,397,0,0,0,0,0,0,1,0,1,493,106,387,0,0,0,11,5,6,1,0,1,3,1,2,0,0,0
489283,Undergraduate students,509,112,397,0,0,0,0,0,0,1,0,1,493,106,387,0,0,0,11,5,6,1,0,1,3,1,2,0,0,0
489326,Total students enrolled for credit,16,5,11,0,0,0,0,0,0,0,0,0,15,4,11,0,0,0,1,1,0,0,0,0,0,0,0,0,0,0
489326,Undergraduate students,16,5,11,0,0,0,0,0,0,0,0,0,15,4,11,0,0,0,1,1,0,0,0,0,0,0,0,0,0,0
489344,Total students enrolled for credit,142,8,134,0,0,0,12,1,11,57,3,54,12,0,12,0,0,0,54,3,51,1,1,0,6,0,6,0,0,0
489344,Undergraduate students,142,8,134,0,0,0,12,1,11,57,3,54,12,0,12,0,0,0,54,3,51,1,1,0,6,0,6,0,0,0
489353,Total students enrolled for credit,124,23,101,0,0,0,30,11,19,1,0,1,14,3,11,0,0,0,63,7,56,3,0,3,13,2,11,0,0,0
489353,Undergraduate students,124,23,101,0,0,0,30,11,19,1,0,1,14,3,11,0,0,0,63,7,56,3,0,3,13,2,11,0,0,0
489371,Total students enrolled for credit,100,97,3,0,0,0,4,4,0,12,12,0,55,52,3,0,0,0,21,21,0,4,4,0,3,3,0,1,1,0
489371,Undergraduate students,100,97,3,0,0,0,4,4,0,12,12,0,55,52,3,0,0,0,21,21,0,4,4,0,3,3,0,1,1,0
489399,Total students enrolled for credit,25,2,23,0,0,0,0,0,0,2,0,2,16,1,15,0,0,0,4,1,3,2,0,2,1,0,1,0,0,0
489399,Undergraduate students,25,2,23,0,0,0,0,0,0,2,0,2,16,1,15,0,0,0,4,1,3,2,0,2,1,0,1,0,0,0
489414,Total students enrolled for credit,110,57,53,0,0,0,0,0,0,0,0,0,110,57,53,0,0,0,0,0,0,0,0,0,0,0,0,0,0,0
489414,Undergraduate students,110,57,53,0,0,0,0,0,0,0,0,0,110,57,53,0,0,0,0,0,0,0,0,0,0,0,0,0,0,0
489760,Total students enrolled for credit,108,102,6,0,0,0,3,3,0,10,10,0,63,60,3,3,2,1,24,23,1,0,0,0,5,4,1,0,0,0
489760,Undergraduate students,108,102,6,0,0,0,3,3,0,10,10,0,63,60,3,3,2,1,24,23,1,0,0,0,5,4,1,0,0,0
489779,Total students enrolled for credit,816,142,674,2,1,1,2,0,2,180,28,152,39,7,32,1,0,1,304,53,251,12,3,9,276,50,226,0,0,0
489779,Undergraduate students,719,121,598,2,1,1,2,0,2,146,19,127,36,7,29,1,0,1,269,46,223,10,2,8,253,46,207,0,0,0
489779,Graduate student,97,21,76,0,0,0,0,0,0,34,9,25,3,0,3,0,0,0,35,7,28,2,1,1,23,4,19,0,0,0
489788,Total students enrolled for credit,593,113,480,2,0,2,4,2,2,171,30,141,61,12,49,1,0,1,155,24,131,12,1,11,187,44,143,0,0,0
489788,Undergraduate students,515,96,419,2,0,2,4,2,2,146,24,122,56,10,46,1,0,1,130,19,111,11,1,10,165,40,125,0,0,0
489788,Graduate student,78,17,61,0,0,0,0,0,0,25,6,19,5,2,3,0,0,0,25,5,20,1,0,1,22,4,18,0,0,0
489812,Total students enrolled for credit,55,4,51,2,0,2,0,0,0,0,0,0,0,0,0,0,0,0,49,1,48,4,3,1,0,0,0,0,0,0
489812,Undergraduate students,55,4,51,2,0,2,0,0,0,0,0,0,0,0,0,0,0,0,49,1,48,4,3,1,0,0,0,0,0,0
489821,Total students enrolled for credit,177,43,134,9,5,4,9,5,4,91,13,78,35,8,27,10,5,5,12,2,10,7,3,4,4,2,2,0,0,0
489821,Undergraduate students,177,43,134,9,5,4,9,5,4,91,13,78,35,8,27,10,5,5,12,2,10,7,3,4,4,2,2,0,0,0
489830,Total students enrolled for credit,110,1,109,0,0,0,0,0,0,31,1,30,4,0,4,0,0,0,73,0,73,1,0,1,1,0,1,0,0,0
489830,Undergraduate students,110,1,109,0,0,0,0,0,0,31,1,30,4,0,4,0,0,0,73,0,73,1,0,1,1,0,1,0,0,0
489858,Total students enrolled for credit,404,129,275,1,0,1,127,52,75,25,6,19,33,8,25,1,1,0,157,44,113,7,4,3,53,14,39,0,0,0
489858,Graduate student,404,129,275,1,0,1,127,52,75,25,6,19,33,8,25,1,1,0,157,44,113,7,4,3,53,14,39,0,0,0
489900,Total students enrolled for credit,28,8,20,0,0,0,0,0,0,23,6,17,3,1,2,0,0,0,2,1,1,0,0,0,0,0,0,0,0,0
489900,Undergraduate students,28,8,20,0,0,0,0,0,0,23,6,17,3,1,2,0,0,0,2,1,1,0,0,0,0,0,0,0,0,0
489937,Total students enrolled for credit,793,552,241,1,0,1,8,5,3,123,79,44,15,10,5,1,1,0,554,385,169,11,5,6,73,60,13,7,7,0
489937,Undergraduate students,341,201,140,1,0,1,1,1,0,52,34,18,6,5,1,0,0,0,257,147,110,8,4,4,15,9,6,1,1,0
489937,Graduate student,452,351,101,0,0,0,7,4,3,71,45,26,9,5,4,1,1,0,297,238,59,3,1,2,58,51,7,6,6,0
490009,Total students enrolled for credit,85,82,3,3,3,0,1,1,0,4,4,0,6,6,0,0,0,0,56,54,2,2,2,0,13,12,1,0,0,0
490009,Undergraduate students,85,82,3,3,3,0,1,1,0,4,4,0,6,6,0,0,0,0,56,54,2,2,2,0,13,12,1,0,0,0
490018,Total students enrolled for credit,57,40,17,0,0,0,0,0,0,12,12,0,15,9,6,0,0,0,29,18,11,1,1,0,0,0,0,0,0,0
490018,Undergraduate students,57,40,17,0,0,0,0,0,0,12,12,0,15,9,6,0,0,0,29,18,11,1,1,0,0,0,0,0,0,0
490045,Total students enrolled for credit,162,91,71,0,0,0,99,55,44,0,0,0,0,0,0,0,0,0,0,0,0,0,0,0,0,0,0,63,36,27
490045,Undergraduate students,41,19,22,0,0,0,20,7,13,0,0,0,0,0,0,0,0,0,0,0,0,0,0,0,0,0,0,21,12,9
490045,Graduate student,121,72,49,0,0,0,79,48,31,0,0,0,0,0,0,0,0,0,0,0,0,0,0,0,0,0,0,42,24,18
490054,Total students enrolled for credit,296,145,151,16,15,1,2,2,0,56,34,22,32,1,31,1,0,1,184,89,95,0,0,0,5,4,1,0,0,0
490054,Undergraduate students,296,145,151,16,15,1,2,2,0,56,34,22,32,1,31,1,0,1,184,89,95,0,0,0,5,4,1,0,0,0
490063,Total students enrolled for credit,447,250,197,0,0,0,0,0,0,0,0,0,0,0,0,0,0,0,0,0,0,0,0,0,25,13,12,422,237,185
490063,Undergraduate students,50,25,25,0,0,0,0,0,0,0,0,0,0,0,0,0,0,0,0,0,0,0,0,0,4,3,1,46,22,24
490063,Graduate student,397,225,172,0,0,0,0,0,0,0,0,0,0,0,0,0,0,0,0,0,0,0,0,0,21,10,11,376,215,161
490072,Total students enrolled for credit,105,101,4,0,0,0,0,0,0,23,21,2,3,3,0,0,0,0,78,76,2,1,1,0,0,0,0,0,0,0
490072,Undergraduate students,105,101,4,0,0,0,0,0,0,23,21,2,3,3,0,0,0,0,78,76,2,1,1,0,0,0,0,0,0,0
490081,Total students enrolled for credit,60,32,28,0,0,0,18,6,12,1,0,1,0,0,0,0,0,0,0,0,0,0,0,0,0,0,0,41,26,15
490081,Undergraduate students,25,12,13,0,0,0,13,5,8,1,0,1,0,0,0,0,0,0,0,0,0,0,0,0,0,0,0,11,7,4
490081,Graduate student,35,20,15,0,0,0,5,1,4,0,0,0,0,0,0,0,0,0,0,0,0,0,0,0,0,0,0,30,19,11
490090,Total students enrolled for credit,58,27,31,0,0,0,0,0,0,36,16,20,4,3,1,0,0,0,15,8,7,3,0,3,0,0,0,0,0,0
490090,Undergraduate students,58,27,31,0,0,0,0,0,0,36,16,20,4,3,1,0,0,0,15,8,7,3,0,3,0,0,0,0,0,0
490106,Total students enrolled for credit,163,70,93,0,0,0,123,54,69,1,0,1,3,1,2,0,0,0,17,5,12,2,1,1,8,3,5,9,6,3
490106,Graduate student,163,70,93,0,0,0,123,54,69,1,0,1,3,1,2,0,0,0,17,5,12,2,1,1,8,3,5,9,6,3
490115,Total students enrolled for credit,50,38,12,0,0,0,0,0,0,8,7,1,2,1,1,0,0,0,40,30,10,0,0,0,0,0,0,0,0,0
490115,Undergraduate students,50,38,12,0,0,0,0,0,0,8,7,1,2,1,1,0,0,0,40,30,10,0,0,0,0,0,0,0,0,0
490124,Total students enrolled for credit,28,18,10,0,0,0,5,1,4,2,2,0,5,5,0,0,0,0,5,3,2,0,0,0,0,0,0,11,7,4
490124,Undergraduate students,28,18,10,0,0,0,5,1,4,2,2,0,5,5,0,0,0,0,5,3,2,0,0,0,0,0,0,11,7,4
490133,Total students enrolled for credit,1451,823,628,0,0,0,15,8,7,7,4,3,8,3,5,0,0,0,11,5,6,0,0,0,973,580,393,437,223,214
490133,Undergraduate students,637,395,242,0,0,0,3,2,1,2,2,0,4,1,3,0,0,0,2,1,1,0,0,0,614,386,228,12,3,9
490133,Graduate student,814,428,386,0,0,0,12,6,6,5,2,3,4,2,2,0,0,0,9,4,5,0,0,0,359,194,165,425,220,205
490142,Total students enrolled for credit,25,10,15,0,0,0,0,0,0,24,10,14,0,0,0,0,0,0,1,0,1,0,0,0,0,0,0,0,0,0
490142,Undergraduate students,25,10,15,0,0,0,0,0,0,24,10,14,0,0,0,0,0,0,1,0,1,0,0,0,0,0,0,0,0,0
490151,Total students enrolled for credit,183,9,174,0,0,0,0,0,0,54,1,53,7,0,7,0,0,0,118,8,110,4,0,4,0,0,0,0,0,0
490151,Undergraduate students,183,9,174,0,0,0,0,0,0,54,1,53,7,0,7,0,0,0,118,8,110,4,0,4,0,0,0,0,0,0
490160,Total students enrolled for credit,55,7,48,0,0,0,17,4,13,2,1,1,7,1,6,0,0,0,26,1,25,3,0,3,0,0,0,0,0,0
490160,Undergraduate students,55,7,48,0,0,0,17,4,13,2,1,1,7,1,6,0,0,0,26,1,25,3,0,3,0,0,0,0,0,0
490179,Total students enrolled for credit,264,31,233,0,0,0,2,1,1,175,21,154,32,6,26,0,0,0,54,3,51,0,0,0,1,0,1,0,0,0
490179,Undergraduate students,264,31,233,0,0,0,2,1,1,175,21,154,32,6,26,0,0,0,54,3,51,0,0,0,1,0,1,0,0,0
490188,Total students enrolled for credit,8,0,8,0,0,0,0,0,0,0,0,0,0,0,0,0,0,0,8,0,8,0,0,0,0,0,0,0,0,0
490188,Undergraduate students,8,0,8,0,0,0,0,0,0,0,0,0,0,0,0,0,0,0,8,0,8,0,0,0,0,0,0,0,0,0
490197,Total students enrolled for credit,17,3,14,0,0,0,1,0,1,0,0,0,13,1,12,2,1,1,1,1,0,0,0,0,0,0,0,0,0,0
490197,Undergraduate students,17,3,14,0,0,0,1,0,1,0,0,0,13,1,12,2,1,1,1,1,0,0,0,0,0,0,0,0,0,0
490203,Total students enrolled for credit,168,14,154,1,0,1,0,0,0,3,0,3,6,0,6,0,0,0,157,14,143,1,0,1,0,0,0,0,0,0
490203,Undergraduate students,168,14,154,1,0,1,0,0,0,3,0,3,6,0,6,0,0,0,157,14,143,1,0,1,0,0,0,0,0,0
490212,Total students enrolled for credit,112,51,61,0,0,0,13,7,6,11,3,8,52,28,24,0,0,0,18,7,11,6,4,2,9,2,7,3,0,3
490212,Undergraduate students,112,51,61,0,0,0,13,7,6,11,3,8,52,28,24,0,0,0,18,7,11,6,4,2,9,2,7,3,0,3
490221,Total students enrolled for credit,42,4,38,0,0,0,3,0,3,0,0,0,5,0,5,0,0,0,26,4,22,8,0,8,0,0,0,0,0,0
490221,Undergraduate students,42,4,38,0,0,0,3,0,3,0,0,0,5,0,5,0,0,0,26,4,22,8,0,8,0,0,0,0,0,0
490230,Total students enrolled for credit,38,10,28,0,0,0,38,10,28,0,0,0,0,0,0,0,0,0,0,0,0,0,0,0,0,0,0,0,0,0
490230,Undergraduate students,19,7,12,0,0,0,19,7,12,0,0,0,0,0,0,0,0,0,0,0,0,0,0,0,0,0,0,0,0,0
490230,Graduate student,19,3,16,0,0,0,19,3,16,0,0,0,0,0,0,0,0,0,0,0,0,0,0,0,0,0,0,0,0,0
490249,Total students enrolled for credit,44,43,1,0,0,0,0,0,0,17,17,0,16,15,1,0,0,0,11,11,0,0,0,0,0,0,0,0,0,0
490249,Undergraduate students,44,43,1,0,0,0,0,0,0,17,17,0,16,15,1,0,0,0,11,11,0,0,0,0,0,0,0,0,0,0
490258,Total students enrolled for credit,79,57,22,0,0,0,0,0,0,17,13,4,43,35,8,0,0,0,19,9,10,0,0,0,0,0,0,0,0,0
490258,Undergraduate students,79,57,22,0,0,0,0,0,0,17,13,4,43,35,8,0,0,0,19,9,10,0,0,0,0,0,0,0,0,0
490267,Total students enrolled for credit,31,18,13,1,0,1,0,0,0,1,1,0,0,0,0,0,0,0,27,15,12,0,0,0,2,2,0,0,0,0
490267,Undergraduate students,31,18,13,1,0,1,0,0,0,1,1,0,0,0,0,0,0,0,27,15,12,0,0,0,2,2,0,0,0,0
490276,Total students enrolled for credit,156,156,0,0,0,0,0,0,0,0,0,0,0,0,0,0,0,0,156,156,0,0,0,0,0,0,0,0,0,0
490276,Undergraduate students,156,156,0,0,0,0,0,0,0,0,0,0,0,0,0,0,0,0,156,156,0,0,0,0,0,0,0,0,0,0
490285,Total students enrolled for credit,873,821,52,2,2,0,316,309,7,166,151,15,126,111,15,0,0,0,207,196,11,15,14,1,41,38,3,0,0,0
490285,Undergraduate students,873,821,52,2,2,0,316,309,7,166,151,15,126,111,15,0,0,0,207,196,11,15,14,1,41,38,3,0,0,0
490294,Total students enrolled for credit,164,50,114,4,0,4,1,0,1,0,0,0,112,41,71,0,0,0,46,9,37,0,0,0,1,0,1,0,0,0
490294,Undergraduate students,164,50,114,4,0,4,1,0,1,0,0,0,112,41,71,0,0,0,46,9,37,0,0,0,1,0,1,0,0,0
490300,Total students enrolled for credit,112,16,96,0,0,0,5,0,5,5,2,3,30,5,25,0,0,0,70,9,61,0,0,0,2,0,2,0,0,0
490300,Undergraduate students,112,16,96,0,0,0,5,0,5,5,2,3,30,5,25,0,0,0,70,9,61,0,0,0,2,0,2,0,0,0
490319,Total students enrolled for credit,54,54,0,0,0,0,0,0,0,0,0,0,0,0,0,0,0,0,54,54,0,0,0,0,0,0,0,0,0,0
490319,Undergraduate students,54,54,0,0,0,0,0,0,0,0,0,0,0,0,0,0,0,0,54,54,0,0,0,0,0,0,0,0,0,0
490328,Total students enrolled for credit,55,55,0,0,0,0,0,0,0,0,0,0,0,0,0,0,0,0,55,55,0,0,0,0,0,0,0,0,0,0
490328,Undergraduate students,55,55,0,0,0,0,0,0,0,0,0,0,0,0,0,0,0,0,55,55,0,0,0,0,0,0,0,0,0,0
490337,Total students enrolled for credit,27,26,1,0,0,0,3,3,0,10,9,1,9,9,0,0,0,0,3,3,0,0,0,0,1,1,0,1,1,0
490337,Undergraduate students,27,26,1,0,0,0,3,3,0,10,9,1,9,9,0,0,0,0,3,3,0,0,0,0,1,1,0,1,1,0
490346,Total students enrolled for credit,34,0,34,0,0,0,0,0,0,0,0,0,0,0,0,0,0,0,34,0,34,0,0,0,0,0,0,0,0,0
490346,Undergraduate students,34,0,34,0,0,0,0,0,0,0,0,0,0,0,0,0,0,0,34,0,34,0,0,0,0,0,0,0,0,0
490355,Total students enrolled for credit,29,1,28,1,0,1,0,0,0,6,0,6,0,0,0,0,0,0,21,1,20,0,0,0,1,0,1,0,0,0
490355,Undergraduate students,29,1,28,1,0,1,0,0,0,6,0,6,0,0,0,0,0,0,21,1,20,0,0,0,1,0,1,0,0,0
490364,Total students enrolled for credit,8,0,8,0,0,0,0,0,0,8,0,8,0,0,0,0,0,0,0,0,0,0,0,0,0,0,0,0,0,0
490364,Undergraduate students,8,0,8,0,0,0,0,0,0,8,0,8,0,0,0,0,0,0,0,0,0,0,0,0,0,0,0,0,0,0
490373,Total students enrolled for credit,186,101,85,0,0,0,46,21,25,5,2,3,13,8,5,0,0,0,96,56,40,9,6,3,17,8,9,0,0,0
490373,Graduate student,186,101,85,0,0,0,46,21,25,5,2,3,13,8,5,0,0,0,96,56,40,9,6,3,17,8,9,0,0,0
490382,Total students enrolled for credit,48,14,34,0,0,0,0,0,0,39,14,25,3,0,3,0,0,0,6,0,6,0,0,0,0,0,0,0,0,0
490382,Undergraduate students,48,14,34,0,0,0,0,0,0,39,14,25,3,0,3,0,0,0,6,0,6,0,0,0,0,0,0,0,0,0
490391,Total students enrolled for credit,94,2,92,0,0,0,0,0,0,0,0,0,94,2,92,0,0,0,0,0,0,0,0,0,0,0,0,0,0,0
490391,Undergraduate students,94,2,92,0,0,0,0,0,0,0,0,0,94,2,92,0,0,0,0,0,0,0,0,0,0,0,0,0,0,0
490407,Total students enrolled for credit,44,1,43,7,0,7,2,0,2,19,1,18,8,0,8,1,0,1,2,0,2,4,0,4,1,0,1,0,0,0
490407,Undergraduate students,44,1,43,7,0,7,2,0,2,19,1,18,8,0,8,1,0,1,2,0,2,4,0,4,1,0,1,0,0,0
490416,Total students enrolled for credit,37,25,12,0,0,0,0,0,0,17,11,6,1,1,0,0,0,0,18,12,6,0,0,0,1,1,0,0,0,0
490416,Undergraduate students,37,25,12,0,0,0,0,0,0,17,11,6,1,1,0,0,0,0,18,12,6,0,0,0,1,1,0,0,0,0
490425,Total students enrolled for credit,162,1,161,1,0,1,8,0,8,10,0,10,38,1,37,0,0,0,96,0,96,7,0,7,2,0,2,0,0,0
490425,Undergraduate students,162,1,161,1,0,1,8,0,8,10,0,10,38,1,37,0,0,0,96,0,96,7,0,7,2,0,2,0,0,0
490434,Total students enrolled for credit,22,0,22,0,0,0,0,0,0,0,0,0,0,0,0,0,0,0,22,0,22,0,0,0,0,0,0,0,0,0
490434,Undergraduate students,22,0,22,0,0,0,0,0,0,0,0,0,0,0,0,0,0,0,22,0,22,0,0,0,0,0,0,0,0,0
490443,Total students enrolled for credit,170,1,169,2,0,2,27,0,27,17,1,16,22,0,22,0,0,0,77,0,77,12,0,12,13,0,13,0,0,0
490443,Undergraduate students,170,1,169,2,0,2,27,0,27,17,1,16,22,0,22,0,0,0,77,0,77,12,0,12,13,0,13,0,0,0
490452,Total students enrolled for credit,15,0,15,0,0,0,0,0,0,2,0,2,5,0,5,0,0,0,6,0,6,2,0,2,0,0,0,0,0,0
490452,Undergraduate students,15,0,15,0,0,0,0,0,0,2,0,2,5,0,5,0,0,0,6,0,6,2,0,2,0,0,0,0,0,0
490461,Total students enrolled for credit,175,7,168,0,0,0,3,0,3,20,0,20,60,4,56,0,0,0,38,1,37,0,0,0,0,0,0,54,2,52
490461,Undergraduate students,175,7,168,0,0,0,3,0,3,20,0,20,60,4,56,0,0,0,38,1,37,0,0,0,0,0,0,54,2,52
490470,Total students enrolled for credit,21,4,17,0,0,0,0,0,0,7,1,6,0,0,0,0,0,0,12,3,9,2,0,2,0,0,0,0,0,0
490470,Undergraduate students,21,4,17,0,0,0,0,0,0,7,1,6,0,0,0,0,0,0,12,3,9,2,0,2,0,0,0,0,0,0
490498,Total students enrolled for credit,26,20,6,0,0,0,0,0,0,4,3,1,0,0,0,0,0,0,19,16,3,0,0,0,3,1,2,0,0,0
490498,Undergraduate students,26,20,6,0,0,0,0,0,0,4,3,1,0,0,0,0,0,0,19,16,3,0,0,0,3,1,2,0,0,0
490504,Total students enrolled for credit,51,51,0,0,0,0,0,0,0,0,0,0,0,0,0,0,0,0,51,51,0,0,0,0,0,0,0,0,0,0
490504,Undergraduate students,51,51,0,0,0,0,0,0,0,0,0,0,0,0,0,0,0,0,51,51,0,0,0,0,0,0,0,0,0,0
490513,Total students enrolled for credit,89,89,0,0,0,0,0,0,0,0,0,0,0,0,0,0,0,0,87,87,0,0,0,0,0,0,0,2,2,0
490513,Undergraduate students,89,89,0,0,0,0,0,0,0,0,0,0,0,0,0,0,0,0,87,87,0,0,0,0,0,0,0,2,2,0
490522,Total students enrolled for credit,11,0,11,0,0,0,0,0,0,0,0,0,6,0,6,0,0,0,4,0,4,0,0,0,1,0,1,0,0,0
490522,Undergraduate students,11,0,11,0,0,0,0,0,0,0,0,0,6,0,6,0,0,0,4,0,4,0,0,0,1,0,1,0,0,0
490531,Total students enrolled for credit,22,20,2,0,0,0,0,0,0,21,19,2,1,1,0,0,0,0,0,0,0,0,0,0,0,0,0,0,0,0
490531,Undergraduate students,22,20,2,0,0,0,0,0,0,21,19,2,1,1,0,0,0,0,0,0,0,0,0,0,0,0,0,0,0,0
490559,Total students enrolled for credit,745,52,693,1,0,1,11,0,11,374,25,349,159,10,149,0,0,0,87,9,78,17,1,16,46,2,44,50,5,45
490559,Undergraduate students,745,52,693,1,0,1,11,0,11,374,25,349,159,10,149,0,0,0,87,9,78,17,1,16,46,2,44,50,5,45
490568,Total students enrolled for credit,125,9,116,4,0,4,0,0,0,6,0,6,1,0,1,0,0,0,113,9,104,1,0,1,0,0,0,0,0,0
490568,Undergraduate students,125,9,116,4,0,4,0,0,0,6,0,6,1,0,1,0,0,0,113,9,104,1,0,1,0,0,0,0,0,0
490674,Total students enrolled for credit,16,0,16,0,0,0,0,0,0,6,0,6,4,0,4,0,0,0,6,0,6,0,0,0,0,0,0,0,0,0
490674,Undergraduate students,16,0,16,0,0,0,0,0,0,6,0,6,4,0,4,0,0,0,6,0,6,0,0,0,0,0,0,0,0,0
490692,Total students enrolled for credit,65,59,6,0,0,0,0,0,0,30,29,1,4,4,0,0,0,0,28,23,5,3,3,0,0,0,0,0,0,0
490692,Undergraduate students,65,59,6,0,0,0,0,0,0,30,29,1,4,4,0,0,0,0,28,23,5,3,3,0,0,0,0,0,0,0
490717,Total students enrolled for credit,77,4,73,1,0,1,4,0,4,5,0,5,16,1,15,1,0,1,33,1,32,10,1,9,7,1,6,0,0,0
490717,Undergraduate students,77,4,73,1,0,1,4,0,4,5,0,5,16,1,15,1,0,1,33,1,32,10,1,9,7,1,6,0,0,0
490735,Total students enrolled for credit,65,7,58,0,0,0,0,0,0,46,2,44,9,3,6,0,0,0,10,2,8,0,0,0,0,0,0,0,0,0
490735,Undergraduate students,65,7,58,0,0,0,0,0,0,46,2,44,9,3,6,0,0,0,10,2,8,0,0,0,0,0,0,0,0,0
490771,Total students enrolled for credit,524,128,396,3,0,3,2,1,1,172,28,144,18,7,11,2,1,1,147,35,112,15,7,8,165,49,116,0,0,0
490771,Undergraduate students,442,102,340,2,0,2,1,0,1,148,23,125,14,7,7,1,0,1,128,29,99,15,7,8,133,36,97,0,0,0
490771,Graduate student,82,26,56,1,0,1,1,1,0,24,5,19,4,0,4,1,1,0,19,6,13,0,0,0,32,13,19,0,0,0
490805,Total students enrolled for credit,17874,7189,10685,44,19,25,425,168,257,1586,501,1085,2686,1102,1584,16,7,9,10802,4152,6650,379,169,210,1028,450,578,908,621,287
490805,Undergraduate students,16612,6687,9925,42,17,25,398,157,241,1490,472,1018,2580,1065,1515,16,7,9,10097,3922,6175,365,163,202,1011,445,566,613,439,174
490805,Graduate student,1262,502,760,2,2,0,27,11,16,96,29,67,106,37,69,0,0,0,705,230,475,14,6,8,17,5,12,295,182,113
490814,Total students enrolled for credit,106,8,98,0,0,0,0,0,0,28,3,25,10,1,9,0,0,0,59,4,55,7,0,7,2,0,2,0,0,0
490814,Undergraduate students,106,8,98,0,0,0,0,0,0,28,3,25,10,1,9,0,0,0,59,4,55,7,0,7,2,0,2,0,0,0
490832,Total students enrolled for credit,133,13,120,4,1,3,0,0,0,34,4,30,1,0,1,0,0,0,81,7,74,4,0,4,9,1,8,0,0,0
490832,Undergraduate students,133,13,120,4,1,3,0,0,0,34,4,30,1,0,1,0,0,0,81,7,74,4,0,4,9,1,8,0,0,0
490841,Total students enrolled for credit,99,6,93,0,0,0,0,0,0,12,0,12,16,1,15,0,0,0,70,5,65,1,0,1,0,0,0,0,0,0
490841,Undergraduate students,99,6,93,0,0,0,0,0,0,12,0,12,16,1,15,0,0,0,70,5,65,1,0,1,0,0,0,0,0,0
490850,Total students enrolled for credit,10,1,9,10,1,9,0,0,0,0,0,0,0,0,0,0,0,0,0,0,0,0,0,0,0,0,0,0,0,0
490850,Undergraduate students,10,1,9,10,1,9,0,0,0,0,0,0,0,0,0,0,0,0,0,0,0,0,0,0,0,0,0,0,0,0
490869,Total students enrolled for credit,21,4,17,0,0,0,3,0,3,10,2,8,4,1,3,0,0,0,2,0,2,2,1,1,0,0,0,0,0,0
490869,Undergraduate students,21,4,17,0,0,0,3,0,3,10,2,8,4,1,3,0,0,0,2,0,2,2,1,1,0,0,0,0,0,0
490878,Total students enrolled for credit,197,51,146,2,0,2,15,7,8,8,1,7,114,36,78,3,1,2,47,4,43,7,1,6,1,1,0,0,0,0
490878,Undergraduate students,197,51,146,2,0,2,15,7,8,8,1,7,114,36,78,3,1,2,47,4,43,7,1,6,1,1,0,0,0,0
490948,Total students enrolled for credit,13,11,2,0,0,0,0,0,0,12,10,2,1,1,0,0,0,0,0,0,0,0,0,0,0,0,0,0,0,0
490948,Undergraduate students,13,11,2,0,0,0,0,0,0,12,10,2,1,1,0,0,0,0,0,0,0,0,0,0,0,0,0,0,0,0
490975,Total students enrolled for credit,418,73,345,1,0,1,1,0,1,98,12,86,274,51,223,1,0,1,25,3,22,6,2,4,12,5,7,0,0,0
490975,Undergraduate students,418,73,345,1,0,1,1,0,1,98,12,86,274,51,223,1,0,1,25,3,22,6,2,4,12,5,7,0,0,0
491048,Total students enrolled for credit,1,0,1,0,0,0,0,0,0,0,0,0,0,0,0,0,0,0,1,0,1,0,0,0,0,0,0,0,0,0
491048,Undergraduate students,1,0,1,0,0,0,0,0,0,0,0,0,0,0,0,0,0,0,1,0,1,0,0,0,0,0,0,0,0,0
491057,Total students enrolled for credit,97,97,0,0,0,0,0,0,0,0,0,0,0,0,0,0,0,0,97,97,0,0,0,0,0,0,0,0,0,0
491057,Undergraduate students,97,97,0,0,0,0,0,0,0,0,0,0,0,0,0,0,0,0,97,97,0,0,0,0,0,0,0,0,0,0
491084,Total students enrolled for credit,126,3,123,0,0,0,0,0,0,111,3,108,0,0,0,0,0,0,14,0,14,0,0,0,1,0,1,0,0,0
491084,Undergraduate students,126,3,123,0,0,0,0,0,0,111,3,108,0,0,0,0,0,0,14,0,14,0,0,0,1,0,1,0,0,0
491093,Total students enrolled for credit,46,9,37,1,0,1,0,0,0,4,2,2,18,4,14,0,0,0,21,3,18,0,0,0,2,0,2,0,0,0
491093,Undergraduate students,46,9,37,1,0,1,0,0,0,4,2,2,18,4,14,0,0,0,21,3,18,0,0,0,2,0,2,0,0,0
491109,Total students enrolled for credit,97,15,82,8,1,7,0,0,0,2,1,1,0,0,0,0,0,0,84,13,71,1,0,1,2,0,2,0,0,0
491109,Undergraduate students,97,15,82,8,1,7,0,0,0,2,1,1,0,0,0,0,0,0,84,13,71,1,0,1,2,0,2,0,0,0
491136,Total students enrolled for credit,104,3,101,0,0,0,1,0,1,25,0,25,18,0,18,1,0,1,27,2,25,5,0,5,27,1,26,0,0,0
491136,Undergraduate students,104,3,101,0,0,0,1,0,1,25,0,25,18,0,18,1,0,1,27,2,25,5,0,5,27,1,26,0,0,0
491145,Total students enrolled for credit,113,4,109,2,0,2,2,0,2,30,0,30,30,1,29,1,0,1,48,3,45,0,0,0,0,0,0,0,0,0
491145,Undergraduate students,113,4,109,2,0,2,2,0,2,30,0,30,30,1,29,1,0,1,48,3,45,0,0,0,0,0,0,0,0,0
491181,Total students enrolled for credit,33,11,22,0,0,0,0,0,0,0,0,0,0,0,0,0,0,0,33,11,22,0,0,0,0,0,0,0,0,0
491181,Undergraduate students,33,11,22,0,0,0,0,0,0,0,0,0,0,0,0,0,0,0,33,11,22,0,0,0,0,0,0,0,0,0
491224,Total students enrolled for credit,57,0,57,0,0,0,1,0,1,6,0,6,5,0,5,0,0,0,41,0,41,4,0,4,0,0,0,0,0,0
491224,Undergraduate students,57,0,57,0,0,0,1,0,1,6,0,6,5,0,5,0,0,0,41,0,41,4,0,4,0,0,0,0,0,0
491233,Total students enrolled for credit,17,3,14,1,0,1,2,2,0,12,0,12,0,0,0,0,0,0,2,1,1,0,0,0,0,0,0,0,0,0
491233,Undergraduate students,17,3,14,1,0,1,2,2,0,12,0,12,0,0,0,0,0,0,2,1,1,0,0,0,0,0,0,0,0,0
491242,Total students enrolled for credit,67,20,47,0,0,0,0,0,0,0,0,0,11,9,2,0,0,0,27,5,22,0,0,0,29,6,23,0,0,0
491242,Undergraduate students,67,20,47,0,0,0,0,0,0,0,0,0,11,9,2,0,0,0,27,5,22,0,0,0,29,6,23,0,0,0
491288,Total students enrolled for credit,627,227,400,0,0,0,15,12,3,26,11,15,16,11,5,0,0,0,558,186,372,10,5,5,2,2,0,0,0,0
491288,Undergraduate students,627,227,400,0,0,0,15,12,3,26,11,15,16,11,5,0,0,0,558,186,372,10,5,5,2,2,0,0,0,0
491297,Total students enrolled for credit,10,6,4,0,0,0,0,0,0,1,0,1,0,0,0,0,0,0,9,6,3,0,0,0,0,0,0,0,0,0
491297,Undergraduate students,10,6,4,0,0,0,0,0,0,1,0,1,0,0,0,0,0,0,9,6,3,0,0,0,0,0,0,0,0,0
491303,Total students enrolled for credit,362,149,213,0,0,0,7,5,2,13,9,4,1,1,0,1,0,1,318,124,194,17,7,10,2,2,0,3,1,2
491303,Undergraduate students,362,149,213,0,0,0,7,5,2,13,9,4,1,1,0,1,0,1,318,124,194,17,7,10,2,2,0,3,1,2
